{
  "skeleton": [
    {
      "name": "root",
      "parent": "root",
      "initpos": [
        0.061154,
        0,
        0.021722
      ],
      "initquaternion": [
        0.707106,
        0.000673,
        -0.000673,
        0.707106
      ],
      "initscale": [
        0.999999,
        0.999999,
        0.999999
      ],
      "offmtx": [
        [
          1,
          0,
          0,
          0
        ],
        [
          0,
          1,
          0,
          0
        ],
        [
          0,
          0,
          1,
          0
        ]
      ],
      "boundingbox": [
        [
          0,
          0,
          0
        ],
        [
          0,
          0,
          0
        ]
      ]
    },
    {
      "name": "Bone001",
      "parent": "root",
      "initpos": [
        -0.061112,
        -0.021838,
        0
      ],
      "initquaternion": [
        -0.000673,
        0.707106,
        0.000673,
        0.707106
      ],
      "initscale": [
        1,
        0.999999,
        0.999999
      ],
      "offmtx": [
        [
          3.1391647326017846e-7,
          0.999999,
          0,
          0
        ],
        [
          -7.709022611379623e-7,
          0,
          0.999999,
          0
        ],
        [
          1,
          -3.1391644483846903e-7,
          7.709022042945435e-7,
          0
        ]
      ],
      "boundingbox": [
        [
          -12.632503,
          -3.066268,
          -1.400218
        ],
        [
          8.365879,
          3.066267,
          1.400218
        ]
      ]
    },
    {
      "name": "Bone004",
      "parent": "Bone001",
      "initpos": [
        9.73624,
        -0.011477,
        0
      ],
      "initquaternion": [
        2.3215299904677522e-7,
        0.01981,
        3.0913167847756995e-7,
        0.999803
      ],
      "initscale": [
        0.999999,
        1,
        0.999999
      ],
      "offmtx": [
        [
          -0.039613,
          0.999215,
          2.8313232292020984e-7,
          -9.728597
        ],
        [
          -2.9443913263094146e-7,
          -2.950275188595697e-7,
          0.999999,
          0.011483
        ],
        [
          0.999215,
          0.039613,
          3.058949005207978e-7,
          -0.385681
        ]
      ],
      "boundingbox": [
        [
          -1.318298,
          -0.361568,
          -1.318155
        ],
        [
          1.317678,
          0.38459,
          1.317821
        ]
      ]
    },
    {
      "name": "Bone003",
      "parent": "Bone001",
      "initpos": [
        9.752189,
        0.532934,
        1.407027
      ],
      "initquaternion": [
        -0.001329,
        0.707105,
        -0.001329,
        0.707105
      ],
      "initscale": [
        0.999999,
        0.999999,
        1
      ],
      "offmtx": [
        [
          -0.999993,
          -1.1984155889877002e-7,
          -0.00376,
          1.409022
        ],
        [
          -0.00376,
          -1.6314608330958436e-7,
          0.999992,
          -0.527636
        ],
        [
          -1.204542030563971e-7,
          0.999999,
          1.6269430602733337e-7,
          -9.75219
        ]
      ],
      "boundingbox": [
        [
          0.472147,
          -1.687308,
          -0.89598
        ],
        [
          2.346211,
          0.632034,
          0.810448
        ]
      ]
    },
    {
      "name": "Bone002",
      "parent": "Bone001",
      "initpos": [
        13.189208,
        0.000004,
        0
      ],
      "initquaternion": [
        0,
        0,
        0,
        1
      ],
      "initscale": [
        1,
        1,
        1
      ],
      "offmtx": [
        [
          1.3907109064348333e-7,
          0.999999,
          0,
          -13.189209
        ],
        [
          -7.709022611379623e-7,
          0,
          0.999999,
          0
        ],
        [
          1,
          -1.3907107643262862e-7,
          7.709022042945435e-7,
          0.000001
        ]
      ],
      "boundingbox": [
        [
          -4.823332,
          -2.099998,
          -0.991081
        ],
        [
          6.970237,
          2.100001,
          0.988817
        ]
      ]
    },
    {
      "name": "Bone006",
      "parent": "Bone002",
      "initpos": [
        -1.39101,
        -1.687911,
        -9.536741458759934e-7
      ],
      "initquaternion": [
        0,
        -1.5904657857390703e-7,
        0.97622,
        -0.216778
      ],
      "initscale": [
        1,
        1,
        1
      ],
      "offmtx": [
        [
          2.391311682004016e-7,
          -0.906013,
          -0.423248,
          9.974925
        ],
        [
          3.7248020134938997e-7,
          0.423248,
          -0.906013,
          -6.522835
        ],
        [
          1,
          0,
          4.3868394072887895e-7,
          -2.9597472916975676e-7
        ]
      ],
      "boundingbox": [
        [
          -0.134451,
          -1.407686,
          -0.44255
        ],
        [
          4.364685,
          1.047035,
          0.442548
        ]
      ]
    },
    {
      "name": "Bone007",
      "parent": "Bone002",
      "initpos": [
        -1.846405,
        -1.485161,
        -9.536738616588991e-7
      ],
      "initquaternion": [
        2.723553507166798e-7,
        4.062099208113068e-7,
        -0.727532,
        0.686073
      ],
      "initscale": [
        1,
        1,
        1
      ],
      "offmtx": [
        [
          -1.8407953916721453e-7,
          -0.058606,
          -0.998281,
          -0.817843
        ],
        [
          -1.7246897243694548e-7,
          0.998281,
          -0.058606,
          -11.410346
        ],
        [
          1,
          1.613842215419936e-7,
          -1.9387097438539058e-7,
          -0.000002
        ]
      ],
      "boundingbox": [
        [
          -0.104819,
          -0.566574,
          -0.304154
        ],
        [
          2.521497,
          1.021122,
          0.298298
        ]
      ]
    },
    {
      "name": "Bone008",
      "parent": "Bone007",
      "initpos": [
        2.52133,
        -0.000002,
        3.00050487567205e-7
      ],
      "initquaternion": [
        0,
        -1.0370800396231061e-7,
        0.827329,
        0.561717
      ],
      "initscale": [
        0.999999,
        0.999999,
        1
      ],
      "offmtx": [
        [
          0,
          0.949475,
          0.313841,
          -9.373368
        ],
        [
          0,
          -0.313841,
          0.949475,
          7.313416
        ],
        [
          1,
          0,
          0,
          -2.6657409080144134e-7
        ]
      ],
      "boundingbox": [
        [
          -0.860988,
          -1.592205,
          -0.26464
        ],
        [
          4.7228,
          0.531583,
          0.258776
        ]
      ]
    },
    {
      "name": "Bone009",
      "parent": "Bone008",
      "initpos": [
        4.447414,
        0.029567,
        0
      ],
      "initquaternion": [
        2.349387813183057e-7,
        0,
        -0.067257,
        0.997735
      ],
      "initscale": [
        0.999999,
        0.999999,
        1
      ],
      "offmtx": [
        [
          1.006108547585427e-7,
          0.983006,
          0.183572,
          -14.673313
        ],
        [
          4.5319066543925146e-7,
          -0.183572,
          0.983006,
          5.36306
        ],
        [
          1,
          0,
          -4.639585711174732e-7,
          -0.000001
        ]
      ],
      "boundingbox": [
        [
          -0.004133,
          -0.376091,
          -0.070265
        ],
        [
          1.402856,
          0.337993,
          0.069742
        ]
      ]
    },
    {
      "name": "Bone005",
      "parent": "Bone002",
      "initpos": [
        -1.386886,
        1.695457,
        9.536747711536009e-7
      ],
      "initquaternion": [
        0,
        -5.731296823796583e-7,
        0.976528,
        0.215387
      ],
      "initscale": [
        0.999999,
        0.999999,
        1
      ],
      "offmtx": [
        [
          -1.1868188209973596e-7,
          -0.907216,
          0.420663,
          9.994046
        ],
        [
          -4.290187973765569e-7,
          -0.420663,
          -0.907216,
          6.502958
        ],
        [
          1,
          -2.8814284291911463e-7,
          -3.3928773746083607e-7,
          0.000004
        ]
      ],
      "boundingbox": [
        [
          -0.135321,
          -1.043853,
          -0.442548
        ],
        [
          4.365252,
          1.40948,
          0.442549
        ]
      ]
    },
    {
      "name": "Bone010",
      "parent": "Bone002",
      "initpos": [
        -1.919663,
        1.521068,
        9.5367431640625e-7
      ],
      "initquaternion": [
        1.9992263844414992e-7,
        -3.158374397571606e-7,
        0.717629,
        0.696425
      ],
      "initscale": [
        0.999999,
        0.999999,
        1
      ],
      "offmtx": [
        [
          0,
          -0.029982,
          0.99955,
          -1.182495
        ],
        [
          -1.5143294262998097e-7,
          -0.99955,
          -0.029982,
          11.310085
        ],
        [
          1,
          -1.5267481501268776e-7,
          0,
          0.000001
        ]
      ],
      "boundingbox": [
        [
          -0.129826,
          -1.027562,
          -0.304154
        ],
        [
          2.482363,
          0.498141,
          0.298298
        ]
      ]
    },
    {
      "name": "Bone011",
      "parent": "Bone010",
      "initpos": [
        2.481505,
        0.000342,
        2.1684651585474057e-7
      ],
      "initquaternion": [
        0,
        0,
        -0.818978,
        0.573824
      ],
      "initscale": [
        1,
        1,
        1
      ],
      "offmtx": [
        [
          1.572503407487602e-7,
          0.949714,
          -0.313115,
          -9.378955
        ],
        [
          0,
          0.313115,
          0.949714,
          -7.305508
        ],
        [
          1,
          -1.5267482922354247e-7,
          0,
          0.000001
        ]
      ],
      "boundingbox": [
        [
          -0.860105,
          -0.534286,
          -0.26464
        ],
        [
          4.723718,
          1.593191,
          0.258776
        ]
      ]
    },
    {
      "name": "Bone012",
      "parent": "Bone011",
      "initpos": [
        4.44168,
        0.009666,
        0
      ],
      "initquaternion": [
        0,
        0,
        0.068978,
        0.997618
      ],
      "initscale": [
        1,
        1,
        1
      ],
      "offmtx": [
        [
          1.5721843737992458e-7,
          0.98377,
          -0.179429,
          -14.695889
        ],
        [
          0,
          0.179429,
          0.98377,
          -5.343461
        ],
        [
          1,
          -1.5267481501268776e-7,
          0,
          0.000001
        ]
      ],
      "boundingbox": [
        [
          -0.002721,
          -0.380273,
          -0.070265
        ],
        [
          1.401366,
          0.327937,
          0.069741
        ]
      ]
    }
  ],
  "boundingbox": [
    [
      -1.400215,
      -12.632502,
      -5.611703
    ],
    [
      1.400215,
      20.159446,
      5.611703
    ]
  ]
}
