{"skeleton":[{"name":"root","parent":"root","initpos":[0.0,0.0,-0.0],"initquaternion":[0.707106,0.0,0.0,0.707106],"initscale":[1.0,0.999999,0.999999],"offmtx":[[1.0,0.0,0.0,0.0],[0.0,1.0,0.0,0.0],[0.0,0.0,1.0,0.0]],"boundingbox":[[0.0,0.0,0.0],[0.0,0.0,0.0]]},{"name":"bone_00","parent":"root","initpos":[0.0,-4.934300363856892e-07,-11.254277],"initquaternion":[-0.5,0.5,0.499999,0.5],"initscale":[1.0,1.0,1.0],"offmtx":[[1.0,0.0,0.0,0.0],[0.0,1.0,0.0,0.0],[0.0,0.0,1.0,0.0]],"boundingbox":[[0.0,0.0,0.0],[0.0,0.0,0.0]]},{"name":"bone_28","parent":"bone_00","initpos":[11.258112,-1e-06,-1e-06],"initquaternion":[0.0,0.0,0.0,1.0],"initscale":[1.0,1.0,1.0],"offmtx":[[1.0,0.0,0.0,0.0],[0.0,1.0,0.0,0.0],[0.0,0.0,1.0,0.0]],"boundingbox":[[0.0,0.0,0.0],[0.0,0.0,0.0]]},{"name":"bone_37","parent":"bone_28","initpos":[10.447868,-3.056998,4.949546],"initquaternion":[0.106277,0.021321,0.986872,-0.119724],"initscale":[1.0,0.999999,0.999999],"offmtx":[[0.231772,-0.948742,0.214869,29.498767],[0.970423,0.240836,0.016636,-10.98696],[-0.067532,0.204658,0.976501,-11.372394]],"boundingbox":[[-0.870321,-2.680846,-2.08516],[4.40907,2.533737,2.220039]]},{"name":"bone_38","parent":"bone_37","initpos":[3.618944,1e-06,-0.0],"initquaternion":[-0.024787,-0.027732,-0.012108,0.999234],"initscale":[0.999999,0.999999,0.999999],"offmtx":[[0.205415,-0.941035,0.268802,25.446063],[0.978172,0.206206,-0.02561,-9.752698],[-0.031328,0.268196,0.962854,-13.311347]],"boundingbox":[[-0.938403,-3.971046,-2.250771],[8.943819,3.929854,3.594032]]},{"name":"bone_39","parent":"bone_38","initpos":[4.637578,5e-06,-0.0],"initquaternion":[0.083147,-0.084589,-0.005055,0.992927],"initscale":[0.999999,0.999999,0.999999],"offmtx":[[0.173648,-0.887664,0.426493,18.519845],[0.958571,0.251648,0.13347,-11.910479],[-0.225803,0.385647,0.894588,-14.847774]],"boundingbox":[[0.896381,-3.88854,-3.548201],[4.306774,3.873806,2.893087]]},{"name":"bone_40","parent":"bone_39","initpos":[3.75613,-9.5367431640625e-07,-2e-06],"initquaternion":[0.080984,-0.003021,0.145749,0.985996],"initscale":[1.0,0.999999,0.999999],"offmtx":[[0.434632,-0.766328,0.47311,10.279778],[0.819414,0.554469,0.145338,-17.856925],[-0.373702,0.324504,0.868931,-12.479551]],"boundingbox":[[-1.076897,-3.808575,-3.648238],[3.97178,2.861207,3.049786]]},{"name":"bone_41","parent":"bone_40","initpos":[2.769207,7e-06,9.5367431640625e-07],"initquaternion":[-0.131961,-0.038624,-0.046165,0.989425],"initscale":[0.999999,1.0,0.999999],"offmtx":[[0.331862,-0.77702,0.534888,7.799528],[0.927773,0.371394,-0.036105,-13.181935],[-0.1706,0.508237,0.84415,-17.21692]],"boundingbox":[[-0.701212,-3.104998,-1.338068],[4.190888,2.753434,3.570442]]},{"name":"bone_42","parent":"bone_41","initpos":[2.511585,-2e-06,-1e-06],"initquaternion":[-0.005195,-0.246158,-0.032162,0.968681],"initscale":[0.999999,0.999999,1.0],"offmtx":[[0.154106,-0.460891,0.873974,-2.792674],[0.946346,0.323135,0.003538,-12.910263],[-0.284042,0.826536,0.485959,-17.990938]],"boundingbox":[[-1.153703,-3.192203,-2.353474],[3.302795,2.007103,1.130054]]},{"name":"bone_43","parent":"bone_42","initpos":[2.729392,1e-06,-1e-06],"initquaternion":[0.0,0.0,0.0,1.0],"initscale":[1.0,1.0,1.0],"offmtx":[[0.154106,-0.46089,0.873974,-5.52207],[0.946346,0.323134,0.003537,-12.910255],[-0.284042,0.826537,0.485959,-17.990943]],"boundingbox":[[-0.657076,-1.602864,-2.658426],[3.465197,1.881351,1.362221]]},{"name":"bone_29","parent":"bone_28","initpos":[10.447868,3.05692,4.94955],"initquaternion":[0.106277,-0.021322,0.986872,0.119723],"initscale":[1.0,0.999999,0.999999],"offmtx":[[-0.231772,-0.948742,0.214869,29.498788],[0.970423,-0.240836,-0.016636,10.986873],[0.067532,0.204658,0.9765,-11.372396]],"boundingbox":[[-0.717,-2.921534,-2.114376],[4.565779,2.29305,2.190824]]},{"name":"bone_30","parent":"bone_29","initpos":[3.618944,0.0,-9.5367431640625e-07],"initquaternion":[0.024787,-0.027732,0.012108,0.999234],"initscale":[0.999999,0.999999,0.999999],"offmtx":[[-0.205415,-0.941035,0.268802,25.446081],[0.978172,-0.206206,0.02561,9.752614],[0.031328,0.268196,0.962854,-13.31135]],"boundingbox":[[-0.544415,-4.122971,-2.232571],[5.939704,2.303316,3.500897]]},{"name":"bone_31","parent":"bone_30","initpos":[4.637578,-3e-06,-9.5367431640625e-07],"initquaternion":[-0.083147,-0.084589,0.005055,0.992927],"initscale":[0.999999,0.999999,0.999999],"offmtx":[[-0.173648,-0.887664,0.426493,18.519866],[0.958571,-0.251647,-0.13347,11.910391],[0.225803,0.385647,0.894588,-14.847786]],"boundingbox":[[-0.634243,-4.063054,-3.592775],[5.940599,3.69929,3.662208]]},{"name":"bone_32","parent":"bone_31","initpos":[3.75613,9.5367431640625e-07,9.5367431640625e-07],"initquaternion":[-0.080984,-0.003021,-0.145749,0.985996],"initscale":[0.999999,0.999999,1.0],"offmtx":[[-0.434632,-0.766328,0.47311,10.279815],[0.819414,-0.554469,-0.145338,17.856853],[0.373702,0.324505,0.868931,-12.479589]],"boundingbox":[[-0.822432,-1.628042,-3.722017],[3.607381,3.646798,2.976006]]},{"name":"bone_33","parent":"bone_32","initpos":[2.769209,-3e-06,-1e-06],"initquaternion":[0.131961,-0.038624,0.046165,0.989425],"initscale":[0.999999,0.999999,0.999999],"offmtx":[[-0.331862,-0.77702,0.534888,7.799553],[0.927772,-0.371394,0.036105,13.181839],[0.170599,0.508237,0.84415,-17.216932]],"boundingbox":[[-0.73691,-3.12638,-2.489117],[3.008015,1.308446,2.103767]]},{"name":"bone_34","parent":"bone_33","initpos":[2.511586,0.0,-3e-06],"initquaternion":[0.005195,-0.246158,0.032162,0.968681],"initscale":[1.0,0.999999,0.999999],"offmtx":[[-0.154105,-0.460891,0.873973,-2.792652],[0.946346,-0.323134,-0.003538,12.910168],[0.284041,0.826536,0.485959,-17.990962]],"boundingbox":[[-0.973902,-2.275481,-2.409546],[3.333214,3.005367,3.393803]]},{"name":"bone_35","parent":"bone_34","initpos":[2.729393,-1e-06,-0.0],"initquaternion":[0.0,0.0,0.0,1.0],"initscale":[1.0,1.0,1.0],"offmtx":[[-0.154106,-0.460891,0.873974,-5.522056],[0.946346,-0.323134,-0.003537,12.910161],[0.284041,0.826537,0.485959,-17.990966]],"boundingbox":[[-0.626655,-2.068194,-2.714497],[3.495618,1.416024,1.30615]]}],"boundingbox":[[-10.600209,13.841256,3.117506],[10.402868,34.530845,16.317934]]}