{"skeleton":[{"name":"root","parent":"root","initpos":[0.0,0.0,-0.0],"initquaternion":[0.707106,0.0,0.0,0.707106],"initscale":[1.0,0.999999,0.999999],"offmtx":[[1.0,0.0,0.0,0.0],[0.0,1.0,0.0,0.0],[0.0,0.0,1.0,0.0]],"boundingbox":[[0.0,0.0,0.0],[0.0,0.0,0.0]]},{"name":"bone_00","parent":"root","initpos":[0.0,-4.934300363856892e-07,-11.254277],"initquaternion":[-0.5,0.5,0.499999,0.5],"initscale":[1.0,1.0,1.0],"offmtx":[[1.0,0.0,0.0,0.0],[0.0,1.0,0.0,0.0],[0.0,0.0,1.0,0.0]],"boundingbox":[[0.0,0.0,0.0],[0.0,0.0,0.0]]},{"name":"bone_05","parent":"bone_00","initpos":[6.220541,-9.536747711536009e-07,2.152658],"initquaternion":[-0.06471,0.704139,-0.704139,-0.06471],"initscale":[0.999999,1.0,0.999999],"offmtx":[[-1.450736135666375e-07,-0.98325,0.182261,16.789773],[-2.741731464084296e-07,-0.182261,-0.98325,5.301583],[1.0,-1.9261479167198559e-07,-2.4313945345966204e-07,3e-06]],"boundingbox":[[0.151323,-0.376338,-3.24382],[6.203538,0.20147,3.197307]]},{"name":"bone_06","parent":"bone_05","initpos":[6.019204,4.76837158203125e-07,-1.3078010852041189e-07],"initquaternion":[0.0,2.380357670972444e-07,-0.056645,0.998394],"initscale":[1.0,1.0,1.0],"offmtx":[[-5.899684083487955e-07,-0.956324,0.292305,10.101794],[-2.888228038955276e-07,-0.292305,-0.956324,6.485808],[1.0,-6.486260417659651e-07,-1.0375715220334314e-07,8e-06]],"boundingbox":[[0.021153,-0.711219,-3.020984],[4.453233,0.21869,3.028925]]},{"name":"bone_07","parent":"bone_06","initpos":[3.956338,9.5367431640625e-07,9.253017765331606e-07],"initquaternion":[1.8643517307737056e-07,-2.0269200717848435e-07,-0.298358,0.954454],"initscale":[1.0,1.0,1.0],"offmtx":[[-0.0,-0.619585,0.784928,1.357433],[-0.0,-0.784928,-0.619585,8.831176],[1.0,-1.0432608377186625e-07,-0.0,3e-06]],"boundingbox":[[-0.606976,-1.889241,-4.033328],[7.258258,0.072067,4.033208]]},{"name":"bone_08","parent":"bone_07","initpos":[2.808085,-9.5367431640625e-07,0.0],"initquaternion":[-1.1648638320593818e-07,-0.0,-0.166754,0.985998],"initscale":[1.0,1.0,1.0],"offmtx":[[0.0,-0.327011,0.945019,-4.274021],[-3.3064827675843844e-07,-0.945019,-0.327011,7.863002],[1.0,-2.930890445895784e-07,-1.641323450485288e-07,5e-06]],"boundingbox":[[-0.013456,-0.899028,-5.156596],[5.933126,0.294205,5.228627]]},{"name":"bone_09","parent":"bone_08","initpos":[4.515529,-1e-06,-0.0],"initquaternion":[5.251669676908932e-07,0.0,-0.286622,0.958043],"initscale":[1.0,1.0,1.0],"offmtx":[[-2.457197751937201e-07,0.245716,0.969341,-11.663698],[7.099010872479994e-07,-0.969341,0.245716,1.743906],[1.0,7.485141395591199e-07,0.0,-1e-06]],"boundingbox":[[1.240578,-0.250144,-1.702669],[4.248962,0.598484,1.962693]]},{"name":"bone_10","parent":"bone_09","initpos":[4.213968,-3e-06,-0.0],"initquaternion":[6.121387059465633e-07,2.8290199338698585e-07,-0.345229,0.938518],"initscale":[1.0,1.0,1.0],"offmtx":[[-1e-06,0.815287,0.579055,-13.223013],[1e-06,-0.579055,0.815287,-8.960647],[1.0,2e-06,-1.6153794035744795e-07,-6e-06]],"boundingbox":[[-0.142061,-0.834916,-1.686899],[4.111631,0.238191,2.272687]]},{"name":"bone_103","parent":"bone_07","initpos":[3.755651,-0.10141,-2.156337],"initquaternion":[0.084876,0.117227,-0.196622,0.969738],"initscale":[0.999999,0.999999,0.999999],"offmtx":[[-0.260737,-0.270942,0.926609,-5.937744],[0.118516,-0.961533,-0.247804,7.406507],[0.958107,0.045206,0.282818,-0.281434]],"boundingbox":[[4.612088,0.004312,-1.758983],[4.671868,0.015448,-1.744092]]},{"name":"bone_12","parent":"bone_103","initpos":[4.862855,3e-06,-3e-06],"initquaternion":[-0.000149,0.000721,-0.202137,0.979356],"initscale":[0.999999,0.999999,0.999999],"offmtx":[[1.0,0.0,0.0,0.0],[0.0,1.0,0.0,0.0],[0.0,0.0,1.0,0.0]],"boundingbox":[[0.0,0.0,0.0],[0.0,0.0,0.0]]},{"name":"bone_13","parent":"bone_12","initpos":[1.460016,1e-06,0.0],"initquaternion":[0.002747,0.010607,-0.099609,0.994966],"initscale":[0.999999,0.999999,0.999999],"offmtx":[[-0.303613,0.324449,0.895851,-14.516807],[-0.048884,-0.944301,0.325429,-0.363332],[0.95154,0.055011,0.302563,-0.610614]],"boundingbox":[[-0.24688,-0.20145,-1.950641],[2.766992,0.221241,1.911197]]},{"name":"bone_14","parent":"bone_13","initpos":[2.527997,-0.026031,0.85197],"initquaternion":[0.011254,0.036265,-0.312322,0.949217],"initscale":[0.999999,0.999999,0.999999],"offmtx":[[-0.286838,0.815252,0.503077,-13.364005],[-0.220827,-0.567271,0.793371,-10.3897],[0.932179,0.116476,0.342745,-2.497181]],"boundingbox":[[-0.073136,-0.983221,-0.979414],[3.231224,0.074425,0.961917]]},{"name":"bone_16","parent":"bone_13","initpos":[2.153566,0.247273,-1.011114],"initquaternion":[0.068489,0.163992,-0.230703,0.956656],"initscale":[0.999999,0.999999,1.0],"offmtx":[[-0.563118,0.649071,0.511472,-13.881709],[-0.131369,-0.681375,0.720048,-8.250597],[0.815867,0.33828,0.468963,-4.202428]],"boundingbox":[[-0.042036,-0.783193,-0.914288],[5.22962,-0.017366,1.287759]]},{"name":"bone_104","parent":"bone_07","initpos":[3.75565,-0.101408,2.156001],"initquaternion":[0.969738,-0.196621,0.117227,0.084876],"initscale":[0.999999,0.999999,0.999999],"offmtx":[[0.260737,-0.270942,0.92661,-5.937653],[0.118517,0.961533,0.247804,-7.406468],[-0.958107,0.045207,0.282819,-0.281767]],"boundingbox":[[4.533072,0.009595,-1.854289],[4.806818,0.434643,1.580102]]},{"name":"bone_18","parent":"bone_104","initpos":[4.862873,3e-06,-6.8e-05],"initquaternion":[0.000149,0.000721,0.202137,0.979356],"initscale":[0.999999,0.999999,1.0],"offmtx":[[0.28765,0.131836,0.948618,-12.849961],[0.005038,0.990257,-0.139151,-2.525149],[-0.957721,0.044806,0.284183,-0.2976]],"boundingbox":[[-0.347009,0.147042,-1.884563],[1.572673,0.281668,1.794396]]},{"name":"bone_19","parent":"bone_18","initpos":[1.460016,9.5367431640625e-07,-4.172325134277344e-07],"initquaternion":[-0.002747,0.010607,0.099609,0.994966],"initscale":[0.999999,0.999999,0.999999],"offmtx":[[0.303615,0.324448,0.895851,-14.516724],[-0.048883,0.944301,-0.325428,0.36331],[-0.951539,0.055012,0.302564,-0.610885]],"boundingbox":[[-0.344109,-0.121253,-2.06277],[2.669765,0.639029,2.382595]]},{"name":"bone_22","parent":"bone_19","initpos":[2.153564,-0.247277,-1.011113],"initquaternion":[-0.068488,0.163992,0.230703,0.956656],"initscale":[0.999999,0.999999,0.999999],"offmtx":[[0.563119,0.64907,0.511471,-13.881545],[-0.13137,0.681375,-0.720047,8.250558],[-0.815866,0.33828,0.468964,-4.202663]],"boundingbox":[[-0.043064,0.157085,-1.026102],[5.228595,0.922916,1.175942]]},{"name":"bone_20","parent":"bone_19","initpos":[2.527999,0.026028,0.851971],"initquaternion":[-0.011254,0.036265,0.312322,0.949217],"initscale":[0.999999,0.999999,0.999999],"offmtx":[[0.286839,0.815251,0.503077,-13.363925],[-0.220828,0.567271,-0.793371,10.389632],[-0.932178,0.116476,0.342746,-2.497452]],"boundingbox":[[0.03471,0.016436,-1.120085],[3.339072,1.074082,0.821248]]},{"name":"bone_26","parent":"bone_05","initpos":[3.4571,0.113672,3.719],"initquaternion":[0.991552,0.018108,0.128417,-0.002345],"initscale":[0.999999,0.999999,0.999999],"offmtx":[[0.254749,-0.956611,0.141412,12.119958],[5.774199394181778e-07,0.146237,0.989249,-4.697624],[-0.967007,-0.25201,0.037254,7.038778]],"boundingbox":[[-0.055855,-0.160066,-1.661623],[6.988167,0.180401,1.521188]]},{"name":"bone_24","parent":"bone_05","initpos":[3.457098,0.113671,-3.719361],"initquaternion":[-0.002345,0.128417,0.018108,0.991552],"initscale":[0.999999,0.999999,0.999999],"offmtx":[[-0.254749,-0.956611,0.141412,12.119868],[1.0058282384761696e-07,-0.146237,-0.989249,4.697626],[0.967006,-0.25201,0.037254,7.039134]],"boundingbox":[[-0.075155,-0.176455,-1.59063],[6.968868,0.164011,1.59207]]}],"boundingbox":[[-8.756288,4.027899,2.053187],[8.828318,17.345811,17.378259]]}