{"skeleton":[{"name":"root","parent":"root","initpos":[0.0,0.0,-0.0],"initquaternion":[0.707106,0.0,0.0,0.707106],"initscale":[1.0,0.999999,0.999999],"offmtx":[[1.0,0.0,0.0,0.0],[0.0,1.0,0.0,0.0],[0.0,0.0,1.0,0.0]],"boundingbox":[[0.0,0.0,0.0],[0.0,0.0,0.0]]},{"name":"Bone001","parent":"root","initpos":[4.223304870265565e-07,6.781553,-33.795871],"initquaternion":[0.706611,0.02646,0.706611,0.02646],"initscale":[0.999999,0.999999,1.0],"offmtx":[[0.0,-0.997199,0.07479,33.194023],[-0.0,-0.07479,-0.997199,9.290157],[1.0,0.0,-0.0,-0.0]],"boundingbox":[[-0.41239,-2.227566,-2.999202],[5.192888,3.057591,3.000798]]},{"name":"Bone002","parent":"Bone001","initpos":[4.948759,-9.5367431640625e-07,-0.0],"initquaternion":[0.0,0.0,-0.067605,0.997712],"initscale":[0.999999,0.999999,1.0],"offmtx":[[0.0,-0.977994,0.208629,26.733823],[-0.0,-0.208629,-0.977994,13.015548],[1.0,0.0,-0.0,0.0]],"boundingbox":[[-0.276212,-1.808067,-2.832351],[5.206547,2.157758,2.833947]]},{"name":"Bone003","parent":"Bone002","initpos":[4.731204,9.5367431640625e-07,-0.0],"initquaternion":[0.0,0.0,-0.047834,0.998855],"initscale":[0.999999,0.999999,1.0],"offmtx":[[0.0,-0.953582,0.301131,20.65818],[-0.0,-0.301131,-0.953582,15.058534],[1.0,0.0,-0.0,0.0]],"boundingbox":[[-0.078834,-1.714016,-2.710638],[5.076487,2.113895,2.712234]]},{"name":"Bone004","parent":"Bone003","initpos":[4.916687,6e-06,-0.0],"initquaternion":[0.0,0.0,-0.130057,0.991506],"initscale":[1.0,1.0,1.0],"offmtx":[[0.0,-0.843659,0.536878,11.325265],[-0.0,-0.536878,-0.843659,18.608932],[1.0,0.0,-0.0,1.8624510289555474e-07]],"boundingbox":[[-0.335673,-1.253416,-2.512817],[1.84327,1.347227,2.514414]]},{"name":"Bone005","parent":"Bone004","initpos":[1.608688,0.0,-0.0],"initquaternion":[0.0,0.0,-0.084252,0.996444],"initscale":[1.0,1.0,1.0],"offmtx":[[0.0,-0.741537,0.670911,6.454093],[-0.0,-0.670911,-0.741537,19.976209],[1.0,0.0,-0.0,2.3184676933851733e-07]],"boundingbox":[[-0.21477,-1.029756,-1.999201],[1.889402,1.203401,2.000798]]},{"name":"Bone006","parent":"Bone005","initpos":[1.747044,1e-06,-0.0],"initquaternion":[0.0,0.0,-0.184787,0.982778],"initscale":[1.0,1.0,1.0],"offmtx":[[0.0,-0.447212,0.894427,-2.869977],[-0.0,-0.894427,-0.447212,20.321617],[1.0,0.0,-0.0,2.906420206727489e-07]],"boundingbox":[[-0.23349,-0.738749,-1.000001],[0.865633,1.002555,0.999998]]}],"boundingbox":[[-2.999201,15.654026,3.999997],[3.000799,34.000797,12.732912]]}