{
  "skeleton": [
    {
      "name": "root",
      "parent": "root",
      "initpos": [
        -0.171749,
        -0.001137,
        0
      ],
      "initquaternion": [
        -1.1920863585146435e-7,
        0,
        0.003311,
        0.999994
      ],
      "initscale": [
        0.999999,
        0.999999,
        0.999999
      ],
      "offmtx": [
        [
          1,
          0,
          0,
          0
        ],
        [
          0,
          1,
          0,
          0
        ],
        [
          0,
          0,
          1,
          0
        ]
      ],
      "boundingbox": [
        [
          0,
          0,
          0
        ],
        [
          0,
          0,
          0
        ]
      ]
    },
    {
      "name": "Bone36",
      "parent": "root",
      "initpos": [
        -5.198307,
        23.236232,
        2.274114
      ],
      "initquaternion": [
        -0.064222,
        -0.067253,
        -0.827754,
        0.553331
      ],
      "initscale": [
        1,
        0.999999,
        0.999999
      ],
      "offmtx": [
        [
          -0.373383,
          -0.909898,
          0.180747,
          18.701414
        ],
        [
          0.927169,
          -0.372471,
          0.040266,
          13.512532
        ],
        [
          0.030684,
          0.182618,
          0.982704,
          -6.307537
        ]
      ],
      "boundingbox": [
        [
          -2.13758,
          -4.221067,
          -0.262171
        ],
        [
          10.357065,
          2.201384,
          2.561387
        ]
      ]
    },
    {
      "name": "Bone41",
      "parent": "Bone36",
      "initpos": [
        7.090345,
        0.000005,
        -4.76837158203125e-7
      ],
      "initquaternion": [
        -0.020239,
        -0.155063,
        0.006585,
        0.987675
      ],
      "initscale": [
        0.999999,
        0.999999,
        0.999999
      ],
      "offmtx": [
        [
          -0.328123,
          -0.817357,
          0.473561,
          9.381927
        ],
        [
          0.927553,
          -0.373683,
          -0.002281,
          13.687173
        ],
        [
          0.178827,
          0.438505,
          0.880757,
          -9.046035
        ]
      ],
      "boundingbox": [
        [
          -0.124223,
          -1.793436,
          -0.334353
        ],
        [
          3.087847,
          2.308196,
          0.651872
        ]
      ]
    },
    {
      "name": "Bone39",
      "parent": "Bone41",
      "initpos": [
        3.012158,
        -0.000015,
        0.000019
      ],
      "initquaternion": [
        0.008546,
        -0.096696,
        0.008816,
        0.995238
      ],
      "initscale": [
        0.999999,
        0.999999,
        1
      ],
      "offmtx": [
        [
          -0.272745,
          -0.72342,
          0.63425,
          4.724765
        ],
        [
          0.936311,
          -0.351162,
          0.002107,
          13.422275
        ],
        [
          0.2212,
          0.59443,
          0.773124,
          -10.356795
        ]
      ],
      "boundingbox": [
        [
          -0.178567,
          -1.681143,
          -0.717066
        ],
        [
          3.084946,
          2.426084,
          0.357048
        ]
      ]
    },
    {
      "name": "Bone38",
      "parent": "Bone39",
      "initpos": [
        3.032643,
        0.000018,
        -0.000031
      ],
      "initquaternion": [
        0.00425,
        -0.056639,
        -0.000774,
        0.998385
      ],
      "initscale": [
        0.999999,
        0.999999,
        0.999998
      ],
      "offmtx": [
        [
          -0.247879,
          -0.650841,
          0.717608,
          0.482787
        ],
        [
          0.937882,
          -0.346824,
          0.009412,
          13.334761
        ],
        [
          0.242758,
          0.675365,
          0.696383,
          -10.594048
        ]
      ],
      "boundingbox": [
        [
          -0.287169,
          -1.563887,
          -0.777006
        ],
        [
          8.005595,
          2.484622,
          0.35187
        ]
      ]
    },
    {
      "name": "Bone050",
      "parent": "Bone36",
      "initpos": [
        4.737117,
        0.62726,
        0.045082
      ],
      "initquaternion": [
        0.042398,
        0.057193,
        0.983278,
        -0.167613
      ],
      "initscale": [
        -1,
        -0.999998,
        -0.999999
      ],
      "offmtx": [
        [
          -0.05309,
          -0.995196,
          0.082239,
          17.965688
        ],
        [
          0.990878,
          -0.062716,
          -0.119276,
          8.030545
        ],
        [
          -0.123861,
          -0.075156,
          -0.989449,
          3.759189
        ]
      ],
      "boundingbox": [
        [
          -0.273521,
          -2.033243,
          -0.174943
        ],
        [
          2.815701,
          2.007413,
          0.425547
        ]
      ]
    },
    {
      "name": "Bone051",
      "parent": "Bone050",
      "initpos": [
        2.821547,
        0.000005,
        0.000001
      ],
      "initquaternion": [
        -0.002942,
        0.0936,
        0.016396,
        0.99547
      ],
      "initscale": [
        0.999999,
        1,
        0.999999
      ],
      "offmtx": [
        [
          0.002762,
          -0.965223,
          0.261407,
          14.427476
        ],
        [
          0.992436,
          -0.029436,
          -0.119179,
          7.512887
        ],
        [
          -0.12273,
          -0.259759,
          -0.957842,
          6.585638
        ]
      ],
      "boundingbox": [
        [
          -0.108315,
          -1.994718,
          -0.197166
        ],
        [
          2.960805,
          2.008832,
          0.461159
        ]
      ]
    },
    {
      "name": "Bone052",
      "parent": "Bone051",
      "initpos": [
        3.058977,
        -9.5367431640625e-7,
        -0.000009
      ],
      "initquaternion": [
        0.008911,
        0.066546,
        -0.001601,
        0.997742
      ],
      "initscale": [
        1,
        1,
        1
      ],
      "offmtx": [
        [
          0.017045,
          -0.922109,
          0.386552,
          10.377943
        ],
        [
          0.990129,
          -0.038224,
          -0.134845,
          7.677182
        ],
        [
          -0.139118,
          -0.385035,
          -0.912355,
          7.90039
        ]
      ],
      "boundingbox": [
        [
          -0.197183,
          -1.994061,
          -0.21596
        ],
        [
          2.89909,
          2.062511,
          0.408278
        ]
      ]
    },
    {
      "name": "Bone053",
      "parent": "Bone052",
      "initpos": [
        2.932952,
        0.000014,
        -0.000012
      ],
      "initquaternion": [
        -0.005407,
        0.094791,
        0.016495,
        0.995345
      ],
      "initscale": [
        0.999998,
        0.999999,
        0.999999
      ],
      "offmtx": [
        [
          0.074505,
          -0.833527,
          0.547431,
          6.05916
        ],
        [
          0.990017,
          -0.004035,
          -0.140885,
          7.360082
        ],
        [
          -0.11964,
          -0.552463,
          -0.824906,
          9.26817
        ]
      ],
      "boundingbox": [
        [
          -0.091764,
          -1.937157,
          -0.280672
        ],
        [
          2.977519,
          2.067031,
          0.332297
        ]
      ]
    },
    {
      "name": "Bone054",
      "parent": "Bone053",
      "initpos": [
        3.023255,
        0.000024,
        0.000024
      ],
      "initquaternion": [
        0.003931,
        0.065189,
        0.00203,
        0.997863
      ],
      "initscale": [
        1,
        1,
        1
      ],
      "offmtx": [
        [
          0.093954,
          -0.754587,
          0.649437,
          1.838037
        ],
        [
          0.988744,
          -0.005565,
          -0.149508,
          7.424196
        ],
        [
          -0.116432,
          -0.656175,
          -0.745571,
          9.528306
        ]
      ],
      "boundingbox": [
        [
          -0.109135,
          -1.934226,
          -0.462288
        ],
        [
          4.941145,
          2.105718,
          0.270423
        ]
      ]
    },
    {
      "name": "Bone35",
      "parent": "root",
      "initpos": [
        5.617067,
        22.854547,
        2.673889
      ],
      "initquaternion": [
        -0.082862,
        -0.067886,
        -0.569579,
        0.814926
      ],
      "initscale": [
        1,
        0.999999,
        0.999999
      ],
      "offmtx": [
        [
          0.348006,
          -0.914794,
          0.205038,
          18.490465
        ],
        [
          0.937325,
          0.34364,
          -0.05772,
          -12.835074
        ],
        [
          -0.017656,
          0.212275,
          0.97705,
          -7.375266
        ]
      ],
      "boundingbox": [
        [
          -2.628625,
          -2.001535,
          -0.724857
        ],
        [
          7.123496,
          4.209729,
          1.99858
        ]
      ]
    },
    {
      "name": "Bone32",
      "parent": "Bone35",
      "initpos": [
        6.052897,
        -9.5367431640625e-7,
        -9.5367431640625e-7
      ],
      "initquaternion": [
        0.011662,
        -0.078931,
        -0.0143,
        0.996709
      ],
      "initscale": [
        0.999999,
        0.999999,
        0.999999
      ],
      "offmtx": [
        [
          0.31231,
          -0.880121,
          0.357557,
          11.509037
        ],
        [
          0.945516,
          0.324427,
          -0.027294,
          -12.682782
        ],
        [
          -0.091978,
          0.346601,
          0.933492,
          -8.973066
        ]
      ],
      "boundingbox": [
        [
          0.446112,
          -1.989103,
          -0.726601
        ],
        [
          4.064439,
          2.649382,
          1.36967
        ]
      ]
    },
    {
      "name": "Bone34",
      "parent": "Bone32",
      "initpos": [
        3.284886,
        -9.5367431640625e-7,
        9.5367431640625e-7
      ],
      "initquaternion": [
        -0.020492,
        -0.088245,
        0.003037,
        0.995883
      ],
      "initscale": [
        0.999999,
        0.999999,
        0.999999
      ],
      "offmtx": [
        [
          0.300426,
          -0.802384,
          0.515676,
          6.39728
        ],
        [
          0.947748,
          0.311958,
          -0.066743,
          -12.320857
        ],
        [
          -0.107316,
          0.508783,
          0.854179,
          -10.783171
        ]
      ],
      "boundingbox": [
        [
          0.078136,
          -2.084764,
          -0.761125
        ],
        [
          3.282959,
          1.985181,
          0.325305
        ]
      ]
    },
    {
      "name": "Bone01",
      "parent": "Bone34",
      "initpos": [
        3.639581,
        0.000008,
        0.000001
      ],
      "initquaternion": [
        -0.059084,
        -0.176739,
        -0.006019,
        0.982464
      ],
      "initscale": [
        0.999999,
        0.999999,
        0.999999
      ],
      "offmtx": [
        [
          0.252874,
          -0.572321,
          0.780065,
          -1.278823
        ],
        [
          0.96312,
          0.225524,
          -0.146752,
          -10.914796
        ],
        [
          -0.091934,
          0.788407,
          0.608244,
          -12.446567
        ]
      ],
      "boundingbox": [
        [
          -0.759885,
          -2.093542,
          -0.965501
        ],
        [
          7.677842,
          1.825781,
          0.655935
        ]
      ]
    },
    {
      "name": "Bone045",
      "parent": "Bone35",
      "initpos": [
        4.397557,
        -0.231503,
        -0.536312
      ],
      "initquaternion": [
        0.982178,
        -0.161097,
        -0.05936,
        -0.076485
      ],
      "initscale": [
        0.999998,
        0.999999,
        1
      ],
      "offmtx": [
        [
          0.041878,
          -0.996475,
          0.072687,
          18.102081
        ],
        [
          -0.988679,
          -0.051821,
          -0.140806,
          8.110935
        ],
        [
          0.144077,
          -0.065967,
          -0.987365,
          3.280073
        ]
      ],
      "boundingbox": [
        [
          -0.23874,
          -1.800128,
          -0.324482
        ],
        [
          2.799692,
          2.206637,
          0.218251
        ]
      ]
    },
    {
      "name": "Bone046",
      "parent": "Bone045",
      "initpos": [
        2.8215,
        4.76837158203125e-7,
        -4.76837158203125e-7
      ],
      "initquaternion": [
        -0.002148,
        0.093613,
        0.016321,
        0.995472
      ],
      "initscale": [
        0.999999,
        0.999999,
        0.999999
      ],
      "offmtx": [
        [
          -0.017471,
          -0.967842,
          0.250948,
          14.653355
        ],
        [
          -0.989697,
          -0.018931,
          -0.141914,
          7.599833
        ],
        [
          0.142102,
          -0.250842,
          -0.95754,
          6.128941
        ]
      ],
      "boundingbox": [
        [
          -0.090074,
          -1.846487,
          -0.342765
        ],
        [
          3.046087,
          2.207437,
          0.212473
        ]
      ]
    },
    {
      "name": "Bone047",
      "parent": "Bone046",
      "initpos": [
        3.059017,
        0.000001,
        0
      ],
      "initquaternion": [
        0.001564,
        0.094052,
        -0.000578,
        0.995565
      ],
      "initscale": [
        0.999999,
        0.999999,
        0.999999
      ],
      "offmtx": [
        [
          -0.042924,
          -0.903727,
          0.425951,
          10.234903
        ],
        [
          -0.989289,
          -0.021085,
          -0.14443,
          7.634994
        ],
        [
          0.139506,
          -0.427589,
          -0.893143,
          8.167231
        ]
      ],
      "boundingbox": [
        [
          -0.088664,
          -1.851557,
          -0.336219
        ],
        [
          2.979953,
          2.155418,
          0.256202
        ]
      ]
    },
    {
      "name": "Bone048",
      "parent": "Bone047",
      "initpos": [
        2.932973,
        0.000015,
        0
      ],
      "initquaternion": [
        -0.005286,
        0.088253,
        0.01665,
        0.995944
      ],
      "initscale": [
        0.999999,
        0.999999,
        0.999999
      ],
      "offmtx": [
        [
          -0.098667,
          -0.814586,
          0.571588,
          5.993066
        ],
        [
          -0.988281,
          0.012988,
          -0.152086,
          7.319337
        ],
        [
          0.116463,
          -0.579896,
          -0.806322,
          9.424709
        ]
      ],
      "boundingbox": [
        [
          -0.033079,
          -1.909362,
          -0.293953
        ],
        [
          3.103869,
          2.14888,
          0.352282
        ]
      ]
    },
    {
      "name": "Bone049",
      "parent": "Bone048",
      "initpos": [
        3.310923,
        0.000033,
        0
      ],
      "initquaternion": [
        0.00399,
        0.041885,
        0.002129,
        0.999112
      ],
      "initscale": [
        0.999999,
        0.999999,
        0.999999
      ],
      "offmtx": [
        [
          -0.112601,
          -0.763136,
          0.636352,
          1.917645
        ],
        [
          -0.986904,
          0.011454,
          -0.160894,
          7.385318
        ],
        [
          0.115495,
          -0.646136,
          -0.754432,
          9.558816
        ]
      ],
      "boundingbox": [
        [
          -0.31584,
          -1.908342,
          -0.490003
        ],
        [
          4.734717,
          2.092844,
          0.315295
        ]
      ]
    }
  ],
  "boundingbox": [
    [
      -12.646918,
      4.073226,
      2.260056
    ],
    [
      12.646918,
      26.869087,
      12.869719
    ]
  ]
}
