{"skeleton":[{"name":"root","parent":"root","initpos":[0.0,0.0,-0.0],"initquaternion":[0.707106,0.0,0.0,0.707106],"initscale":[1.0,0.999999,0.999999],"offmtx":[[1.0,0.0,0.0,0.0],[0.0,1.0,0.0,0.0],[0.0,0.0,1.0,0.0]],"boundingbox":[[0.0,0.0,0.0],[0.0,0.0,0.0]]},{"name":"Bone28","parent":"root","initpos":[4.203599,-2.267096,-27.388969],"initquaternion":[-0.175101,0.073736,0.492469,0.849338],"initscale":[1.0,0.999999,0.999999],"offmtx":[[0.504073,0.297719,0.810723,-8.435165],[-0.862369,0.224815,0.453626,-1.503984],[-0.047209,-0.927804,0.370067,26.449035]],"boundingbox":[[-0.003317,-0.18778,-2.276569],[6.496754,0.034045,2.249249]]},{"name":"Bone37","parent":"root","initpos":[-2.951999,-1.016064,-30.909242],"initquaternion":[-0.200156,0.547362,0.615366,0.530711],"initscale":[0.999999,0.999999,1.0],"offmtx":[[-0.356564,0.827323,0.434048,-26.183498],[-0.872281,-0.461206,0.162522,11.845699],[0.334644,-0.320662,0.886108,11.799662]],"boundingbox":[[-0.032155,-1.478756,-0.584557],[8.022075,2.796195,1.562914]]},{"name":"Bone40","parent":"root","initpos":[-4.305,-4.17526,-29.786769],"initquaternion":[-0.019582,0.064928,0.819,0.569771],"initscale":[1.0,1.0,0.999999],"offmtx":[[-0.349954,0.106065,0.930742,-0.7798],[-0.935828,-0.084038,-0.34229,-2.954655],[0.041913,-0.990801,0.128668,30.230428]],"boundingbox":[[-0.283957,-0.52875,-2.209818],[3.983003,0.451128,2.95254]]},{"name":"Bone33","parent":"root","initpos":[4.304584,-4.17526,-29.786769],"initquaternion":[-0.064928,0.019582,0.569771,0.819],"initscale":[0.999999,0.999999,0.999999],"offmtx":[[0.349954,0.106065,0.930742,-0.779655],[-0.935828,0.084038,0.34229,2.954265],[-0.041913,-0.990801,0.128668,30.230419]],"boundingbox":[[-0.070356,-0.451518,-2.209836],[3.983147,0.850156,2.952524]]},{"name":"Bone31","parent":"root","initpos":[-4.406,-2.267096,-27.388969],"initquaternion":[-0.073736,0.175101,0.849338,0.492469],"initscale":[0.999999,0.999999,0.999999],"offmtx":[[-0.504073,0.297719,0.810723,-8.537189],[-0.862369,-0.224815,-0.453626,1.329435],[0.047209,-0.927804,0.370067,26.458593]],"boundingbox":[[-0.10534,-0.208587,-2.267011],[6.394731,0.013236,2.258805]]},{"name":"Bone30","parent":"root","initpos":[-3.062999,-4.105278,-28.829113],"initquaternion":[0.503325,0.496651,-0.496658,0.503319],"initscale":[0.999999,0.999999,0.999999],"offmtx":[[0.013334,0.999911,-0.0,-28.785709],[0.999911,-0.013334,-1e-05,3.447109],[-1e-05,1.1429336410628821e-07,-0.999999,-4.105315]],"boundingbox":[[-0.600668,-1.290457,-8.405286],[4.016839,2.521567,0.194732]]},{"name":"Bone29","parent":"root","initpos":[2.952189,-1.016064,-30.909242],"initquaternion":[-0.547362,0.200156,0.530711,0.615366],"initscale":[1.0,0.999999,0.999999],"offmtx":[[0.356564,0.827323,0.434047,-26.183555],[-0.872281,0.461206,-0.162522,-11.845531],[-0.334643,-0.320662,0.886108,11.799716]],"boundingbox":[[-0.032223,-2.796031,-0.584488],[8.022003,1.478921,1.562984]]},{"name":"Bone42","parent":"root","initpos":[3.063301,-4.105278,-28.829113],"initquaternion":[0.496653,0.503324,-0.503321,0.496656],"initscale":[0.999999,0.999999,1.0],"offmtx":[[-0.013334,0.999911,-0.0,-28.785703],[0.999911,0.013334,4e-06,-3.447447],[4e-06,-0.0,-0.999999,-4.105291]],"boundingbox":[[-0.600663,-2.521866,-8.405281],[4.016843,1.290147,0.194725]]}],"boundingbox":[[-7.851759,25.266855,-4.300004],[7.851759,37.359535,4.299997]]}