{"skeleton":[{"name":"root","parent":"root","initpos":[0.0,0.0,-0.0],"initquaternion":[0.707106,0.0,0.0,0.707106],"initscale":[1.0,0.999999,0.999999],"offmtx":[[1.0,0.0,0.0,0.0],[0.0,1.0,0.0,0.0],[0.0,0.0,1.0,0.0]],"boundingbox":[[0.0,0.0,0.0],[0.0,0.0,0.0]]},{"name":"Bip001","parent":"root","initpos":[0.0,3.129168248960923e-07,-12.150652],"initquaternion":[0.0,0.0,0.0,1.0],"initscale":[1.0,1.0,1.0],"offmtx":[[1.0,0.0,0.0,0.0],[0.0,1.0,0.0,0.0],[0.0,0.0,1.0,0.0]],"boundingbox":[[0.0,0.0,0.0],[0.0,0.0,0.0]]},{"name":"Bip001_Pelvis","parent":"Bip001","initpos":[0.0,0.0,-0.0],"initquaternion":[0.707107,1e-06,-0.707106,1e-06],"initscale":[1.0,1.0,1.0],"offmtx":[[1.0,0.0,0.0,0.0],[0.0,1.0,0.0,0.0],[0.0,0.0,1.0,0.0]],"boundingbox":[[0.0,0.0,0.0],[0.0,0.0,0.0]]},{"name":"Bip001_Spine","parent":"Bip001_Pelvis","initpos":[0.023964,-0.010013,0.0],"initquaternion":[2e-06,6.404162604667363e-07,0.000398,0.999999],"initscale":[0.999999,0.999999,1.0],"offmtx":[[1.0,0.0,0.0,0.0],[0.0,1.0,0.0,0.0],[0.0,0.0,1.0,0.0]],"boundingbox":[[0.0,0.0,0.0],[0.0,0.0,0.0]]},{"name":"Bone06","parent":"Bip001_Spine","initpos":[0.000404,0.010014,0.009543],"initquaternion":[0.70715,5.5e-05,-0.000618,0.707062],"initscale":[0.999999,0.999999,0.999999],"offmtx":[[1.0,0.0,0.0,0.0],[0.0,1.0,0.0,0.0],[0.0,0.0,1.0,0.0]],"boundingbox":[[0.0,0.0,0.0],[0.0,0.0,0.0]]},{"name":"Bone35","parent":"Bone06","initpos":[11.031379,-5.350747,2.274799],"initquaternion":[0.201497,0.034194,0.967511,-0.148832],"initscale":[1.0,0.999999,1.0],"offmtx":[[0.389468,-0.915508,0.100791,18.927322],[0.921039,0.387129,-0.042619,-13.814387],[-8.270142757282883e-07,0.109432,0.993994,-4.799417]],"boundingbox":[[-0.188576,-5.154959,-0.231654],[9.715551,2.559424,2.388385]]},{"name":"Bone32","parent":"Bone35","initpos":[4.402096,-1e-06,-0.0],"initquaternion":[0.011856,-0.090322,-0.019961,0.995641],"initscale":[0.999999,0.999999,1.0],"offmtx":[[0.344221,-0.896427,0.279158,13.994395],[0.934693,0.355261,-0.011731,-13.383866],[-0.088657,0.264965,0.960173,-7.062768]],"boundingbox":[[3.102127,-4.50673,-0.228787],[11.26839,2.299614,2.548756]]},{"name":"Bone34","parent":"Bone32","initpos":[4.079478,0.0,9.5367431640625e-07],"initquaternion":[-0.030874,-0.078707,0.003248,0.996414],"initscale":[0.999999,0.999999,0.999999],"offmtx":[[0.336654,-0.839768,0.425972,8.533795],[0.937836,0.339584,-0.071727,-12.935895],[-0.084419,0.423639,0.901888,-9.335582]],"boundingbox":[[1.431292,-2.76005,-0.408788],[3.59454,1.69144,0.15834]]},{"name":"Bone01","parent":"Bone34","initpos":[3.488753,5e-06,1e-06],"initquaternion":[-4.184469162282767e-07,-0.0,-0.022082,0.999756],"initscale":[0.999999,0.999999,1.0],"offmtx":[[0.294916,-0.853943,0.428724,5.61129],[0.951786,0.302174,-0.05285,-12.70052],[-0.084418,0.42364,0.901888,-9.335594]],"boundingbox":[[0.727066,-1.772345,-0.076411],[5.061353,3.201643,0.458003]]},{"name":"Bone36","parent":"Bone06","initpos":[11.021175,5.353316,2.273462],"initquaternion":[0.169174,-0.003327,0.962971,0.209891],"initscale":[0.999999,1.0,0.999999],"offmtx":[[-0.389468,-0.915508,0.100791,18.927293],[0.921039,-0.387129,0.042619,13.814456],[8.419154937655549e-07,0.109432,0.993994,-4.799417]],"boundingbox":[[-0.188602,-2.559362,-0.231652],[9.715526,5.155025,2.388385]]},{"name":"Bone41","parent":"Bone36","initpos":[4.402099,9.5367431640625e-07,-0.0],"initquaternion":[-0.011856,-0.090322,0.01996,0.995641],"initscale":[0.999999,0.999999,0.999999],"offmtx":[[-0.344221,-0.896427,0.279158,13.994366],[0.934693,-0.355261,0.011731,13.383943],[0.088657,0.264965,0.960173,-7.062758]],"boundingbox":[[3.102104,-2.299547,-0.228777],[11.268367,4.506802,2.548766]]},{"name":"Bone39","parent":"Bone41","initpos":[4.079481,5e-06,-0.0],"initquaternion":[0.030874,-0.078707,-0.003248,0.996414],"initscale":[1.0,0.999999,0.999999],"offmtx":[[-0.336654,-0.839768,0.425972,8.533767],[0.937836,-0.339585,0.071727,12.935975],[0.084419,0.42364,0.901888,-9.335571]],"boundingbox":[[1.43127,-1.691373,-0.408779],[3.59452,2.760117,0.158345]]},{"name":"Bone38","parent":"Bone39","initpos":[3.48875,-6e-06,-0.0],"initquaternion":[4.773789328282874e-07,-0.0,0.022082,0.999756],"initscale":[0.999999,0.999999,1.0],"offmtx":[[-0.294917,-0.853943,0.428724,5.611262],[0.951786,-0.302174,0.052849,12.700597],[0.084418,0.42364,0.901888,-9.335582]],"boundingbox":[[0.727048,-3.201573,-0.076405],[5.061332,1.772417,0.458007]]}],"boundingbox":[[-13.055824,7.75882,2.127654],[13.055824,23.814754,8.247749]]}