{"skeleton":[{"name":"root","parent":"root","initpos":[0.0,0.0,-0.0],"initquaternion":[0.707106,0.0,0.0,0.707106],"initscale":[1.0,0.999999,0.999999],"offmtx":[[1.0,0.0,0.0,0.0],[0.0,1.0,0.0,0.0],[0.0,0.0,1.0,0.0]],"boundingbox":[[0.0,0.0,0.0],[0.0,0.0,0.0]]},{"name":"Bone033","parent":"root","initpos":[14.313005,1.366925,-19.399551],"initquaternion":[0.5,-0.499999,-0.5,-0.499999],"initscale":[1.0,1.0,1.0],"offmtx":[[1.6292068494294654e-07,0.999999,0.0,-19.399553],[-1.0,1.6292067073209182e-07,-6.953940214771137e-07,14.313003],[-6.953940783205326e-07,0.0,0.999999,-1.366915]],"boundingbox":[[-0.022295,-1.603397,-1.627139],[3.173092,1.533098,1.219693]]},{"name":"Bone034","parent":"Bone033","initpos":[1.559999,-1.310285,-0.112518],"initquaternion":[-0.0,0.0,-0.52573,0.850651],"initscale":[0.999999,0.999999,1.0],"offmtx":[[0.894426,0.447214,6.219790407158143e-07,-23.347307],[-0.447214,0.894426,-5.076748266219511e-07,-11.759818],[-7.833543236301921e-07,1.759197090223097e-07,0.999999,-1.254399]],"boundingbox":[[-0.099743,-0.055594,-0.297247],[0.850125,0.070248,0.460745]]},{"name":"Bone035","parent":"Bone034","initpos":[0.820222,1e-05,-0.0],"initquaternion":[0.0,0.0,-0.418891,0.908036],"initscale":[1.0,1.0,1.0],"offmtx":[[0.920749,-0.390155,7.89908881415613e-07,-6.740016],[0.390155,0.920749,1.4365191702836455e-07,-26.017982],[-7.833543804736109e-07,1.7591973744401912e-07,0.999999,-1.254399]],"boundingbox":[[-0.017888,-0.082054,-0.297248],[0.932556,0.051541,0.460745]]},{"name":"Bone036","parent":"Bone033","initpos":[1.559995,1.238462,-0.118332],"initquaternion":[0.850643,0.525725,-0.002293,0.003711],"initscale":[0.999999,1.0,0.999999],"offmtx":[[-0.894392,0.447214,-0.007805,2.330103],[0.447197,0.894426,0.003903,-24.59855],[0.008727,4.149041217260674e-07,-0.999961,1.134428]],"boundingbox":[[-0.099068,-0.057392,-0.473388],[0.853733,0.069915,0.292437]]},{"name":"Bone037","parent":"Bone036","initpos":[0.82022,1.1e-05,-0.0],"initquaternion":[0.0,0.0,-0.418891,0.908036],"initscale":[0.999999,0.999999,1.0],"offmtx":[[-0.920714,-0.390155,-0.008035,19.693061],[-0.39014,0.920749,-0.003404,-14.817308],[0.008727,4.1490426383461454e-07,-0.999961,1.134428]],"boundingbox":[[-0.020269,-0.081781,-0.476017],[0.936235,0.053116,0.285312]]},{"name":"Bone020","parent":"root","initpos":[14.313005,1.366925,-25.946384],"initquaternion":[0.5,-0.499999,-0.5,-0.499999],"initscale":[1.0,1.0,1.0],"offmtx":[[1.6292068494294654e-07,0.999999,0.0,-25.946386],[-1.0,1.6292067073209182e-07,-6.953940214771137e-07,14.313002],[-6.953940783205326e-07,0.0,0.999999,-1.366915]],"boundingbox":[[-0.004869,-1.603397,-1.627139],[3.19052,1.533098,1.219694]]},{"name":"Bone029","parent":"Bone020","initpos":[1.559999,-1.310284,-0.112518],"initquaternion":[-0.0,0.0,-0.52573,0.850651],"initscale":[0.999999,0.999999,1.0],"offmtx":[[0.894426,0.447214,6.219790407158143e-07,-26.27515],[-0.447214,0.894426,-5.076748266219511e-07,-17.61548],[-7.833543236301921e-07,1.759197090223097e-07,0.999999,-1.2544]],"boundingbox":[[-0.091952,-0.040007,-0.297246],[0.857915,0.085834,0.460745]]},{"name":"Bone030","parent":"Bone029","initpos":[0.820226,7e-06,-0.0],"initquaternion":[0.0,0.0,-0.418891,0.908036],"initscale":[1.0,1.0,1.0],"offmtx":[[0.920749,-0.390155,7.89908881415613e-07,-4.185734],[0.390155,0.920749,1.4365191702836455e-07,-32.045974],[-7.833543804736109e-07,1.7591973744401912e-07,0.999999,-1.2544]],"boundingbox":[[-0.024687,-0.066009,-0.297247],[0.925756,0.067588,0.460745]]},{"name":"Bone031","parent":"Bone020","initpos":[1.559995,1.238463,-0.118331],"initquaternion":[0.850643,0.525725,-0.002293,0.003711],"initscale":[0.999999,1.0,0.999999],"offmtx":[[-0.894392,0.447214,-0.007805,-0.597736],[0.447197,0.894426,0.003903,-30.454212],[0.008727,4.149041217260674e-07,-0.999961,1.134425]],"boundingbox":[[-0.091275,-0.041805,-0.473388],[0.861524,0.0855,0.292437]]},{"name":"Bone032","parent":"Bone031","initpos":[0.820223,9e-06,-1.1920928955078125e-07],"initquaternion":[0.0,0.0,-0.418891,0.908036],"initscale":[1.0,1.0,1.0],"offmtx":[[-0.920714,-0.390155,-0.008035,22.247344],[-0.39014,0.920749,-0.003404,-20.845298],[0.008727,4.1490426383461454e-07,-0.999961,1.134425]],"boundingbox":[[-0.027068,-0.065735,-0.476017],[0.929437,0.069165,0.285312]]},{"name":"Bone038","parent":"root","initpos":[14.313005,1.366925,-13.180706],"initquaternion":[0.5,-0.499999,-0.5,-0.499999],"initscale":[1.0,1.0,1.0],"offmtx":[[1.6292068494294654e-07,0.999999,0.0,-13.180707],[-1.0,1.6292067073209182e-07,-6.953940214771137e-07,14.313004],[-6.953940783205326e-07,0.0,0.999999,-1.366915]],"boundingbox":[[-0.024681,-1.603397,-1.62714],[3.170706,1.533098,1.219693]]},{"name":"Bone039","parent":"Bone038","initpos":[1.559998,-1.310284,-0.112518],"initquaternion":[-0.0,0.0,-0.52573,0.850651],"initscale":[0.999999,0.999999,1.0],"offmtx":[[0.894426,0.447214,6.219790407158143e-07,-20.566148],[-0.447214,0.894426,-5.076748266219511e-07,-6.197516],[-7.833543236301921e-07,1.759197090223097e-07,0.999999,-1.254398]],"boundingbox":[[-0.100811,-0.057729,-0.297247],[0.849057,0.068113,0.460744]]},{"name":"Bone040","parent":"Bone039","initpos":[0.820222,1.1e-05,-0.0],"initquaternion":[0.0,0.0,-0.418891,0.908036],"initscale":[1.0,1.0,1.0],"offmtx":[[0.920749,-0.390155,7.89908881415613e-07,-9.166331],[0.390155,0.920749,1.4365191702836455e-07,-20.291986],[-7.833543804736109e-07,1.7591973744401912e-07,0.999999,-1.254398]],"boundingbox":[[-0.016957,-0.084253,-0.297248],[0.933487,0.049343,0.460744]]},{"name":"Bone041","parent":"Bone038","initpos":[1.559995,1.238464,-0.118332],"initquaternion":[0.850643,0.525725,-0.002293,0.003711],"initscale":[0.999999,1.0,0.999999],"offmtx":[[-0.894392,0.447214,-0.007805,5.111261],[0.447197,0.894426,0.003903,-19.036251],[0.008727,4.149041217260674e-07,-0.999961,1.134431]],"boundingbox":[[-0.100134,-0.059526,-0.473387],[0.852665,0.067779,0.292438]]},{"name":"Bone042","parent":"Bone041","initpos":[0.820222,1.1e-05,-2.384185791015625e-07],"initquaternion":[0.0,0.0,-0.418891,0.908036],"initscale":[1.0,1.0,1.0],"offmtx":[[-0.920714,-0.390155,-0.008035,17.266748],[-0.39014,0.920749,-0.003404,-9.091312],[0.008727,4.1490426383461454e-07,-0.999961,1.134431]],"boundingbox":[[-0.019336,-0.083979,-0.476016],[0.937168,0.050918,0.285313]]},{"name":"Bone055","parent":"root","initpos":[-16.49497,1.252913,-28.935293],"initquaternion":[0.5,0.499999,0.5,-0.499999],"initscale":[1.0,0.999999,0.999999],"offmtx":[[3.1391647326017846e-07,-0.999999,0.0,28.935298],[1.0,3.1391644483846903e-07,-2.662982012680004e-07,16.49496],[2.6629822968970984e-07,0.0,0.999999,-1.252908]],"boundingbox":[[-0.064707,-2.505033,-2.376429],[4.935297,2.49497,2.747087]]},{"name":"Bone056","parent":"Bone055","initpos":[4.833639,-5e-06,-0.0],"initquaternion":[0.0,0.0,0.0,1.0],"initscale":[1.0,1.0,1.0],"offmtx":[[3.1391647326017846e-07,-0.999999,0.0,24.101659],[1.0,3.1391644483846903e-07,-2.662982012680004e-07,16.494966],[2.6629822968970984e-07,0.0,0.999999,-1.252908]],"boundingbox":[[0.025892,-0.609872,-0.409948],[2.419053,0.647849,0.847775]]},{"name":"Bone057","parent":"Bone056","initpos":[2.780317,0.000221,-0.0],"initquaternion":[0.0,0.0,0.0,1.0],"initscale":[1.0,1.0,1.0],"offmtx":[[3.1391647326017846e-07,-0.999999,0.0,21.321342],[1.0,3.1391644483846903e-07,-2.662982012680004e-07,16.494747],[2.6629822968970984e-07,0.0,0.999999,-1.252908]],"boundingbox":[[0.280676,-0.610094,-0.409948],[2.167263,0.647627,0.847774]]},{"name":"Bone058","parent":"Bone057","initpos":[2.505229,-1.5e-05,-0.0],"initquaternion":[0.0,0.0,0.0,1.0],"initscale":[1.0,1.0,1.0],"offmtx":[[3.1391647326017846e-07,-0.999999,0.0,18.816112],[1.0,3.1391644483846903e-07,-2.662982012680004e-07,16.494758],[2.6629822968970984e-07,0.0,0.999999,-1.252908]],"boundingbox":[[0.304129,-0.610082,-0.409949],[2.190714,0.647638,0.847774]]},{"name":"Bone059","parent":"Bone058","initpos":[2.374715,-9e-06,-0.0],"initquaternion":[0.0,0.0,0.0,1.0],"initscale":[1.0,1.0,1.0],"offmtx":[[3.1391647326017846e-07,-0.999999,0.0,16.441396],[1.0,3.1391644483846903e-07,-2.662982012680004e-07,16.494768],[2.6629822968970984e-07,0.0,0.999999,-1.252908]],"boundingbox":[[-0.499852,-0.610074,-0.409949],[2.342205,0.647647,0.847774]]},{"name":"Bone060","parent":"Bone059","initpos":[2.591361,-7e-06,-0.0],"initquaternion":[0.0,0.0,0.0,1.0],"initscale":[1.0,1.0,1.0],"offmtx":[[3.1391647326017846e-07,-0.999999,0.0,13.850032],[1.0,3.1391644483846903e-07,-2.662982012680004e-07,16.494777],[2.6629822968970984e-07,0.0,0.999999,-1.252908]],"boundingbox":[[0.392938,-0.610065,-0.409949],[2.279525,0.647655,0.847774]]},{"name":"Bone061","parent":"Bone060","initpos":[2.571448,0.0,-0.0],"initquaternion":[0.0,0.0,0.0,1.0],"initscale":[1.0,1.0,1.0],"offmtx":[[3.1391647326017846e-07,-0.999999,0.0,11.278584],[1.0,3.1391644483846903e-07,-2.662982012680004e-07,16.494777],[2.6629822968970984e-07,0.0,0.999999,-1.252908]],"boundingbox":[[0.344524,-0.610067,-0.409949],[2.23111,0.647655,0.847774]]},{"name":"Bone062","parent":"Bone061","initpos":[2.541399,-9e-06,-0.0],"initquaternion":[0.0,0.0,0.0,1.0],"initscale":[1.0,1.0,1.0],"offmtx":[[3.1391647326017846e-07,-0.999999,0.0,8.737185],[1.0,3.1391644483846903e-07,-2.662982012680004e-07,16.494789],[2.6629822968970984e-07,0.0,0.999999,-1.252908]],"boundingbox":[[0.32933,-0.610055,-0.409949],[2.215915,0.647665,0.847773]]},{"name":"Bone063","parent":"Bone062","initpos":[2.591237,-3e-06,-0.0],"initquaternion":[0.0,0.0,0.0,1.0],"initscale":[1.0,1.0,1.0],"offmtx":[[3.1391647326017846e-07,-0.999999,0.0,6.145949],[1.0,3.1391644483846903e-07,-2.662982012680004e-07,16.494789],[2.6629822968970984e-07,0.0,0.999999,-1.252908]],"boundingbox":[[0.275832,-0.979513,-0.409949],[2.817633,1.022056,0.847773]]},{"name":"Bone015","parent":"Bone055","initpos":[0.819644,1.603837,-1.578016],"initquaternion":[-0.198336,0.049521,0.949725,0.237132],"initscale":[0.999999,0.999999,0.999999],"offmtx":[[0.430776,0.808861,-0.400216,-16.45704],[-0.882631,0.470064,-1.9371493920061766e-07,-26.359546],[0.188127,0.353244,0.91642,-6.832327]],"boundingbox":[[0.379493,-0.650289,-0.601797],[4.199622,0.682088,0.95778]]},{"name":"Bone021","parent":"Bone055","initpos":[1.812458,2.464408,-0.04251],"initquaternion":[-2.3850967068028694e-07,0.0,0.799498,0.600668],"initscale":[1.0,1.0,1.0],"offmtx":[[0.960466,0.278395,-7.326092372750281e-07,5.92501],[-0.278395,0.960466,-0.0,-29.956621],[6.798885578973568e-07,2.8592063472387963e-07,0.999999,-1.210399]],"boundingbox":[[-0.038606,-0.09944,-0.710401],[1.465149,0.131004,0.7896]]},{"name":"Bone022","parent":"Bone021","initpos":[1.43336,0.0,-0.0],"initquaternion":[0.0,0.0,-0.140594,0.990067],"initscale":[0.999999,0.999999,1.0],"offmtx":[[1.0,-5.066395374342392e-07,-6.798885010539379e-07,12.653881],[5.066394237474015e-07,1.0,-2.8592103262781166e-07,-27.521873],[6.798886147407757e-07,2.8592063472387963e-07,0.999999,-1.210399]],"boundingbox":[[0.002545,-0.094611,-0.7104],[2.00255,0.105393,1.289601]]},{"name":"Bone023","parent":"Bone022","initpos":[1.935438,0.0,-1.1920928955078125e-07],"initquaternion":[0.0,0.0,-0.131605,0.991302],"initscale":[0.999999,0.999999,1.0],"offmtx":[[0.965359,-0.260921,-5.817341843794566e-07,17.528202],[0.260921,0.965359,-4.5341414534050273e-07,-23.771841],[6.798885578973568e-07,2.8592063472387963e-07,0.999999,-1.210399]],"boundingbox":[[0.037288,-0.080746,-0.710398],[1.537723,0.122523,0.789602]]},{"name":"Bone016","parent":"Bone055","initpos":[0.535022,-1.769855,-1.578018],"initquaternion":[-0.217698,-0.055829,0.945969,-0.233736],"initscale":[1.0,1.0,0.999999],"offmtx":[[-0.417906,0.795949,-0.437971,-30.38055],[-0.8845,-0.466522,-0.003856,-2.907143],[-0.207393,0.385774,0.89898,-14.45183]],"boundingbox":[[0.037847,-0.744228,-0.701567],[3.777395,0.574419,0.919018]]},{"name":"Bone024","parent":"Bone055","initpos":[1.812458,-2.377698,-0.04251],"initquaternion":[-0.600638,0.799459,0.00791,0.005942],"initscale":[1.0,1.0,0.999999],"offmtx":[[1.0,0.0,0.0,0.0],[0.0,1.0,0.0,0.0],[0.0,0.0,1.0,0.0]],"boundingbox":[[0.0,0.0,0.0],[0.0,0.0,0.0]]},{"name":"Bone025","parent":"Bone024","initpos":[1.433357,0.0,-0.0],"initquaternion":[0.0,0.0,-0.140594,0.990067],"initscale":[0.999999,0.999999,1.0],"offmtx":[[-0.999804,-2.384185791015625e-07,-0.019787,-20.221714],[-2.5122110969277855e-07,1.0,6.445199005611357e-07,-27.521886],[0.019787,6.493646083072235e-07,-0.999804,1.583587]],"boundingbox":[[-1.482069,-0.476027,-1.355616],[1.985931,0.105392,0.712235]]},{"name":"Bone026","parent":"Bone025","initpos":[1.935432,0.0,-2.384185791015625e-07],"initquaternion":[0.0,0.0,-0.131605,0.991302],"initscale":[0.999999,0.999999,1.0],"offmtx":[[-0.965171,-0.260921,-0.019102,-14.208578],[-0.26087,0.965359,-0.005162,-32.349803],[0.019787,6.491318345069885e-07,-0.999804,1.583587]],"boundingbox":[[-0.007404,-0.092829,-0.874828],[1.521417,0.118103,0.645015]]}],"boundingbox":[[-23.670783,3.328311,-1.90867],[17.222537,31.753246,3.999996]]}