{
  "skeleton": [
    {
      "name": "root",
      "parent": "root",
      "initpos": [
        0,
        0,
        0
      ],
      "initquaternion": [
        0.707106,
        0,
        0,
        0.707106
      ],
      "initscale": [
        1,
        0.999999,
        0.999999
      ],
      "offmtx": [
        [
          1,
          0,
          0,
          0
        ],
        [
          0,
          1,
          0,
          0
        ],
        [
          0,
          0,
          1,
          0
        ]
      ],
      "boundingbox": [
        [
          0,
          0,
          0
        ],
        [
          0,
          0,
          0
        ]
      ]
    },
    {
      "name": "Bone001",
      "parent": "root",
      "initpos": [
        0,
        0.414403,
        -24.301343
      ],
      "initquaternion": [
        -0.349465,
        0.614714,
        -0.349465,
        0.614714
      ],
      "initscale": [
        0.999999,
        0.999999,
        0.999999
      ],
      "offmtx": [
        [
          -1.3839468238074915e-7,
          0.511495,
          -0.859286,
          -12.073928
        ],
        [
          -2.5538599857100053e-7,
          0.859286,
          0.511495,
          -21.093774
        ],
        [
          1,
          2.9023786396464857e-7,
          0,
          -0.000007
        ]
      ],
      "boundingbox": [
        [
          -0.000002,
          -4.515053,
          -4.185717
        ],
        [
          7.083574,
          4.500165,
          4.185726
        ]
      ]
    },
    {
      "name": "Bone002",
      "parent": "Bone001",
      "initpos": [
        7.083587,
        0.32909,
        0
      ],
      "initquaternion": [
        0,
        0,
        0,
        1
      ],
      "initscale": [
        1,
        1,
        1
      ],
      "offmtx": [
        [
          -1.3839188284237025e-7,
          0.511485,
          -0.859291,
          -19.157278
        ],
        [
          -4.3023305806855205e-7,
          0.859291,
          0.511485,
          -21.423074
        ],
        [
          1,
          4.404811591030011e-7,
          1.0113907933373412e-7,
          -0.00001
        ]
      ],
      "boundingbox": [
        [
          -0.000089,
          -5.513092,
          -4.859754
        ],
        [
          8.991902,
          5.800041,
          4.859932
        ]
      ]
    },
    {
      "name": "Bone003",
      "parent": "Bone002",
      "initpos": [
        6.336715,
        -1.793937,
        0
      ],
      "initquaternion": [
        0.000001,
        -0.000004,
        0.320058,
        0.947397
      ],
      "initscale": [
        0.999999,
        0.999999,
        1
      ],
      "offmtx": [
        [
          0.000009,
          0.927808,
          -0.373056,
          -32.174915
        ],
        [
          -3.7056310020489036e-7,
          0.373056,
          0.927808,
          -0.146909
        ],
        [
          1,
          -0.000008,
          0.000003,
          0.000311
        ]
      ],
      "boundingbox": [
        [
          -0.000031,
          -2.257597,
          -2.897679
        ],
        [
          5.791376,
          4.826394,
          2.897783
        ]
      ]
    },
    {
      "name": "Bone004",
      "parent": "Bone003",
      "initpos": [
        4.999164,
        -1.125017,
        -0.000053
      ],
      "initquaternion": [
        0.000002,
        0.000003,
        0.347334,
        0.937741
      ],
      "initscale": [
        1,
        1,
        1
      ],
      "offmtx": [
        [
          0.000002,
          0.946961,
          0.321347,
          -27.567491
        ],
        [
          0,
          -0.321347,
          0.946961,
          24.958011
        ],
        [
          1,
          -0.000002,
          -8.359427852155932e-7,
          0.000084
        ]
      ],
      "boundingbox": [
        [
          -0.000006,
          -1.611935,
          -2.253648
        ],
        [
          4.50527,
          4.183553,
          2.253905
        ]
      ]
    },
    {
      "name": "Bone005",
      "parent": "Bone004",
      "initpos": [
        7.033933,
        -0.080554,
        -0.000019
      ],
      "initquaternion": [
        -0.000002,
        -0.000002,
        0.875884,
        -0.48252
      ],
      "initscale": [
        1,
        1,
        1
      ],
      "offmtx": [
        [
          -0.000008,
          -0.234384,
          -0.972143,
          -2.674978
        ],
        [
          -1.2574513164054224e-7,
          0.972143,
          -0.234384,
          -42.626667
        ],
        [
          1,
          -0.000001,
          -0.000008,
          -0.000022
        ]
      ],
      "boundingbox": [
        [
          -7.083408,
          -3.524636,
          -4.185758
        ],
        [
          10.302949,
          4.845083,
          4.185797
        ]
      ]
    },
    {
      "name": "Bone006",
      "parent": "Bone005",
      "initpos": [
        2.579333,
        -0.207477,
        -3.803653
      ],
      "initquaternion": [
        0.293984,
        -0.643093,
        0.643096,
        -0.29399
      ],
      "initscale": [
        1,
        0.999999,
        1
      ],
      "offmtx": [
        [
          -4.850651862398081e-7,
          -0.581828,
          0.813311,
          35.517219
        ],
        [
          -1,
          0,
          -5.918362262491428e-7,
          -3.80369
        ],
        [
          3.3914975006155146e-7,
          -0.813311,
          -0.581828,
          23.780689
        ]
      ],
      "boundingbox": [
        [
          0.000003,
          -0.279171,
          -1.607758
        ],
        [
          5.151662,
          0.252842,
          1.61203
        ]
      ]
    },
    {
      "name": "Bone007",
      "parent": "Bone005",
      "initpos": [
        3.194481,
        -0.636032,
        -3.834171
      ],
      "initquaternion": [
        0.001054,
        0.707106,
        -0.707105,
        -0.001048
      ],
      "initscale": [
        1,
        1,
        1
      ],
      "offmtx": [
        [
          0,
          0.237275,
          0.971442,
          5.744472
        ],
        [
          -1,
          1.2807196014819056e-7,
          0,
          -3.834209
        ],
        [
          -1.3083591454687848e-7,
          -0.971442,
          0.237275,
          42.007904
        ]
      ],
      "boundingbox": [
        [
          -0.643956,
          -0.313,
          -1.581259
        ],
        [
          8.371444,
          0.266652,
          1.638526
        ]
      ]
    },
    {
      "name": "Bone008",
      "parent": "Bone005",
      "initpos": [
        -3.193527,
        4.480251,
        -3.972484
      ],
      "initquaternion": [
        -0.045096,
        -0.651996,
        0.756665,
        -0.017976
      ],
      "initscale": [
        1,
        1,
        1
      ],
      "offmtx": [
        [
          -0.091677,
          0.264,
          0.960155,
          -2.368965
        ],
        [
          -0.985066,
          -0.165156,
          -0.048645,
          3.157655
        ],
        [
          0.145733,
          -0.950277,
          0.275199,
          47.111854
        ]
      ],
      "boundingbox": [
        [
          0.000003,
          -0.346403,
          -0.937672
        ],
        [
          2.576057,
          0.314376,
          0.999418
        ]
      ]
    },
    {
      "name": "Bone009",
      "parent": "Bone008",
      "initpos": [
        2.333064,
        -0.089412,
        -0.380798
      ],
      "initquaternion": [
        0.100659,
        0.108385,
        0.045669,
        0.987944
      ],
      "initscale": [
        1,
        1,
        1
      ],
      "offmtx": [
        [
          -0.229395,
          0.432961,
          0.871734,
          -13.942356
        ],
        [
          -0.924295,
          -0.377593,
          -0.055689,
          13.405496
        ],
        [
          0.305049,
          -0.818514,
          0.486802,
          43.750511
        ]
      ],
      "boundingbox": [
        [
          -0.000001,
          -0.31931,
          -0.582326
        ],
        [
          5.151706,
          0.347254,
          0.717024
        ]
      ]
    },
    {
      "name": "Bone010",
      "parent": "Bone005",
      "initpos": [
        2.579269,
        -0.207469,
        3.804347
      ],
      "initquaternion": [
        0.293985,
        -0.643094,
        0.643096,
        -0.29399
      ],
      "initscale": [
        1,
        0.999999,
        1
      ],
      "offmtx": [
        [
          4.6860975544404937e-7,
          -0.581827,
          0.813311,
          35.517227
        ],
        [
          -1,
          0,
          5.999535801493039e-7,
          3.804327
        ],
        [
          -3.7610374192809104e-7,
          -0.813311,
          -0.581827,
          23.780704
        ]
      ],
      "boundingbox": [
        [
          0.000013,
          -0.252208,
          -1.607754
        ],
        [
          5.151673,
          0.279805,
          1.612033
        ]
      ]
    },
    {
      "name": "Bone011",
      "parent": "Bone005",
      "initpos": [
        3.194412,
        -0.636032,
        3.83382
      ],
      "initquaternion": [
        0.001054,
        0.707106,
        -0.707105,
        -0.001048
      ],
      "initscale": [
        1,
        0.999999,
        1
      ],
      "offmtx": [
        [
          0,
          0.237275,
          0.971441,
          5.744468
        ],
        [
          -1,
          2.438769683976716e-7,
          0,
          3.833776
        ],
        [
          -2.5004533199535217e-7,
          -0.971442,
          0.237275,
          42.007904
        ]
      ],
      "boundingbox": [
        [
          -0.643959,
          -0.267074,
          -1.581256
        ],
        [
          8.371438,
          0.312578,
          1.63853
        ]
      ]
    },
    {
      "name": "Bone012",
      "parent": "Bone005",
      "initpos": [
        -3.193597,
        4.480247,
        3.971515
      ],
      "initquaternion": [
        -0.01797,
        0.756666,
        -0.651996,
        -0.045089
      ],
      "initscale": [
        1,
        1,
        1
      ],
      "offmtx": [
        [
          0.091677,
          0.264,
          0.960155,
          -2.368881
        ],
        [
          -0.985066,
          0.165156,
          0.048645,
          -3.158582
        ],
        [
          -0.145733,
          -0.950276,
          0.275199,
          47.111717
        ]
      ],
      "boundingbox": [
        [
          0.000086,
          -0.315288,
          -0.937803
        ],
        [
          2.576138,
          0.345491,
          0.999287
        ]
      ]
    },
    {
      "name": "Bone013",
      "parent": "Bone012",
      "initpos": [
        2.333061,
        0.089412,
        -0.380809
      ],
      "initquaternion": [
        -0.100659,
        0.108385,
        -0.045669,
        0.987944
      ],
      "initscale": [
        0.999999,
        0.999999,
        0.999999
      ],
      "offmtx": [
        [
          0.229395,
          0.432962,
          0.871734,
          -13.942159
        ],
        [
          -0.924295,
          0.377592,
          0.055688,
          -13.406354
        ],
        [
          -0.305049,
          -0.818515,
          0.486803,
          43.750244
        ]
      ],
      "boundingbox": [
        [
          0.000211,
          -0.348113,
          -0.582605
        ],
        [
          5.151918,
          0.318454,
          0.716746
        ]
      ]
    },
    {
      "name": "Bone014",
      "parent": "Bone005",
      "initpos": [
        8.37119,
        0.348186,
        0.000072
      ],
      "initquaternion": [
        0,
        0,
        0,
        1
      ],
      "initscale": [
        1,
        1,
        1
      ],
      "offmtx": [
        [
          6.83509199461696e-7,
          -0.234395,
          -0.972141,
          -11.045672
        ],
        [
          -2.7465881657917635e-7,
          0.972141,
          -0.234395,
          -42.974967
        ],
        [
          1,
          4.2721850945781625e-7,
          6.000888674861926e-7,
          -0.000003
        ]
      ],
      "boundingbox": [
        [
          -0.000003,
          -1.29699,
          -2.261207
        ],
        [
          4.507631,
          1.278836,
          2.246302
        ]
      ]
    },
    {
      "name": "Bone015",
      "parent": "Bone002",
      "initpos": [
        3.859569,
        -5.499424,
        0.111864
      ],
      "initquaternion": [
        -0.349469,
        0.614712,
        0.614712,
        -0.349469
      ],
      "initscale": [
        1,
        1,
        1
      ],
      "offmtx": [
        [
          0.000001,
          -0.999999,
          0,
          25.455852
        ],
        [
          1,
          0.000001,
          1.7663712981175195e-7,
          -0.111896
        ],
        [
          -1.7663714402260666e-7,
          0,
          0.999999,
          11.633466
        ]
      ],
      "boundingbox": [
        [
          -0.000002,
          -0.910696,
          -0.323997
        ],
        [
          1.821385,
          0.910694,
          0.31996
        ]
      ]
    },
    {
      "name": "Bone016",
      "parent": "Bone015",
      "initpos": [
        1.821386,
        9.5367431640625e-7,
        0.000001
      ],
      "initquaternion": [
        0,
        0,
        0,
        1
      ],
      "initscale": [
        1,
        0.999999,
        0.999999
      ],
      "offmtx": [
        [
          9.336383754998678e-7,
          -0.999999,
          0,
          23.634464
        ],
        [
          1,
          9.336383754998678e-7,
          0.000001,
          -0.111873
        ],
        [
          -0.000001,
          0,
          0.999999,
          11.633466
        ]
      ],
      "boundingbox": [
        [
          -0.006426,
          -2.728147,
          -0.323997
        ],
        [
          4.547038,
          2.736015,
          0.319968
        ]
      ]
    },
    {
      "name": "Bone017",
      "parent": "Bone002",
      "initpos": [
        1.302425,
        1.612258,
        0.000003
      ],
      "initquaternion": [
        9.497067594566033e-7,
        -0.000001,
        0.707106,
        0.707107
      ],
      "initscale": [
        1,
        1,
        1
      ],
      "offmtx": [
        [
          0.000002,
          0.859292,
          0.511485,
          -23.035346
        ],
        [
          0,
          -0.511485,
          0.859292,
          20.459692
        ],
        [
          1,
          -0.000002,
          -0.000001,
          0.000054
        ]
      ],
      "boundingbox": [
        [
          -0.00006,
          -5.781079,
          -4.829646
        ],
        [
          5.151607,
          5.810252,
          4.82975
        ]
      ]
    },
    {
      "name": "Bind",
      "parent": "Bone017",
      "initpos": [
        3.219812,
        -0.34869,
        -0.000091
      ],
      "initquaternion": [
        -0.7071,
        -0.000007,
        0.000001,
        0.707112
      ],
      "initscale": [
        1,
        1,
        1
      ],
      "offmtx": [
        [
          0.00001,
          0.859285,
          0.511496,
          -26.254884
        ],
        [
          -1,
          0,
          0.00002,
          0.000005
        ],
        [
          0.000017,
          -0.511496,
          0.859285,
          20.808729
        ]
      ],
      "boundingbox": [
        [
          -0.000049,
          4.829627,
          4.870925
        ],
        [
          -0.000049,
          4.829627,
          4.870925
        ]
      ]
    },
    {
      "name": "Bone018",
      "parent": "Bone002",
      "initpos": [
        1.053379,
        -0.130786,
        -5.491149
      ],
      "initquaternion": [
        -0.469517,
        -0.591934,
        0.625854,
        0.193579
      ],
      "initscale": [
        0.999999,
        1,
        0.999999
      ],
      "offmtx": [
        [
          -0.358526,
          0.438204,
          0.824278,
          -9.17801
        ],
        [
          -0.922707,
          -0.032349,
          -0.384141,
          -6.628186
        ],
        [
          -0.141667,
          -0.898292,
          0.415932,
          27.637224
        ]
      ],
      "boundingbox": [
        [
          -0.000002,
          -0.338953,
          -2.855435
        ],
        [
          8.371444,
          0.321985,
          2.942045
        ]
      ]
    },
    {
      "name": "Bone019",
      "parent": "Bone018",
      "initpos": [
        5.175459,
        -1.208971,
        -0.466899
      ],
      "initquaternion": [
        -0.002705,
        0.315528,
        0.002459,
        0.948908
      ],
      "initscale": [
        1,
        1,
        1
      ],
      "offmtx": [
        [
          -0.20503,
          0.888773,
          0.40993,
          -28.34089
        ],
        [
          -0.91989,
          -0.031924,
          -0.390874,
          -5.42825
        ],
        [
          -0.334312,
          -0.457232,
          0.824119,
          13.876572
        ]
      ],
      "boundingbox": [
        [
          0.000001,
          -0.567385,
          -1.615672
        ],
        [
          11.59123,
          0.582952,
          1.612896
        ]
      ]
    },
    {
      "name": "Bone020",
      "parent": "Bone018",
      "initpos": [
        6.610931,
        -1.026076,
        0.780944
      ],
      "initquaternion": [
        0.019601,
        -0.02183,
        0.002536,
        0.999566
      ],
      "initscale": [
        0.999999,
        0.999999,
        0.999999
      ],
      "offmtx": [
        [
          -0.368266,
          0.398353,
          0.840056,
          -14.622598
        ],
        [
          -0.925397,
          -0.070022,
          -0.372474,
          -4.454744
        ],
        [
          -0.089553,
          -0.914555,
          0.394421,
          27.717666
        ]
      ],
      "boundingbox": [
        [
          -0.01087,
          -0.562629,
          -3.368033
        ],
        [
          15.44741,
          0.585547,
          3.35712
        ]
      ]
    },
    {
      "name": "Bone021",
      "parent": "Bone018",
      "initpos": [
        2.504196,
        -0.322278,
        1.127401
      ],
      "initquaternion": [
        -0.016155,
        -0.364284,
        -0.000922,
        0.931147
      ],
      "initscale": [
        0.999999,
        1,
        1
      ],
      "offmtx": [
        [
          -0.368758,
          -0.287857,
          0.88383,
          9.340146
        ],
        [
          -0.922892,
          -2.90572558014901e-7,
          -0.385056,
          -7.239923
        ],
        [
          0.110841,
          -0.957673,
          -0.265661,
          27.191072
        ]
      ],
      "boundingbox": [
        [
          0.000002,
          -0.315663,
          -1.934506
        ],
        [
          12.879148,
          0.346923,
          1.932298
        ]
      ]
    },
    {
      "name": "Bone022",
      "parent": "Bone018",
      "initpos": [
        2.621182,
        -1.351515,
        2.153041
      ],
      "initquaternion": [
        -0.01482,
        -0.719256,
        0.006577,
        0.694555
      ],
      "initscale": [
        0.999999,
        1,
        0.999999
      ],
      "offmtx": [
        [
          -0.15716,
          -0.913545,
          0.375147,
          25.706241
        ],
        [
          -0.922333,
          -8.642672923997452e-7,
          -0.386394,
          -6.183431
        ],
        [
          0.352989,
          -0.406737,
          -0.842593,
          10.837998
        ]
      ],
      "boundingbox": [
        [
          -0.01305,
          -0.552145,
          -3.22773
        ],
        [
          12.866094,
          0.591816,
          3.211844
        ]
      ]
    },
    {
      "name": "Bone023",
      "parent": "Bone002",
      "initpos": [
        1.053375,
        -0.13079,
        5.490852
      ],
      "initquaternion": [
        0.193579,
        0.625854,
        -0.591934,
        -0.469517
      ],
      "initscale": [
        1,
        0.999999,
        0.999999
      ],
      "offmtx": [
        [
          0.358526,
          0.438204,
          0.824278,
          -9.177905
        ],
        [
          -0.922707,
          0.032349,
          0.384141,
          6.627918
        ],
        [
          0.141667,
          -0.898293,
          0.415932,
          27.637264
        ]
      ],
      "boundingbox": [
        [
          0.006023,
          -0.337483,
          -2.85306
        ],
        [
          8.377471,
          0.323457,
          2.944417
        ]
      ]
    },
    {
      "name": "Bone024",
      "parent": "Bone023",
      "initpos": [
        6.61093,
        1.026078,
        0.780952
      ],
      "initquaternion": [
        -0.019601,
        -0.02183,
        -0.002536,
        0.999566
      ],
      "initscale": [
        0.999999,
        0.999999,
        1
      ],
      "offmtx": [
        [
          0.368266,
          0.398352,
          0.840056,
          -14.622475
        ],
        [
          -0.925397,
          0.070022,
          0.372474,
          4.454479
        ],
        [
          0.089553,
          -0.914555,
          0.394421,
          27.717689
        ]
      ],
      "boundingbox": [
        [
          -0.010764,
          -0.585812,
          -3.368024
        ],
        [
          15.447513,
          0.562359,
          3.357132
        ]
      ]
    },
    {
      "name": "Bone025",
      "parent": "Bone023",
      "initpos": [
        2.504197,
        0.322278,
        1.127403
      ],
      "initquaternion": [
        0.016155,
        -0.364284,
        0.000922,
        0.931147
      ],
      "initscale": [
        0.999999,
        1,
        1
      ],
      "offmtx": [
        [
          0.368758,
          -0.287856,
          0.883829,
          9.340248
        ],
        [
          -0.922892,
          2.0861610039446532e-7,
          0.385056,
          7.239649
        ],
        [
          -0.110841,
          -0.957673,
          -0.26566,
          27.191032
        ]
      ],
      "boundingbox": [
        [
          0.006195,
          -0.362421,
          -1.93637
        ],
        [
          12.885339,
          0.300163,
          1.930436
        ]
      ]
    },
    {
      "name": "Bone026",
      "parent": "Bone023",
      "initpos": [
        2.621181,
        1.351514,
        2.153043
      ],
      "initquaternion": [
        0.01482,
        -0.719256,
        -0.006577,
        0.694555
      ],
      "initscale": [
        1,
        1,
        1
      ],
      "offmtx": [
        [
          0.157161,
          -0.913544,
          0.375147,
          25.706274
        ],
        [
          -0.922333,
          7.450578323187074e-7,
          0.386395,
          6.183158
        ],
        [
          -0.352989,
          -0.406737,
          -0.842592,
          10.837893
        ]
      ],
      "boundingbox": [
        [
          -0.013022,
          -0.592083,
          -3.227832
        ],
        [
          12.866125,
          0.55188,
          3.211742
        ]
      ]
    },
    {
      "name": "Bone027",
      "parent": "Bone023",
      "initpos": [
        5.175458,
        1.208971,
        -0.466897
      ],
      "initquaternion": [
        0.002705,
        0.315528,
        -0.002459,
        0.948908
      ],
      "initscale": [
        1,
        0.999999,
        0.999999
      ],
      "offmtx": [
        [
          0.20503,
          0.888773,
          0.409931,
          -28.340831
        ],
        [
          -0.919889,
          0.031924,
          0.390875,
          5.42798
        ],
        [
          0.334312,
          -0.457232,
          0.824119,
          13.87667
        ]
      ],
      "boundingbox": [
        [
          0.000066,
          -0.583216,
          -1.615585
        ],
        [
          11.591299,
          0.567121,
          1.612984
        ]
      ]
    },
    {
      "name": "Bone028",
      "parent": "Bone001",
      "initpos": [
        1.208154,
        -0.910074,
        0
      ],
      "initquaternion": [
        -0.000283,
        -0.000036,
        0.991641,
        -0.129023
      ],
      "initscale": [
        0.999999,
        0.999999,
        0.999999
      ],
      "offmtx": [
        [
          -0.000572,
          -0.714347,
          0.69979,
          18.004659
        ],
        [
          2.1129383753759612e-7,
          -0.699791,
          -0.714347,
          16.112962
        ],
        [
          0.999999,
          -0.000408,
          0.0004,
          0.010303
        ]
      ],
      "boundingbox": [
        [
          -0.001316,
          -5.148812,
          -3.110398
        ],
        [
          5.797438,
          2.578488,
          3.037925
        ]
      ]
    },
    {
      "name": "Bone029",
      "parent": "Bone028",
      "initpos": [
        4.264661,
        -2.099266,
        0.002441
      ],
      "initquaternion": [
        -0.00028,
        0.000012,
        0.477362,
        0.878706
      ],
      "initscale": [
        0.999999,
        0.999999,
        0.999999
      ],
      "offmtx": [
        [
          -0.000601,
          -0.975854,
          -0.218422,
          22.756652
        ],
        [
          -5.929035751250922e-7,
          0.218422,
          -0.975854,
          -1.614814
        ],
        [
          1,
          -0.000586,
          -0.000131,
          0.013679
        ]
      ],
      "boundingbox": [
        [
          -0.000905,
          -3.866772,
          -2.468644
        ],
        [
          9.665288,
          1.928927,
          2.396755
        ]
      ]
    },
    {
      "name": "Bone030",
      "parent": "Bone029",
      "initpos": [
        8.218264,
        0.928567,
        0.004941
      ],
      "initquaternion": [
        -0.000008,
        -0.00001,
        0.014218,
        0.999898
      ],
      "initscale": [
        1,
        1,
        1
      ],
      "offmtx": [
        [
          -0.000579,
          -0.969248,
          -0.24608,
          14.460186
        ],
        [
          1.104199611745571e-7,
          0.24608,
          -0.969249,
          -2.955734
        ],
        [
          1,
          -0.000561,
          -0.000142,
          0.008378
        ]
      ],
      "boundingbox": [
        [
          -0.000358,
          -2.909734,
          -1.823366
        ],
        [
          4.512185,
          0.966075,
          1.753168
        ]
      ]
    },
    {
      "name": "Bone031",
      "parent": "Bone030",
      "initpos": [
        4.232666,
        -0.11185,
        0.002454
      ],
      "initquaternion": [
        -0.000102,
        0.00008,
        0.153874,
        0.98809
      ],
      "initscale": [
        0.999999,
        1,
        1
      ],
      "offmtx": [
        [
          -0.000742,
          -0.84852,
          -0.52916,
          8.878414
        ],
        [
          -0.000001,
          0.529161,
          -0.848521,
          -5.819242
        ],
        [
          0.999999,
          -0.000629,
          -0.000394,
          0.006581
        ]
      ],
      "boundingbox": [
        [
          -0.000371,
          -2.895627,
          -1.485198
        ],
        [
          4.512926,
          0.94681,
          1.447328
        ]
      ]
    },
    {
      "name": "Bone032",
      "parent": "Bone031",
      "initpos": [
        4.455946,
        -0.194406,
        0.003308
      ],
      "initquaternion": [
        -0.000075,
        -0.000116,
        0.12197,
        0.992533
      ],
      "initscale": [
        0.999999,
        0.999999,
        0.999999
      ],
      "offmtx": [
        [
          -0.000507,
          -0.695154,
          -0.71886,
          2.929002
        ],
        [
          -3.5992690072816913e-7,
          0.71886,
          -0.695154,
          -6.528243
        ],
        [
          0.999999,
          -0.000352,
          -0.000364,
          0.001481
        ]
      ],
      "boundingbox": [
        [
          -0.648957,
          -2.224538,
          -1.489636
        ],
        [
          6.44051,
          0.974238,
          1.443414
        ]
      ]
    },
    {
      "name": "Bone033",
      "parent": "Bone032",
      "initpos": [
        5.974714,
        -0.160252,
        0.003032
      ],
      "initquaternion": [
        -0.000078,
        -0.000255,
        0.330889,
        0.943669
      ],
      "initscale": [
        0.999999,
        0.999999,
        0.999999
      ],
      "offmtx": [
        [
          0.000033,
          -0.094004,
          -0.995571,
          -6.355587
        ],
        [
          -6.220347472662979e-7,
          0.995571,
          -0.094004,
          -3.071511
        ],
        [
          1,
          0.000003,
          0.000033,
          0.000209
        ]
      ],
      "boundingbox": [
        [
          -0.000709,
          -0.975777,
          -0.991919
        ],
        [
          6.439628,
          0.956108,
          0.940476
        ]
      ]
    },
    {
      "name": "Bone034",
      "parent": "Bone033",
      "initpos": [
        5.75203,
        -0.330082,
        -0.000195
      ],
      "initquaternion": [
        0.000002,
        0.000024,
        0.357147,
        0.934048
      ],
      "initscale": [
        0.999999,
        0.999999,
        1
      ],
      "offmtx": [
        [
          -0.00002,
          0.594207,
          -0.804311,
          -10.847906
        ],
        [
          -3.245831692311185e-7,
          0.804311,
          0.594207,
          6.035958
        ],
        [
          1,
          0.000012,
          -0.000015,
          -0.000217
        ]
      ],
      "boundingbox": [
        [
          -0.000002,
          -1.931754,
          -0.941879
        ],
        [
          16.099311,
          3.863876,
          0.895273
        ]
      ]
    },
    {
      "name": "Bone035",
      "parent": "Bone034",
      "initpos": [
        0.75914,
        -2.203044,
        0.571457
      ],
      "initquaternion": [
        0.700966,
        -0.200966,
        0.108074,
        0.675705
      ],
      "initscale": [
        0.999999,
        1,
        0.999999
      ],
      "offmtx": [
        [
          0.423083,
          0.423199,
          -0.801188,
          -11.758163
        ],
        [
          0.903864,
          -0.259068,
          0.340459,
          4.398723
        ],
        [
          -0.06348,
          -0.868208,
          -0.492122,
          -6.732639
        ]
      ],
      "boundingbox": [
        [
          0,
          -0.3301,
          -2.21493
        ],
        [
          6.439629,
          0.361047,
          2.299085
        ]
      ]
    }
  ],
  "boundingbox": [
    [
      -12.91303,
      0.037394,
      -25.492841
    ],
    [
      12.913022,
      49.725624,
      12.327175
    ]
  ]
}
