{
  "skeleton": [
    {
      "name": "root",
      "parent": "root",
      "initpos": [
        0,
        0,
        0
      ],
      "initquaternion": [
        0.707106,
        0,
        0,
        0.707106
      ],
      "initscale": [
        1,
        0.999999,
        0.999999
      ],
      "offmtx": [
        [
          1,
          0,
          0,
          0
        ],
        [
          0,
          1,
          0,
          0
        ],
        [
          0,
          0,
          1,
          0
        ]
      ],
      "boundingbox": [
        [
          0,
          0,
          0
        ],
        [
          0,
          0,
          0
        ]
      ]
    },
    {
      "name": "Bone01",
      "parent": "root",
      "initpos": [
        0,
        -12.008759,
        -2.286029
      ],
      "initquaternion": [
        0,
        0,
        0.707106,
        0.707106
      ],
      "initscale": [
        0.999999,
        0.999999,
        1
      ],
      "offmtx": [
        [
          0,
          0,
          0.999999,
          12.008759
        ],
        [
          -1,
          0,
          0,
          5.249195282885921e-7
        ],
        [
          0,
          -0.999999,
          0,
          2.286029
        ]
      ],
      "boundingbox": [
        [
          -0.180994,
          -5.250001,
          -4.138408
        ],
        [
          4.508762,
          5.249999,
          2.232268
        ]
      ]
    },
    {
      "name": "Bone02",
      "parent": "Bone01",
      "initpos": [
        4.508761,
        0,
        -0.775421
      ],
      "initquaternion": [
        0,
        0,
        0,
        1
      ],
      "initscale": [
        1,
        1,
        1
      ],
      "offmtx": [
        [
          0,
          0,
          0.999999,
          7.499998
        ],
        [
          -1,
          1.74845538936097e-7,
          0,
          -4.045299988320039e-7
        ],
        [
          -1.7484555314695172e-7,
          -0.999999,
          0,
          3.06145
        ]
      ],
      "boundingbox": [
        [
          -0.000001,
          -4.500001,
          -1.492321
        ],
        [
          14.999997,
          4.5,
          1.50769
        ]
      ]
    },
    {
      "name": "Bone10",
      "parent": "Bone02",
      "initpos": [
        6.880496,
        3.112354,
        -0.553185
      ],
      "initquaternion": [
        -0.094353,
        0.050248,
        0.482308,
        0.869454
      ],
      "initscale": [
        0.999999,
        0.999999,
        0.999999
      ],
      "offmtx": [
        [
          -0.829208,
          0.178393,
          0.529706,
          -2.897463
        ],
        [
          -0.516951,
          0.1156,
          -0.848173,
          -2.552237
        ],
        [
          -0.212543,
          -0.977145,
          -0.003636,
          2.868262
        ]
      ],
      "boundingbox": [
        [
          -0.000588,
          -2.225197,
          -0.416515
        ],
        [
          11.249412,
          2.278207,
          0.406077
        ]
      ]
    },
    {
      "name": "Bone08",
      "parent": "Bone02",
      "initpos": [
        0.605546,
        3.063627,
        -0.545029
      ],
      "initquaternion": [
        -0.095175,
        0.049792,
        0.482355,
        0.869364
      ],
      "initscale": [
        0.999999,
        0.999999,
        0.999999
      ],
      "offmtx": [
        [
          -0.829208,
          0.178393,
          0.529706,
          0.46828
        ],
        [
          -0.516548,
          0.117448,
          -0.848164,
          -7.853721
        ],
        [
          -0.21352,
          -0.976924,
          -0.00524,
          2.832984
        ]
      ],
      "boundingbox": [
        [
          0.166458,
          -2.929354,
          -0.361724
        ],
        [
          21.166461,
          3.075499,
          0.478641
        ]
      ]
    },
    {
      "name": "Bone07",
      "parent": "Bone02",
      "initpos": [
        0.605547,
        -3.264371,
        -0.54503
      ],
      "initquaternion": [
        0.095175,
        0.049792,
        -0.482355,
        0.869364
      ],
      "initscale": [
        0.999999,
        0.999999,
        0.999999
      ],
      "offmtx": [
        [
          0.829208,
          0.178393,
          0.529707,
          0.301823
        ],
        [
          -0.516548,
          -0.117448,
          0.848164,
          7.95741
        ],
        [
          0.213519,
          -0.976924,
          -0.00524,
          2.790122
        ]
      ],
      "boundingbox": [
        [
          -0.000001,
          -2.97181,
          -0.404586
        ],
        [
          21.000003,
          3.033045,
          0.435772
        ]
      ]
    },
    {
      "name": "Bone09",
      "parent": "Bone02",
      "initpos": [
        6.880496,
        -3.111645,
        -0.553186
      ],
      "initquaternion": [
        0.094353,
        0.050248,
        -0.482308,
        0.869454
      ],
      "initscale": [
        0.999999,
        1,
        0.999999
      ],
      "offmtx": [
        [
          0.829208,
          0.178393,
          0.529707,
          -2.896873
        ],
        [
          -0.516951,
          -0.1156,
          0.848172,
          2.551869
        ],
        [
          0.212542,
          -0.977144,
          -0.003636,
          2.868414
        ]
      ],
      "boundingbox": [
        [
          -9.5367431640625e-7,
          -2.278577,
          -0.416363
        ],
        [
          11.249999,
          2.224829,
          0.406225
        ]
      ]
    },
    {
      "name": "Bone03",
      "parent": "Bone02",
      "initpos": [
        14.154935,
        -4.7683712978141557e-7,
        -1.121826
      ],
      "initquaternion": [
        1.368467081874769e-7,
        0.098211,
        1.2114422531794844e-7,
        0.995165
      ],
      "initscale": [
        1,
        1,
        1
      ],
      "offmtx": [
        [
          -2.766872739812243e-7,
          0.195474,
          0.980708,
          -7.344276
        ],
        [
          -0.999999,
          -1.2132024096445093e-7,
          -2.5794841462811746e-7,
          0.000002
        ],
        [
          0,
          -0.980708,
          0.195474,
          2.801707
        ]
      ],
      "boundingbox": [
        [
          0,
          -0.750002,
          -0.756285
        ],
        [
          13.499994,
          0.749999,
          0.743725
        ]
      ]
    },
    {
      "name": "Bone04",
      "parent": "Bone03",
      "initpos": [
        12.168795,
        0.054841,
        -0.037947
      ],
      "initquaternion": [
        0,
        0,
        0,
        1
      ],
      "initscale": [
        0.999999,
        0.999999,
        0.999999
      ],
      "offmtx": [
        [
          2.87572589741103e-7,
          0.195473,
          0.980709,
          -19.513076
        ],
        [
          -1,
          0,
          2.783372963222064e-7,
          -0.054851
        ],
        [
          0,
          -0.980708,
          0.195473,
          2.839674
        ]
      ],
      "boundingbox": [
        [
          0,
          -0.075186,
          -2.218342
        ],
        [
          7.500003,
          0.074813,
          2.281673
        ]
      ]
    },
    {
      "name": "Bind",
      "parent": "Bone02",
      "initpos": [
        7.426795,
        -2.607702640489151e-7,
        -1.489387
      ],
      "initquaternion": [
        -3.5824828614750004e-7,
        0.707106,
        3.582480587738246e-7,
        0.707107
      ],
      "initscale": [
        1,
        1,
        1
      ],
      "offmtx": [
        [
          6.784787842661899e-7,
          0.999999,
          0,
          -4.550838
        ],
        [
          -1,
          6.78478727422771e-7,
          -0.000001,
          -0.000003
        ],
        [
          -0.000001,
          0,
          0.999999,
          0.073203
        ]
      ],
      "boundingbox": [
        [
          0.002934,
          -4.500008,
          7.573197
        ],
        [
          0.002934,
          -4.500008,
          7.573197
        ]
      ]
    },
    {
      "name": "Bone05",
      "parent": "Bone01",
      "initpos": [
        2.041052,
        -5.172566,
        0.747582
      ],
      "initquaternion": [
        -0.072441,
        -0.072441,
        -0.703386,
        0.703386
      ],
      "initscale": [
        0.999999,
        0.999999,
        0.999999
      ],
      "offmtx": [
        [
          0.979009,
          -0.203816,
          -2.8788241479560384e-7,
          -4.750432
        ],
        [
          2.956059859116067e-7,
          0,
          0.999999,
          9.967705
        ],
        [
          -0.203816,
          -0.979009,
          0,
          2.560407
        ]
      ],
      "boundingbox": [
        [
          -4.76837158203125e-7,
          -1.879941,
          -0.069366
        ],
        [
          6.000002,
          1.870057,
          0.080635
        ]
      ]
    },
    {
      "name": "Bone06",
      "parent": "Bone01",
      "initpos": [
        2.041052,
        5.173431,
        0.747582
      ],
      "initquaternion": [
        0.072441,
        -0.072441,
        0.703386,
        0.703386
      ],
      "initscale": [
        0.999999,
        0.999999,
        0.999999
      ],
      "offmtx": [
        [
          -0.979009,
          -0.203816,
          0,
          -4.751276
        ],
        [
          0,
          0,
          -0.999999,
          -9.967706
        ],
        [
          0.203816,
          -0.979009,
          0,
          2.560582
        ]
      ],
      "boundingbox": [
        [
          -0.000846,
          -1.870055,
          -0.06919
        ],
        [
          5.999155,
          1.879942,
          0.080811
        ]
      ]
    },
    {
      "name": "Bone11",
      "parent": "Bone01",
      "initpos": [
        2.962359,
        -9.5367431640625e-7,
        -2.045081
      ],
      "initquaternion": [
        0,
        0.532536,
        0,
        0.846406
      ],
      "initscale": [
        0.999999,
        1,
        0.999999
      ],
      "offmtx": [
        [
          0,
          0.901485,
          0.432809,
          0.010934
        ],
        [
          -1,
          0,
          0,
          4.287547881176579e-7
        ],
        [
          0,
          -0.432809,
          0.901485,
          10.029743
        ]
      ],
      "boundingbox": [
        [
          0.000001,
          -3.750001,
          -0.381999
        ],
        [
          9.750011,
          3.75,
          1.118004
        ]
      ]
    },
    {
      "name": "Bone12",
      "parent": "Bone11",
      "initpos": [
        9.30576,
        4.76837158203125e-7,
        -0.182916
      ],
      "initquaternion": [
        0,
        -0.532536,
        0,
        0.846406
      ],
      "initscale": [
        1,
        1,
        1
      ],
      "offmtx": [
        [
          2.0187619043099403e-7,
          0,
          0.999999,
          5.183676
        ],
        [
          -1,
          -1.1920928955078125e-7,
          2.0187617622013931e-7,
          0.000002
        ],
        [
          1.1920930376163597e-7,
          -0.999999,
          0,
          12.799285
        ]
      ],
      "boundingbox": [
        [
          4.76837158203125e-7,
          -3.799503,
          -0.523827
        ],
        [
          1.500001,
          3.799502,
          0.52618
        ]
      ]
    }
  ],
  "boundingbox": [
    [
      -21.526525,
      0.053759,
      -12.189753
    ],
    [
      21.526525,
      13.323111,
      26.089677
    ]
  ]
}
