{
  "skeleton": [
    {
      "name": "root",
      "parent": "root",
      "initpos": [
        0,
        0,
        0
      ],
      "initquaternion": [
        0.707106,
        0,
        0,
        0.707106
      ],
      "initscale": [
        1,
        0.999999,
        0.999999
      ],
      "offmtx": [
        [
          1,
          0,
          0,
          0
        ],
        [
          0,
          1,
          0,
          0
        ],
        [
          0,
          0,
          1,
          0
        ]
      ],
      "boundingbox": [
        [
          0,
          0,
          0
        ],
        [
          0,
          0,
          0
        ]
      ]
    },
    {
      "name": "Bone001",
      "parent": "root",
      "initpos": [
        -0.020091,
        -1.07651,
        -4.42128
      ],
      "initquaternion": [
        0.589304,
        -0.589303,
        -0.390795,
        -0.390795
      ],
      "initscale": [
        0.999999,
        0.999999,
        0.999999
      ],
      "offmtx": [
        [
          3.417132177219173e-7,
          0.921188,
          -0.389116,
          -4.49172
        ],
        [
          -1,
          1.8554534619852348e-7,
          -4.3891952827834757e-7,
          -0.020092
        ],
        [
          -3.321287920243776e-7,
          0.389116,
          0.921188,
          -0.728726
        ]
      ],
      "boundingbox": [
        [
          -0.107833,
          -2.485898,
          -3.452048
        ],
        [
          4.973491,
          2.445715,
          2.58527
        ]
      ]
    },
    {
      "name": "Bone005",
      "parent": "Bone001",
      "initpos": [
        4.613299,
        -0.008407,
        0.198607
      ],
      "initquaternion": [
        -0.000004,
        -0.200974,
        -6.805381644880981e-7,
        0.979596
      ],
      "initscale": [
        0.999999,
        1,
        0.999999
      ],
      "offmtx": [
        [
          -1.7462261325817963e-7,
          0.999987,
          0.005031,
          -8.73464
        ],
        [
          -1,
          -1.2954865269421134e-7,
          -0.000008,
          -0.011704
        ],
        [
          -0.000008,
          -0.005031,
          0.999987,
          2.732655
        ]
      ],
      "boundingbox": [
        [
          -1.275292,
          -3.013969,
          -5.783242
        ],
        [
          8.627405,
          2.990562,
          6.370096
        ]
      ]
    },
    {
      "name": "Bone011",
      "parent": "Bone005",
      "initpos": [
        1.478446,
        -0.011661,
        -2.395982
      ],
      "initquaternion": [
        -0.001101,
        0.794171,
        0.000172,
        0.607693
      ],
      "initscale": [
        1,
        0.999999,
        1
      ],
      "offmtx": [
        [
          0.001548,
          -0.256555,
          -0.966528,
          -2.28043
        ],
        [
          -0.999997,
          -0.001953,
          -0.001083,
          0.014505
        ],
        [
          -0.00161,
          0.966527,
          -0.256557,
          -11.198638
        ]
      ],
      "boundingbox": [
        [
          0.331017,
          -2.526157,
          -0.741012
        ],
        [
          3.483578,
          2.527177,
          2.417388
        ]
      ]
    },
    {
      "name": "Bone004",
      "parent": "Bone001",
      "initpos": [
        0.439011,
        -0.039978,
        0.76528
      ],
      "initquaternion": [
        0.00435,
        0.947881,
        -0.001256,
        -0.318592
      ],
      "initscale": [
        0.999999,
        0.999999,
        0.999999
      ],
      "offmtx": [
        [
          -0.009048,
          -0.499137,
          0.866475,
          3.02745
        ],
        [
          -0.999959,
          0.004853,
          -0.007646,
          -0.009127
        ],
        [
          -0.000388,
          -0.866509,
          -0.499161,
          4.168817
        ]
      ],
      "boundingbox": [
        [
          -2.354141,
          -2.003077,
          -2.416744
        ],
        [
          3.182516,
          2.035429,
          2.240559
        ]
      ]
    },
    {
      "name": "Bone002",
      "parent": "Bone004",
      "initpos": [
        2.981363,
        -4.731118679046631e-7,
        0
      ],
      "initquaternion": [
        0.00103,
        0.320286,
        -0.010381,
        0.947263
      ],
      "initscale": [
        0.999999,
        0.999999,
        0.999999
      ],
      "offmtx": [
        [
          0.012053,
          0.129092,
          0.991559,
          -2.492894
        ],
        [
          -0.999923,
          -0.001223,
          0.012314,
          -0.027774
        ],
        [
          0.002802,
          -0.991631,
          0.129067,
          3.341548
        ]
      ],
      "boundingbox": [
        [
          -0.253558,
          -1.506997,
          -2.314337
        ],
        [
          3.134056,
          1.523993,
          1.045756
        ]
      ]
    },
    {
      "name": "Bone003",
      "parent": "Bone002",
      "initpos": [
        3.012382,
        -0.000001,
        4.76837158203125e-7
      ],
      "initquaternion": [
        0.00076,
        0.00247,
        0.007401,
        0.999969
      ],
      "initscale": [
        1,
        0.999999,
        0.999999
      ],
      "offmtx": [
        [
          -0.002766,
          0.133946,
          0.990984,
          -5.521487
        ],
        [
          -0.999986,
          -0.004677,
          -0.002159,
          0.058901
        ],
        [
          0.004346,
          -0.990977,
          0.133957,
          3.314284
        ]
      ],
      "boundingbox": [
        [
          -0.156331,
          -0.982801,
          -1.927972
        ],
        [
          3.080015,
          1.026775,
          0.457157
        ]
      ]
    },
    {
      "name": "Bone022",
      "parent": "Bone003",
      "initpos": [
        1.646568,
        0.019616,
        -1.162222
      ],
      "initquaternion": [
        -0.000726,
        0.658043,
        -0.002471,
        0.752975
      ],
      "initscale": [
        0.999999,
        0.999999,
        0.999999
      ],
      "offmtx": [
        [
          6.892720989526424e-7,
          0.999999,
          0,
          -5.396435
        ],
        [
          -0.999999,
          6.892719852658047e-7,
          -1.674051759437134e-7,
          -0.000001
        ],
        [
          -1.6740514752200397e-7,
          0,
          0.999999,
          -6.503857
        ]
      ],
      "boundingbox": [
        [
          -0.447719,
          -0.167299,
          -1.122799
        ],
        [
          1.546101,
          0.167311,
          3.363292
        ]
      ]
    },
    {
      "name": "Bone021",
      "parent": "Bone002",
      "initpos": [
        1.562858,
        0.007343,
        -1.572483
      ],
      "initquaternion": [
        -0.005029,
        0.659879,
        0.003603,
        0.751345
      ],
      "initscale": [
        1,
        0.999999,
        0.999999
      ],
      "offmtx": [
        [
          2.765322903997003e-7,
          1,
          0,
          -5.396433
        ],
        [
          -1,
          2.765322335562814e-7,
          1.5832482347377663e-7,
          -0.000002
        ],
        [
          1.5832483768463135e-7,
          0,
          0.999999,
          -3.38771
        ]
      ],
      "boundingbox": [
        [
          0.549193,
          -0.498455,
          -1.495835
        ],
        [
          2.044559,
          0.498457,
          0.497983
        ]
      ]
    },
    {
      "name": "Bone019",
      "parent": "Bone001",
      "initpos": [
        1.647707,
        -3.033079,
        0.160229
      ],
      "initquaternion": [
        0.140795,
        0.695795,
        -0.689839,
        0.142011
      ],
      "initscale": [
        0.999999,
        0.999999,
        0.999999
      ],
      "offmtx": [
        [
          0,
          -0.999995,
          -0.002994,
          5.996747
        ],
        [
          -0.008595,
          0.002994,
          -0.999958,
          -1.562062
        ],
        [
          0.999963,
          0.000025,
          -0.008595,
          -3.026528
        ]
      ],
      "boundingbox": [
        [
          -0.006077,
          -2.114692,
          -0.584664
        ],
        [
          3.016177,
          1.898871,
          1.443436
        ]
      ]
    },
    {
      "name": "Bone006",
      "parent": "Bone019",
      "initpos": [
        5.495574,
        -0.217569,
        0.018384
      ],
      "initquaternion": [
        0.002431,
        -0.002469,
        0.701486,
        0.712674
      ],
      "initscale": [
        0.999999,
        1,
        0.999999
      ],
      "offmtx": [
        [
          -0.001663,
          -0.012827,
          -0.999916,
          -1.357469
        ],
        [
          -0.000135,
          0.999917,
          -0.012827,
          -0.522385
        ],
        [
          0.999998,
          0.000113,
          -0.001664,
          -3.035575
        ]
      ],
      "boundingbox": [
        [
          -1.926162,
          -0.516647,
          -0.364468
        ],
        [
          2.101991,
          2.499612,
          1.137419
        ]
      ]
    },
    {
      "name": "Bone008",
      "parent": "Bone001",
      "initpos": [
        1.647632,
        2.979662,
        0.160396
      ],
      "initquaternion": [
        -0.140851,
        -0.692936,
        0.692936,
        -0.140851
      ],
      "initscale": [
        0.999999,
        1,
        0.999999
      ],
      "offmtx": [
        [
          0,
          -0.999998,
          -0.001399,
          5.999271
        ],
        [
          0.000001,
          0.001399,
          -0.999998,
          -1.578269
        ],
        [
          1,
          0,
          0.000001,
          2.999754
        ]
      ],
      "boundingbox": [
        [
          -0.006972,
          -2.097527,
          -1.440445
        ],
        [
          3.013162,
          1.894292,
          0.553379
        ]
      ]
    },
    {
      "name": "Bone009",
      "parent": "Bone008",
      "initpos": [
        5.495573,
        -0.217386,
        -0.011641
      ],
      "initquaternion": [
        -0.003286,
        0.003339,
        0.701483,
        0.71267
      ],
      "initscale": [
        0.999999,
        0.999999,
        0.999999
      ],
      "offmtx": [
        [
          -0.009369,
          -0.014421,
          -0.999852,
          -1.380903
        ],
        [
          8.805509423837066e-7,
          0.999895,
          -0.014422,
          -0.525161
        ],
        [
          0.999956,
          -0.000136,
          -0.009368,
          2.998587
        ]
      ],
      "boundingbox": [
        [
          -1.922366,
          -0.518105,
          -1.173662
        ],
        [
          2.121824,
          2.501067,
          0.359401
        ]
      ]
    },
    {
      "name": "Bone013",
      "parent": "Bone001",
      "initpos": [
        3.870579,
        2.306065,
        -1.545137
      ],
      "initquaternion": [
        0.003428,
        0.652392,
        -0.006003,
        0.757849
      ],
      "initscale": [
        1,
        0.999999,
        0.999999
      ],
      "offmtx": [
        [
          0.004626,
          -0.247809,
          -0.968797,
          -2.040009
        ],
        [
          -0.999904,
          0.011478,
          -0.007711,
          -2.441596
        ],
        [
          0.013031,
          0.96874,
          -0.247732,
          -8.116806
        ]
      ],
      "boundingbox": [
        [
          -0.552715,
          -0.413203,
          -2.993516
        ],
        [
          2.186784,
          1.610247,
          0.1998
        ]
      ]
    },
    {
      "name": "Bone014",
      "parent": "Bone001",
      "initpos": [
        3.896593,
        -2.364077,
        -1.546161
      ],
      "initquaternion": [
        -0.000868,
        0.656934,
        -0.007359,
        0.753911
      ],
      "initscale": [
        0.999999,
        0.999999,
        0.999999
      ],
      "offmtx": [
        [
          0.012237,
          -0.259443,
          -0.96568,
          -1.985612
        ],
        [
          -0.999889,
          0.004898,
          -0.013987,
          2.251248
        ],
        [
          0.008359,
          0.965745,
          -0.259355,
          -8.21678
        ]
      ],
      "boundingbox": [
        [
          -0.55024,
          -1.620881,
          -2.983662
        ],
        [
          2.221561,
          0.405739,
          0.189942
        ]
      ]
    }
  ],
  "boundingbox": [
    [
      -4.440197,
      0.000227,
      -8.477005
    ],
    [
      4.440197,
      17.349597,
      9.867152
    ]
  ]
}
