{"skeleton":[{"name":"root","parent":"root","initpos":[0.0,0.0,-0.0],"initquaternion":[0.707106,0.0,0.0,0.707106],"initscale":[1.0,0.999999,0.999999],"offmtx":[[1.0,0.0,0.0,0.0],[0.0,1.0,0.0,0.0],[0.0,0.0,1.0,0.0]],"boundingbox":[[0.0,0.0,0.0],[0.0,0.0,0.0]]},{"name":"Bone001","parent":"root","initpos":[-0.020091,-1.07651,-4.42128],"initquaternion":[0.589304,-0.589303,-0.390795,-0.390795],"initscale":[0.999999,0.999999,0.999999],"offmtx":[[3.417132177219173e-07,0.921188,-0.389116,-4.49172],[-1.0,1.8554534619852348e-07,-4.3891952827834757e-07,-0.020092],[-3.321287920243776e-07,0.389116,0.921188,-0.728726]],"boundingbox":[[-0.022741,-2.493916,-3.552147],[5.157749,2.663609,2.646221]]},{"name":"Bone005","parent":"Bone001","initpos":[4.613299,-0.008407,0.198607],"initquaternion":[-4e-06,-0.200974,-6.805381644880981e-07,0.979596],"initscale":[0.999999,1.0,0.999999],"offmtx":[[-1.7462261325817963e-07,0.999987,0.005031,-8.73464],[-1.0,-1.2954865269421134e-07,-8e-06,-0.011704],[-8e-06,-0.005031,0.999987,2.732655]],"boundingbox":[[-0.062937,-3.924082,-5.880174],[8.331669,4.108376,5.716945]]},{"name":"Bone011","parent":"Bone005","initpos":[1.478446,-0.011661,-2.395982],"initquaternion":[-0.001101,0.794171,0.000172,0.607693],"initscale":[1.0,0.999999,1.0],"offmtx":[[0.001548,-0.256555,-0.966528,-2.28043],[-0.999997,-0.001953,-0.001083,0.014505],[-0.00161,0.966527,-0.256557,-11.198638]],"boundingbox":[[0.095759,-1.899832,-0.483546],[3.104204,2.107812,0.529917]]},{"name":"Bone023","parent":"Bone005","initpos":[2.457456,2.6556,-0.072367],"initquaternion":[0.707107,0.001778,-0.001778,0.707101],"initscale":[0.999999,0.999999,0.999999],"offmtx":[[4.288854142942e-07,0.999999,0.0,-11.206068],[-2.1178493625484407e-07,0.0,0.999999,2.748692],[1.0,-4.288853858724906e-07,2.1178492204398935e-07,2.667287]],"boundingbox":[[-0.750849,-1.91603,-0.097882],[1.89425,1.258032,-0.082912]]},{"name":"Bone024","parent":"Bone005","initpos":[2.457456,-2.681941,-0.072417],"initquaternion":[0.707107,0.001778,-0.001778,0.707101],"initscale":[0.999999,0.999999,0.999999],"offmtx":[[4.288854142942e-07,0.999999,0.0,-11.20607],[-2.1178493625484407e-07,0.0,0.999999,2.748694],[1.0,-4.288853858724906e-07,2.1178492204398935e-07,-2.670254]],"boundingbox":[[-0.75085,-1.916028,-0.120017],[1.894249,1.258033,-0.105047]]},{"name":"Bone004","parent":"Bone001","initpos":[0.439011,-0.039978,0.76528],"initquaternion":[0.00435,0.947881,-0.001256,-0.318592],"initscale":[0.999999,0.999999,0.999999],"offmtx":[[-0.009048,-0.499137,0.866475,3.02745],[-0.999959,0.004853,-0.007646,-0.009127],[-0.000388,-0.866509,-0.499161,4.168817]],"boundingbox":[[-0.115888,-1.906319,-1.805117],[2.924058,2.123566,2.199238]]},{"name":"Bone002","parent":"Bone004","initpos":[2.981363,-4.731118679046631e-07,-0.0],"initquaternion":[0.00103,0.320286,-0.010381,0.947263],"initscale":[0.999999,0.999999,0.999999],"offmtx":[[0.012053,0.129092,0.991559,-2.492894],[-0.999923,-0.001223,0.012314,-0.027774],[0.002802,-0.991631,0.129067,3.341548]],"boundingbox":[[-0.268767,-1.409385,-1.761346],[3.12933,1.632411,1.609076]]},{"name":"Bone003","parent":"Bone002","initpos":[3.012382,-1e-06,4.76837158203125e-07],"initquaternion":[0.00076,0.00247,0.007401,0.999969],"initscale":[1.0,0.999999,0.999999],"offmtx":[[-0.002766,0.133946,0.990984,-5.521487],[-0.999986,-0.004677,-0.002159,0.058901],[0.004346,-0.990977,0.133957,3.314284]],"boundingbox":[[-1.217247,-0.87806,-0.979275],[3.627988,1.139198,1.413188]]},{"name":"Bone019","parent":"Bone001","initpos":[1.647707,-3.033079,0.160229],"initquaternion":[0.140795,0.695795,-0.689839,0.142011],"initscale":[0.999999,0.999999,0.999999],"offmtx":[[0.0,-0.999995,-0.002994,5.996747],[-0.008595,0.002994,-0.999958,-1.562062],[0.999963,2.5e-05,-0.008595,-3.026528]],"boundingbox":[[-0.003318,-1.726925,-1.107369],[6.001118,1.898899,0.98998]]},{"name":"Bone006","parent":"Bone019","initpos":[5.495574,-0.217569,0.018384],"initquaternion":[0.002431,-0.002469,0.701486,0.712674],"initscale":[0.999999,1.0,0.999999],"offmtx":[[-0.001663,-0.012827,-0.999916,-1.357469],[-0.000135,0.999917,-0.012827,-0.522385],[0.999998,0.000113,-0.001664,-3.035575]],"boundingbox":[[0.083118,-0.504083,-0.86122],[2.098268,0.521613,0.642087]]},{"name":"Bone008","parent":"Bone001","initpos":[1.647632,2.979662,0.160396],"initquaternion":[-0.140851,-0.692936,0.692936,-0.140851],"initscale":[0.999999,1.0,0.999999],"offmtx":[[0.0,-0.999998,-0.001399,5.999271],[1e-06,0.001399,-0.999998,-1.578269],[1.0,0.0,1e-06,2.999754]],"boundingbox":[[-0.000752,-1.715888,-1.208194],[6.001314,1.889761,0.877245]]},{"name":"Bone009","parent":"Bone008","initpos":[5.495573,-0.217386,-0.011641],"initquaternion":[-0.003286,0.003339,0.701483,0.71267],"initscale":[0.999999,0.999999,0.999999],"offmtx":[[-0.009369,-0.014421,-0.999852,-1.380903],[8.805509423837066e-07,0.999895,-0.014422,-0.525161],[0.999956,-0.000136,-0.009368,2.998587]],"boundingbox":[[0.08637,-0.475272,-0.862547],[2.114524,0.524625,0.656202]]},{"name":"Bone013","parent":"Bone001","initpos":[3.870579,2.306065,-1.545137],"initquaternion":[0.003428,0.652392,-0.006003,0.757849],"initscale":[1.0,0.999999,0.999999],"offmtx":[[0.004626,-0.247809,-0.968797,-2.040009],[-0.999904,0.011478,-0.007711,-2.441596],[0.013031,0.96874,-0.247732,-8.116806]],"boundingbox":[[0.06919,-0.387408,-0.47878],[2.084956,0.634587,0.55693]]},{"name":"Bone007","parent":"Bone013","initpos":[2.000945,-2.384185791015625e-07,-0.0],"initquaternion":[-0.005689,0.009032,-0.003678,0.999936],"initscale":[1.0,1.0,1.0],"offmtx":[[0.011849,-0.265307,-0.96409,-3.875684],[-0.999927,-0.001407,-0.011902,-2.377785],[0.0018,0.964162,-0.265304,-8.215744]],"boundingbox":[[2.065001,-0.348694,-0.456952],[2.083595,0.652923,0.544821]]},{"name":"Bone014","parent":"Bone001","initpos":[3.896593,-2.364077,-1.546161],"initquaternion":[-0.000868,0.656934,-0.007359,0.753911],"initscale":[0.999999,0.999999,0.999999],"offmtx":[[0.012237,-0.259443,-0.96568,-1.985612],[-0.999889,0.004898,-0.013987,2.251248],[0.008359,0.965745,-0.259355,-8.21678]],"boundingbox":[[0.064835,-0.400127,-0.477664],[2.077471,0.632491,0.531802]]},{"name":"Bone012","parent":"Bone014","initpos":[2.000946,0.0,-0.0],"initquaternion":[-0.009273,0.00022,0.010228,0.999904],"initscale":[0.999999,0.999999,0.999999],"offmtx":[[-0.008218,-0.259898,-0.9656,-3.934499],[-0.999914,-0.0077,0.010583,2.48429],[-0.010186,0.965605,-0.259813,-8.174612]],"boundingbox":[[2.067883,-0.395174,-0.472923],[2.077233,0.614886,0.537207]]},{"name":"Bone010","parent":"root","initpos":[-0.978999,-2.302,-6.527999],"initquaternion":[-0.499999,0.5,0.499999,0.5],"initscale":[0.24017,0.240169,0.240169],"offmtx":[[1e-06,4.163723,0.0,-27.179191],[-4.163724,1e-06,1e-05,-4.076145],[1e-05,-0.0,4.163723,9.586809]],"boundingbox":[[-1.20812,-1.224047,-0.125945],[4.92789,1.109357,0.129761]]}],"boundingbox":[[-4.207946,-3e-06,-8.543143],[4.004871,17.066497,8.645568]]}