{"skeleton":[{"name":"root","parent":"root","initpos":[0.0,0.0,0.98817],"initquaternion":[0.707106,0.0,0.0,0.707106],"initscale":[1.0,0.999999,0.999999],"offmtx":[[1.0,0.0,0.0,0.0],[0.0,1.0,0.0,0.0],[0.0,0.0,1.0,0.0]],"boundingbox":[[0.0,0.0,0.0],[0.0,0.0,0.0]]},{"name":"bone_01","parent":"root","initpos":[0.003116,-0.90333,1.2888399680832663e-07],"initquaternion":[0.0,0.707106,0.0,0.707106],"initscale":[1.0,1.0,1.0],"offmtx":[[3.139165301035973e-07,1.0,0.0,1.279054231417831e-07],[-0.0,0.0,1.0,-0.08484],[0.999999,-3.1391644483846903e-07,0.0,-0.003116]],"boundingbox":[[-2.234571,-1.013819,-0.747183],[2.228763,3.239044,0.740595]]},{"name":"bone_02","parent":"bone_01","initpos":[-2.711579,-1.44688,-0.005503],"initquaternion":[-0.707106,1.6858739115832577e-07,-2.304046233803092e-07,0.707106],"initscale":[1.0,0.999999,0.999999],"offmtx":[[6.893876047797676e-07,0.999999,0.0,2.711578],[-1.0,6.893875479363487e-07,-0.0,-0.002385],[-0.0,0.0,0.999999,1.362043]],"boundingbox":[[-4.97041,-5.511147,-0.62722],[11.48362,4.98105,0.54757]]},{"name":"bone_03","parent":"bone_02","initpos":[1.015749,2.203532,-0.448899],"initquaternion":[0.0,0.0,0.0,1.0],"initscale":[1.0,1.0,1.0],"offmtx":[[3.9597676959601813e-07,0.999999,0.0,1.695831],[-1.0,3.959767411743087e-07,-1.7881392011531716e-07,-2.20592],[-1.7881393432617188e-07,0.0,0.999999,1.810935]],"boundingbox":[[0.111362,-0.653316,0.037873],[1.399789,0.635112,0.049449]]},{"name":"bone_06","parent":"bone_02","initpos":[1.015751,-2.265347,-0.448899],"initquaternion":[0.0,0.0,0.0,1.0],"initscale":[1.0,1.0,1.0],"offmtx":[[3.248830182656093e-07,0.999999,0.0,1.69583],[-1.0,3.2488298984389985e-07,-0.0,2.262958],[-0.0,0.0,0.999999,1.810935]],"boundingbox":[[0.111362,-0.595933,0.037872],[1.399789,0.692493,0.049448]]},{"name":"bone_08","parent":"bone_02","initpos":[2.68786,2.203533,-0.448898],"initquaternion":[0.0,0.0,0.0,1.0],"initscale":[1.0,1.0,1.0],"offmtx":[[3.248830182656093e-07,0.999999,0.0,0.02372],[-1.0,3.2488298984389985e-07,-0.0,-2.205921],[-0.0,0.0,0.999999,1.810936]],"boundingbox":[[0.132712,-0.653316,0.037873],[1.421139,0.635112,0.049449]]},{"name":"bone_09","parent":"bone_02","initpos":[5.31378,-0.845832,-0.646407],"initquaternion":[0.0,0.0,0.0,1.0],"initscale":[1.0,1.0,1.0],"offmtx":[[3.248830182656093e-07,0.999999,0.0,0.023719],[-1.0,3.2488298984389985e-07,-2.2252532971833716e-07,-0.711276],[-2.2252534392919188e-07,0.0,0.999999,1.810936]],"boundingbox":[[0.120248,-0.631273,0.037873],[1.408676,0.657153,0.049449]]},{"name":"bone_11","parent":"bone_02","initpos":[0.97658,-0.865157,-0.448899],"initquaternion":[0.0,0.0,0.0,1.0],"initscale":[1.0,1.0,1.0],"offmtx":[[3.248830182656093e-07,0.999999,0.0,0.023718],[-1.0,3.2488298984389985e-07,-2.2252532971833716e-07,2.262535],[-2.2252534392919188e-07,0.0,0.999999,1.810936]],"boundingbox":[[0.145587,-0.596356,0.037872],[1.434014,0.692071,0.049449]]},{"name":"Bone001","parent":"root","initpos":[-1.033088,-2.470193,-7.331141],"initquaternion":[-0.488842,0.510914,-0.488842,0.510913],"initscale":[0.999999,0.999999,0.999999],"offmtx":[[-1.6276194969577773e-07,0.044132,-0.999025,-1.804118],[-0.0,0.999025,0.044132,-7.258594],[1.0,0.0,-1.609915898370673e-07,1.033087]],"boundingbox":[[0.321069,-0.361794,-0.351509],[0.353106,0.363444,0.374435]]},{"name":"Bone002","parent":"Bone001","initpos":[0.03714,-0.00164,4.76837158203125e-07],"initquaternion":[0.0,0.0,-0.001064,0.999999],"initscale":[0.999999,0.999999,1.0],"offmtx":[[-1.626838610491177e-07,0.042005,-0.999117,-1.825805],[-0.0,0.999117,0.042005,-7.260858],[1.0,0.0,-1.606831006029097e-07,1.033087]],"boundingbox":[[0.30483,-0.207794,-0.199045],[0.322515,0.212849,0.22197]]},{"name":"Bone003","parent":"root","initpos":[1.12304,-2.470193,-7.331141],"initquaternion":[0.510914,-0.488842,-0.510913,0.488842],"initscale":[1.0,0.999999,1.0],"offmtx":[[-1.6276194969577773e-07,0.044132,-0.999025,-1.804118],[-6.469481377280317e-07,-0.999026,-0.044132,7.258597],[-1.0,6.391345550582628e-07,1.9115461213914386e-07,1.123035]],"boundingbox":[[0.321069,-0.363444,-0.370101],[0.353106,0.361794,0.355843]]},{"name":"Bone004","parent":"Bone003","initpos":[0.03714,0.00164,1e-06],"initquaternion":[-2.3841846541472478e-07,-0.0,0.001064,0.999999],"initscale":[0.999999,1.0,1.0],"offmtx":[[-1.6413930836733925e-07,0.042004,-0.999117,-1.8258],[-1.6976279937352956e-07,-0.999117,-0.042004,7.260859],[-1.0,1.6271833658265678e-07,1.711252224367854e-07,1.123037]],"boundingbox":[[0.30483,-0.212849,-0.217638],[0.322515,0.207793,0.203376]]},{"name":"Bone007","parent":"root","initpos":[-4.545619,-2.298667,-3.841785],"initquaternion":[0.405824,0.579056,0.579056,-0.405824],"initscale":[0.999999,0.999999,0.999999],"offmtx":[[-0.341226,-0.939981,-0.0,2.060122],[0.939981,-0.341226,2.996068531047058e-07,5.583714],[-3.093852285473986e-07,0.0,0.999999,1.310495]],"boundingbox":[[0.000544,-0.138159,-0.609351],[2.233541,0.168512,0.711738]]},{"name":"Bone008","parent":"root","initpos":[4.478981,-2.298667,-3.943185],"initquaternion":[-0.58241,-0.400997,-0.400997,0.582409],"initscale":[1.0,1.0,1.0],"offmtx":[[0.356804,-0.934179,-0.0,2.08552],[0.934179,0.356804,-1e-06,-5.591119],[1e-06,5.146676471667888e-07,0.999999,1.310487]],"boundingbox":[[-0.018918,-0.161098,-0.609352],[2.218354,0.178881,0.711736]]},{"name":"Bone006","parent":"root","initpos":[0.0,-2.7794,-5.895221],"initquaternion":[-0.496784,0.503194,-0.496784,0.503194],"initscale":[0.999999,0.999999,1.0],"offmtx":[[-1.6290731252865953e-07,0.012818,-0.999917,-1.866652],[-2.8004151886307227e-07,0.999917,0.012818,-5.871776],[1.0,2.8210675395712315e-07,-1.593040792613465e-07,-1e-06]],"boundingbox":[[0.018919,-0.352602,-1.376673],[0.398047,0.368617,1.489466]]},{"name":"Bone005","parent":"root","initpos":[0.0,-2.774278,-6.499555],"initquaternion":[-0.5,0.5,-0.5,0.499999],"initscale":[1.0,1.0,1.0],"offmtx":[[1.6292068494294654e-07,0.0,-0.999999,-1.786107],[-1.6292068494294654e-07,0.999999,-0.0,-6.499555],[1.0,1.6292067073209182e-07,1.6292067073209182e-07,-7.679182090214454e-07]],"boundingbox":[[0.028498,-0.235387,-1.376673],[0.398471,0.481148,1.489466]]}],"boundingbox":[[-5.437541,-7.681991,-2.18458],[5.508759,8.77204,3.323884]]}