{
  "skeleton": [
    {
      "name": "root",
      "parent": "root",
      "initpos": [
        0,
        0,
        0
      ],
      "initquaternion": [
        0.707106,
        0,
        0,
        0.707106
      ],
      "initscale": [
        1,
        0.999999,
        0.999999
      ],
      "offmtx": [
        [
          1,
          0,
          0,
          0
        ],
        [
          0,
          1,
          0,
          0
        ],
        [
          0,
          0,
          1,
          0
        ]
      ],
      "boundingbox": [
        [
          0,
          0,
          0
        ],
        [
          0,
          0,
          0
        ]
      ]
    },
    {
      "name": "bone01",
      "parent": "root",
      "initpos": [
        -0.000001,
        9.998276,
        -14.679428
      ],
      "initquaternion": [
        0.501434,
        -0.498561,
        0.501434,
        -0.498561
      ],
      "initscale": [
        0.999999,
        0.999999,
        1
      ],
      "offmtx": [
        [
          -3.377606674348499e-7,
          -0.005746,
          -0.999983,
          10.082473
        ],
        [
          -2.840710919826961e-7,
          0.999983,
          -0.005746,
          -14.621726
        ],
        [
          1,
          2.821253133333812e-7,
          -3.393876113477745e-7,
          -0.000001
        ]
      ],
      "boundingbox": [
        [
          -4.38296,
          -6.393094,
          -4.452453
        ],
        [
          4.226377,
          4.442934,
          4.547551
        ]
      ]
    },
    {
      "name": "bone02",
      "parent": "bone01",
      "initpos": [
        4.182206,
        -0.000077,
        4.985192845197162e-7
      ],
      "initquaternion": [
        0,
        0,
        -0.000937,
        0.999999
      ],
      "initscale": [
        0.999999,
        0.999999,
        1
      ],
      "offmtx": [
        [
          -2.183243594799933e-7,
          -0.007621,
          -0.99997,
          5.927663
        ],
        [
          -2.84703702391198e-7,
          0.99997,
          -0.007621,
          -14.610564
        ],
        [
          1,
          2.8303148269515077e-7,
          -2.2048783421269036e-7,
          -0.000002
        ]
      ],
      "boundingbox": [
        [
          -0.022658,
          -5.742757,
          -4.938099
        ],
        [
          6.34575,
          4.023427,
          4.854689
        ]
      ]
    },
    {
      "name": "bone03",
      "parent": "bone02",
      "initpos": [
        6.297358,
        -0.00022,
        0
      ],
      "initquaternion": [
        0,
        0,
        -0.003973,
        0.999992
      ],
      "initscale": [
        1,
        1,
        1
      ],
      "offmtx": [
        [
          -2.1605481492770195e-7,
          -0.015568,
          -0.999878,
          -0.253568
        ],
        [
          -2.864298096483253e-7,
          0.999878,
          -0.015568,
          -14.612821
        ],
        [
          1,
          2.830315111168602e-7,
          -2.2048784842354507e-7,
          -0.000002
        ]
      ],
      "boundingbox": [
        [
          -0.529384,
          -6.775333,
          -7.062686
        ],
        [
          11.184657,
          6.501825,
          7.233598
        ]
      ]
    },
    {
      "name": "bone04",
      "parent": "bone03",
      "initpos": [
        5.27874,
        2.49864,
        -8.541007
      ],
      "initquaternion": [
        0,
        0,
        -0.724374,
        0.689407
      ],
      "initscale": [
        0.999999,
        0.999999,
        1
      ],
      "offmtx": [
        [
          2.967604473269603e-7,
          -0.997886,
          0.064978,
          17.364032
        ],
        [
          -2.5449264740018407e-7,
          -0.064978,
          -0.997886,
          -4.679628
        ],
        [
          1,
          2.795966054236487e-7,
          -2.7323793005962216e-7,
          8.541004
        ]
      ],
      "boundingbox": [
        [
          -0.20201,
          -2.605028,
          -2.306524
        ],
        [
          11.228069,
          4.104838,
          2.193477
        ]
      ]
    },
    {
      "name": "bone05",
      "parent": "bone04",
      "initpos": [
        8.220458,
        0.000016,
        0
      ],
      "initquaternion": [
        0,
        0,
        0.175456,
        0.984487
      ],
      "initscale": [
        1,
        1,
        1
      ],
      "offmtx": [
        [
          2.6363471761214896e-7,
          -0.958894,
          -0.283761,
          6.963927
        ],
        [
          -3.41344787102571e-7,
          0.283761,
          -0.958894,
          -7.550349
        ],
        [
          1,
          3.496585350148962e-7,
          -2.5250429303014243e-7,
          8.541004
        ]
      ],
      "boundingbox": [
        [
          -0.078356,
          -2.089831,
          -2.188784
        ],
        [
          7.854118,
          2.425069,
          2.311217
        ]
      ]
    },
    {
      "name": "bone06",
      "parent": "bone05",
      "initpos": [
        8.205209,
        -0.178805,
        -0.022908
      ],
      "initquaternion": [
        0,
        0,
        0.593781,
        0.804626
      ],
      "initscale": [
        0.999999,
        0.999999,
        1
      ],
      "offmtx": [
        [
          -3.358607614245557e-7,
          -0.011581,
          -0.999932,
          -7.409825
        ],
        [
          -4.399821591505315e-7,
          0.999932,
          -0.011581,
          -0.987385
        ],
        [
          1,
          4.360629759503354e-7,
          -3.4093380918420735e-7,
          8.563912
        ]
      ],
      "boundingbox": [
        [
          -0.930964,
          -0.941517,
          -1.888216
        ],
        [
          2.469295,
          0.866915,
          1.923965
        ]
      ]
    },
    {
      "name": "bone07",
      "parent": "bone03",
      "initpos": [
        9.920372,
        5.477802,
        0.000001
      ],
      "initquaternion": [
        0,
        0,
        -0.25894,
        0.965893
      ],
      "initscale": [
        1,
        1,
        1
      ],
      "offmtx": [
        [
          0,
          -0.513636,
          -0.858007,
          1.240056
        ],
        [
          -3.56093892150966e-7,
          0.858007,
          -0.513636,
          -22.485651
        ],
        [
          1,
          2.8303148269515077e-7,
          -2.2048780579098093e-7,
          -0.000004
        ]
      ],
      "boundingbox": [
        [
          -0.049656,
          -4.528087,
          -11.48715
        ],
        [
          17.943861,
          9.579429,
          11.475145
        ]
      ]
    },
    {
      "name": "bone08",
      "parent": "bone07",
      "initpos": [
        5.59798,
        -3.160549,
        -0.000001
      ],
      "initquaternion": [
        0,
        0,
        0.009176,
        0.999957
      ],
      "initscale": [
        0.999999,
        0.999999,
        1
      ],
      "offmtx": [
        [
          0,
          -0.497803,
          -0.867289,
          -4.711862
        ],
        [
          -4.3479030864546075e-7,
          0.867289,
          -0.497803,
          -19.241867
        ],
        [
          1,
          3.520333109463536e-7,
          -2.600931736651546e-7,
          -0.000003
        ]
      ],
      "boundingbox": [
        [
          -0.043692,
          -1.300474,
          -4.925633
        ],
        [
          9.863111,
          1.420049,
          4.974365
        ]
      ]
    },
    {
      "name": "bone09",
      "parent": "bone07",
      "initpos": [
        3.062626,
        3.380025,
        -3.302331
      ],
      "initquaternion": [
        0.662278,
        0.25175,
        -0.623545,
        -0.330453
      ],
      "initscale": [
        0.999999,
        1,
        0.999999
      ],
      "offmtx": [
        [
          -0.659539,
          0.590581,
          -0.464995,
          -21.636787
        ],
        [
          -0.751659,
          -0.521465,
          0.403833,
          14.599128
        ],
        [
          -0.003982,
          0.615862,
          0.787843,
          -1.405447
        ]
      ],
      "boundingbox": [
        [
          -0.038038,
          -1.78856,
          -0.503746
        ],
        [
          3.577713,
          1.829569,
          0.52102
        ]
      ]
    },
    {
      "name": "bone10",
      "parent": "bone07",
      "initpos": [
        3.062626,
        3.380023,
        3.30167
      ],
      "initquaternion": [
        -0.330452,
        -0.623545,
        0.25175,
        0.662278
      ],
      "initscale": [
        0.999999,
        1,
        1
      ],
      "offmtx": [
        [
          0.659539,
          0.590582,
          -0.464995,
          -21.63635
        ],
        [
          -0.751659,
          0.521465,
          -0.403832,
          -14.599619
        ],
        [
          0.003982,
          0.615861,
          0.787843,
          -1.405438
        ]
      ],
      "boundingbox": [
        [
          -0.037597,
          -1.830075,
          -0.503744
        ],
        [
          3.578153,
          1.788052,
          0.521023
        ]
      ]
    },
    {
      "name": "bone11",
      "parent": "bone03",
      "initpos": [
        5.278739,
        2.498636,
        8.540991
      ],
      "initquaternion": [
        -0.689407,
        0.724374,
        0,
        1.4815047677529947e-7
      ],
      "initscale": [
        0.999999,
        0.999999,
        0.999999
      ],
      "offmtx": [
        [
          0,
          -0.997886,
          0.064978,
          17.36403
        ],
        [
          2.0163140845852467e-7,
          0.064978,
          0.997886,
          4.679629
        ],
        [
          -1,
          0,
          1.9931563599584479e-7,
          8.540988
        ]
      ],
      "boundingbox": [
        [
          -0.202008,
          -4.104834,
          -2.306545
        ],
        [
          11.22807,
          2.605031,
          2.193455
        ]
      ]
    },
    {
      "name": "bone12",
      "parent": "bone11",
      "initpos": [
        8.220455,
        -0.000015,
        -0.000004
      ],
      "initquaternion": [
        0,
        0,
        -0.175456,
        0.984487
      ],
      "initscale": [
        0.999999,
        0.999999,
        1
      ],
      "offmtx": [
        [
          -2.5234845679733553e-7,
          -0.958894,
          -0.283761,
          6.96393
        ],
        [
          1.7916971728482167e-7,
          -0.283761,
          0.958894,
          7.550348
        ],
        [
          -1,
          1.911341627192087e-7,
          2.434117050142959e-7,
          8.540992
        ]
      ],
      "boundingbox": [
        [
          -0.078354,
          -2.425065,
          -2.277237
        ],
        [
          7.85412,
          2.089834,
          2.222764
        ]
      ]
    },
    {
      "name": "bone13",
      "parent": "bone12",
      "initpos": [
        8.205209,
        0.178806,
        -0.022909
      ],
      "initquaternion": [
        0,
        0,
        -0.593781,
        0.804626
      ],
      "initscale": [
        1,
        1,
        1
      ],
      "offmtx": [
        [
          -3.370479646491731e-7,
          -0.011581,
          -0.999932,
          -7.409821
        ],
        [
          -1.8830230885669152e-7,
          -0.999932,
          0.011581,
          0.987384
        ],
        [
          -1,
          1.921931271908761e-7,
          3.3484460004729044e-7,
          8.5639
        ]
      ],
      "boundingbox": [
        [
          -0.930965,
          -0.866911,
          -1.888232
        ],
        [
          2.469293,
          0.941519,
          1.923947
        ]
      ]
    },
    {
      "name": "bind",
      "parent": "bone02",
      "initpos": [
        2.901847,
        4.989884,
        -3.784969067055499e-7
      ],
      "initquaternion": [
        0.498091,
        0.501902,
        -0.501901,
        -0.49809
      ],
      "initscale": [
        0.999999,
        1,
        0.999999
      ],
      "offmtx": [
        [
          2.3358273892881698e-7,
          0.999999,
          0,
          -19.62294
        ],
        [
          -1,
          2.3358272471796226e-7,
          -5.941155336586235e-7,
          -0.000005
        ],
        [
          -5.941155905020423e-7,
          0,
          0.999999,
          -2.876346
        ]
      ],
      "boundingbox": [
        [
          -0.992154,
          -4.019764,
          2.932154
        ],
        [
          -0.992154,
          -4.019764,
          2.932154
        ]
      ]
    },
    {
      "name": "bone14",
      "parent": "bone01",
      "initpos": [
        -4.0369,
        3.03146,
        0.000001
      ],
      "initquaternion": [
        -1.7258065554415225e-7,
        -1.862848790779026e-7,
        0.890609,
        -0.454768
      ],
      "initscale": [
        0.999999,
        0.999999,
        1
      ],
      "offmtx": [
        [
          0,
          -0.806659,
          0.591016,
          6.020649
        ],
        [
          -2.8187520229039364e-7,
          -0.591016,
          -0.806659,
          21.788608
        ],
        [
          1,
          -2.058565371498844e-7,
          -1.9860992495068786e-7,
          0.000003
        ]
      ],
      "boundingbox": [
        [
          -0.031835,
          -0.955822,
          -0.91668
        ],
        [
          2.780697,
          1.017848,
          1.011774
        ]
      ]
    },
    {
      "name": "bone15",
      "parent": "bone14",
      "initpos": [
        2.388527,
        -0.000001,
        1.2341160982032306e-7
      ],
      "initquaternion": [
        0,
        0,
        -0.167305,
        0.985905
      ],
      "initscale": [
        0.999999,
        0.999999,
        1
      ],
      "offmtx": [
        [
          1.1514566722325981e-7,
          -0.566527,
          0.824042,
          -3.759156
        ],
        [
          -3.2042277098298655e-7,
          -0.824042,
          -0.566527,
          21.767053
        ],
        [
          1,
          -1.9880876322986296e-7,
          -2.7641334554573405e-7,
          0.000004
        ]
      ],
      "boundingbox": [
        [
          -0.010224,
          -0.920336,
          -0.852453
        ],
        [
          2.705118,
          0.90276,
          0.947547
        ]
      ]
    },
    {
      "name": "bone16",
      "parent": "bone15",
      "initpos": [
        2.592793,
        -0.000001,
        0
      ],
      "initquaternion": [
        0,
        0,
        -0.097613,
        0.995224
      ],
      "initscale": [
        1,
        1,
        1
      ],
      "offmtx": [
        [
          1.7520763151424035e-7,
          -0.395625,
          0.918411,
          -10.460108
        ],
        [
          -2.9194441708568775e-7,
          -0.918411,
          -0.395625,
          20.118099
        ],
        [
          1,
          -1.9880872059729882e-7,
          -2.7641334554573405e-7,
          0.000004
        ]
      ],
      "boundingbox": [
        [
          -0.0424,
          -1.021515,
          -0.937434
        ],
        [
          2.756881,
          0.931148,
          1.032527
        ]
      ]
    },
    {
      "name": "bone17",
      "parent": "bone16",
      "initpos": [
        2.700248,
        0.000003,
        0
      ],
      "initquaternion": [
        0,
        0,
        -0.19845,
        0.980111
      ],
      "initscale": [
        0.999999,
        0.999999,
        1
      ],
      "offmtx": [
        [
          2.749788734490721e-7,
          -0.007195,
          0.999974,
          -19.949857
        ],
        [
          -2.0079255591554102e-7,
          -0.999974,
          -0.007195,
          13.414034
        ],
        [
          1,
          -1.988087063864441e-7,
          -2.7641652877719025e-7,
          0.000004
        ]
      ],
      "boundingbox": [
        [
          -0.014003,
          -1.773429,
          -1.536174
        ],
        [
          2.698881,
          1.543751,
          1.780789
        ]
      ]
    },
    {
      "name": "bone18",
      "parent": "bone17",
      "initpos": [
        2.651885,
        0.000134,
        0
      ],
      "initquaternion": [
        0,
        0,
        -0.011755,
        0.99993
      ],
      "initscale": [
        1,
        1,
        1
      ],
      "offmtx": [
        [
          2.7962337867393217e-7,
          0.016315,
          0.999866,
          -22.91085
        ],
        [
          -1.9427247366365918e-7,
          -0.999866,
          0.016315,
          12.878833
        ],
        [
          1,
          -1.9880876322986296e-7,
          -2.7641652877719025e-7,
          0.000004
        ]
      ],
      "boundingbox": [
        [
          -0.038518,
          -1.326673,
          -1.321451
        ],
        [
          2.367481,
          1.22449,
          1.416542
        ]
      ]
    },
    {
      "name": "bone19",
      "parent": "bone01",
      "initpos": [
        0.504871,
        1.707879,
        -6.82053
      ],
      "initquaternion": [
        2.455937533341057e-7,
        0,
        -0.815106,
        0.579311
      ],
      "initscale": [
        1,
        1,
        1
      ],
      "offmtx": [
        [
          0,
          -0.942495,
          0.334218,
          12.272612
        ],
        [
          1.638345139554076e-7,
          -0.334218,
          -0.942495,
          14.414214
        ],
        [
          1,
          1.0517064197301806e-7,
          1.3653594521656487e-7,
          6.820528
        ]
      ],
      "boundingbox": [
        [
          -0.244886,
          -3.726837,
          -3.034071
        ],
        [
          6.627462,
          3.389441,
          3.26593
        ]
      ]
    },
    {
      "name": "bone20",
      "parent": "bone19",
      "initpos": [
        5.707794,
        0.000011,
        -4.76837158203125e-7
      ],
      "initquaternion": [
        -2.0193995453610114e-7,
        -1.4093760114519682e-7,
        -0.019819,
        0.999803
      ],
      "initscale": [
        1,
        1,
        1
      ],
      "offmtx": [
        [
          3.3677955002531235e-7,
          -0.928509,
          0.371307,
          5.988414
        ],
        [
          -2.323883734334231e-7,
          -0.371307,
          -0.928509,
          14.66304
        ],
        [
          1,
          2.2641559382918786e-7,
          -3.408237319035834e-7,
          6.820531
        ]
      ],
      "boundingbox": [
        [
          -0.819642,
          -3.865187,
          -2.131922
        ],
        [
          7.089002,
          2.670334,
          2.368079
        ]
      ]
    },
    {
      "name": "bone21",
      "parent": "bone20",
      "initpos": [
        5.691055,
        -0.000003,
        0
      ],
      "initquaternion": [
        0,
        0,
        0.359284,
        0.933228
      ],
      "initscale": [
        0.999999,
        0.999999,
        1
      ],
      "offmtx": [
        [
          0,
          -0.93779,
          -0.347201,
          10.053466
        ],
        [
          -3.982332543728262e-7,
          0.347201,
          -0.93779,
          10.678071
        ],
        [
          1,
          2.2641559382918786e-7,
          -3.408238171687117e-7,
          6.820531
        ]
      ],
      "boundingbox": [
        [
          -0.00278,
          -1.782287,
          -1.602608
        ],
        [
          4.517022,
          1.842497,
          1.831769
        ]
      ]
    },
    {
      "name": "bone22",
      "parent": "bone21",
      "initpos": [
        5.058405,
        -0.382781,
        0.029475
      ],
      "initquaternion": [
        0,
        0,
        0.571313,
        0.820731
      ],
      "initscale": [
        1,
        1,
        1
      ],
      "offmtx": [
        [
          5.387429382608389e-7,
          0,
          -0.999999,
          12.10706
        ],
        [
          -2.720769316510996e-7,
          0.999999,
          0,
          -0.843975
        ],
        [
          1,
          2.7207690322939015e-7,
          5.3874288141742e-7,
          6.791045
        ]
      ],
      "boundingbox": [
        [
          -1.269525,
          -0.873385,
          -1.835593
        ],
        [
          2.110472,
          0.896018,
          1.976586
        ]
      ]
    },
    {
      "name": "bone23",
      "parent": "bone01",
      "initpos": [
        0.504871,
        1.707879,
        6.821468
      ],
      "initquaternion": [
        -0.579311,
        0.815106,
        1.8402955959118117e-7,
        0
      ],
      "initscale": [
        1,
        0.999999,
        0.999999
      ],
      "offmtx": [
        [
          2.9190863415351487e-7,
          -0.942495,
          0.334218,
          12.272613
        ],
        [
          4.639984183540946e-7,
          0.334218,
          0.942495,
          -14.414213
        ],
        [
          -1,
          -1.2004585414615576e-7,
          5.348776426217228e-7,
          6.821465
        ]
      ],
      "boundingbox": [
        [
          -0.244882,
          -3.38944,
          -3.128233
        ],
        [
          6.627467,
          3.72684,
          3.171769
        ]
      ]
    },
    {
      "name": "bone24",
      "parent": "bone23",
      "initpos": [
        5.707794,
        -0.000014,
        -9.5367431640625e-7
      ],
      "initquaternion": [
        2.40739808532453e-7,
        -1.1473316874344164e-7,
        0.019819,
        0.999803
      ],
      "initscale": [
        0.999999,
        1,
        1
      ],
      "offmtx": [
        [
          0,
          -0.928509,
          0.371307,
          5.988419
        ],
        [
          0,
          0.371307,
          0.928509,
          -14.663039
        ],
        [
          -1,
          0,
          0,
          6.821471
        ]
      ],
      "boundingbox": [
        [
          -0.819636,
          -2.670331,
          -2.226079
        ],
        [
          7.089006,
          3.86519,
          2.273921
        ]
      ]
    },
    {
      "name": "bone25",
      "parent": "bone24",
      "initpos": [
        5.691056,
        0.000004,
        9.5367431640625e-7
      ],
      "initquaternion": [
        0,
        0,
        -0.359284,
        0.933228
      ],
      "initscale": [
        0.999999,
        0.999999,
        1
      ],
      "offmtx": [
        [
          0,
          -0.93779,
          -0.347201,
          10.053465
        ],
        [
          0,
          -0.347201,
          0.93779,
          -10.67807
        ],
        [
          -1,
          0,
          0,
          6.821469
        ]
      ],
      "boundingbox": [
        [
          -0.002778,
          -1.84249,
          -1.696764
        ],
        [
          4.517024,
          1.782291,
          1.737611
        ]
      ]
    },
    {
      "name": "bone26",
      "parent": "bone25",
      "initpos": [
        5.058405,
        0.38278,
        0.029475
      ],
      "initquaternion": [
        -1.3621183825307526e-7,
        -1.956776856104625e-7,
        -0.571313,
        0.820731
      ],
      "initscale": [
        0.999999,
        0.999999,
        1
      ],
      "offmtx": [
        [
          8.050043902585458e-7,
          0,
          -1,
          12.107048
        ],
        [
          0,
          -1,
          0,
          0.843976
        ],
        [
          -1,
          0,
          -8.050041628848703e-7,
          6.792005
        ]
      ],
      "boundingbox": [
        [
          -1.269531,
          -0.896015,
          -1.99071
        ],
        [
          2.110468,
          0.873388,
          1.821471
        ]
      ]
    }
  ],
  "boundingbox": [
    [
      -11.487155,
      -0.02941,
      -27.627351
    ],
    [
      11.475139,
      24.544858,
      25.043825
    ]
  ]
}
