{"skeleton":[{"name":"root","parent":"root","initpos":[0.0,0.0,-0.0],"initquaternion":[0.707106,0.0,0.0,0.707106],"initscale":[1.0,0.999999,0.999999],"offmtx":[[1.0,0.0,0.0,0.0],[0.0,1.0,0.0,0.0],[0.0,0.0,1.0,0.0]],"boundingbox":[[0.0,0.0,0.0],[0.0,0.0,0.0]]},{"name":"bone_01","parent":"root","initpos":[0.0,0.993385,-0.285554],"initquaternion":[-0.707094,0.004238,0.707094,-0.004245],"initscale":[0.999999,0.999999,0.999999],"offmtx":[[-0.0,0.999928,-0.011998,-0.273615],[9e-06,-0.011998,-0.999928,0.996739],[-1.0,-1.1923879128517e-07,-9e-06,9e-06]],"boundingbox":[[-0.388799,-17.213401,-7.4557],[26.283494,13.975054,7.455617]]},{"name":"bone_02","parent":"bone_01","initpos":[10.658961,8.056775,-2.378066],"initquaternion":[-0.0,0.0,-0.373926,0.927458],"initscale":[0.999999,0.999999,1.0],"offmtx":[[-6e-06,0.728628,0.684909,-2.978511],[7e-06,0.684909,-0.728628,-12.668617],[-1.0,0.0,-9e-06,2.378073]],"boundingbox":[[-0.040692,-0.515094,-0.021874],[2.503675,0.385489,-0.021856]]},{"name":"bone_03","parent":"bone_01","initpos":[17.14035,1.400322,-2.378065],"initquaternion":[-0.0,-0.0,0.921567,0.388218],"initscale":[1.0,1.0,1.0],"offmtx":[[7e-06,-0.707107,-0.707106,11.876131],[-6e-06,-0.707106,0.707107,12.742312],[-1.0,-2.4287325572913687e-07,-9e-06,2.378077]],"boundingbox":[[-0.00325,-0.409882,-0.021923],[2.542333,0.438646,-0.021904]]},{"name":"bone_04","parent":"bone_01","initpos":[7.097705,8.063535,2.425979],"initquaternion":[0.925731,-0.37818,0.0,-1.802466442768491e-07],"initscale":[0.999999,0.999999,0.999999],"offmtx":[[-6e-06,0.722307,0.691571,-0.31473],[-6e-06,-0.691571,0.722307,10.206709],[1.0,3.44581621902762e-07,9e-06,2.425966]],"boundingbox":[[-0.09341,-0.388147,0.025899],[2.451573,0.497063,0.025917]]},{"name":"bone_05","parent":"bone_01","initpos":[10.658961,8.056776,2.42598],"initquaternion":[0.927458,-0.373926,-0.0,0.0],"initscale":[0.999999,0.999999,0.999999],"offmtx":[[-6e-06,0.728628,0.684909,-2.978511],[-7e-06,-0.684909,0.728628,12.668618],[1.0,1.791159007780152e-07,9e-06,2.425969]],"boundingbox":[[-0.040659,-0.385454,0.0259],[2.503708,0.51513,0.025918]]},{"name":"bone_06","parent":"bone_01","initpos":[17.140352,1.400323,2.425981],"initquaternion":[0.388218,0.921567,1.794357871176544e-07,0.0],"initscale":[0.999999,0.999999,0.999999],"offmtx":[[7e-06,-0.707107,-0.707106,11.876135],[6e-06,0.707106,-0.707107,-12.742313],[1.0,3.441304841089732e-07,9e-06,2.425967]],"boundingbox":[[-0.003283,-0.438681,0.025949],[2.542301,0.409847,0.025967]]},{"name":"bone_07","parent":"bone_01","initpos":[7.097706,8.063532,-2.378066],"initquaternion":[-1.8007087021487678e-07,0.0,-0.37818,0.925731],"initscale":[0.999999,0.999999,1.0],"offmtx":[[-6e-06,0.722307,0.691571,-0.314732],[7e-06,0.691571,-0.722307,-10.206709],[-1.0,1.4980649609697139e-07,-1e-05,2.378072]],"boundingbox":[[-0.093445,-0.497029,-0.021872],[2.451537,0.388181,-0.021854]]},{"name":"bone_08","parent":"bone_01","initpos":[11.626495,-4.804742,-3.0585],"initquaternion":[4e-06,-0.0,-0.01245,0.999922],"initscale":[0.999999,0.999999,1.0],"offmtx":[[-2.464676640556718e-07,0.999916,0.012902,-12.04087],[7.996030717549729e-07,0.012902,-0.999916,5.503419],[-1.0,-2.3613057464899612e-07,-8.027163289625605e-07,3.05846]],"boundingbox":[[0.020063,-5.140852,-0.541562],[4.897075,5.720178,0.658447]]},{"name":"bone_09","parent":"bone_01","initpos":[11.626496,-4.80474,3.092256],"initquaternion":[0.999922,-0.01245,-0.0,6e-06],"initscale":[0.999999,0.999999,1.0],"offmtx":[[-2.4646763563396235e-07,0.999916,0.012902,-12.040872],[-2.3e-05,-0.012902,0.999916,-5.503433],[1.0,-0.0,2.3e-05,3.09217]],"boundingbox":[[0.020062,-5.720131,-0.50784],[4.897074,5.140926,0.692417]]},{"name":"bone_10","parent":"bone_01","initpos":[5.561928,-0.728095,0.0],"initquaternion":[-1.1918267261989968e-07,0.0,-0.012621,0.99992],"initscale":[1.0,1.0,1.0],"offmtx":[[-2.49838564059246e-07,0.999912,0.013243,-5.87722],[1e-05,0.013243,-0.999912,1.576996],[-1.0,-1.1608167227450394e-07,-1e-05,1e-05]],"boundingbox":[[-0.053163,-0.681569,-0.858881],[3.881498,0.714219,1.829132]]},{"name":"bone_11","parent":"bone_10","initpos":[3.841103,-3e-06,-0.0],"initquaternion":[0.0,0.0,0.006622,0.999978],"initscale":[0.999999,0.999999,1.0],"offmtx":[[1e-06,0.999999,0.0,-9.696585],[1e-05,-0.0,-0.999999,1.705571],[-1.0,1e-06,-1e-05,-6e-06]],"boundingbox":[[0.073559,-1.878171,-1.434893],[3.913565,1.961867,2.405151]]},{"name":"bone_12","parent":"bone_10","initpos":[3.332443,-0.5258,2.54578],"initquaternion":[0.570254,0.821468,0.0,-1.2114776382077252e-07],"initscale":[0.999999,0.999999,0.999999],"offmtx":[[9e-06,-0.337181,-0.941439,5.189974],[3e-06,0.941439,-0.337181,-7.893278],[1.0,1.193946133071222e-07,9e-06,2.54577]],"boundingbox":[[-0.014042,-0.664801,-0.627752],[3.237393,0.72725,0.716282]]},{"name":"bone_13","parent":"bone_10","initpos":[3.332443,-0.525799,-1.570276],"initquaternion":[0.0,-1.3861053105301835e-07,0.821468,0.570254],"initscale":[0.999999,0.999999,1.0],"offmtx":[[9e-06,-0.337181,-0.941439,5.189978],[-3e-06,-0.941439,0.337181,7.893276],[-1.0,-2.0169775893918995e-07,-9e-06,1.570287]],"boundingbox":[[-0.014004,-0.727265,-0.623272],[3.237432,0.664789,0.720762]]},{"name":"bone_14","parent":"bone_10","initpos":[-0.050488,-0.022021,1.083571],"initquaternion":[0.006602,0.999978,5e-06,-1.5859674817875202e-07],"initscale":[0.999999,0.999999,0.999999],"offmtx":[[-0.0,-0.99965,-0.026446,5.847337],[-4.842131033910846e-07,0.026446,-0.99965,1.521928],[1.0,0.0,-4.841575673708576e-07,1.08358]],"boundingbox":[[-0.023832,-0.749641,-0.745553],[3.427232,0.684247,0.598446]]},{"name":"bone_15","parent":"bone_10","initpos":[-0.050488,-0.022008,-0.187731],"initquaternion":[1.6135736302658188e-07,-5e-06,0.999978,0.006602],"initscale":[0.999999,0.999999,1.0],"offmtx":[[-0.0,-0.99965,-0.026446,5.847337],[0.0,-0.026446,0.99965,-1.521927],[-1.0,0.0,0.0,0.187724]],"boundingbox":[[-0.023832,-0.684246,-0.671143],[3.427232,0.749643,0.672857]]},{"name":"bone_16","parent":"bone_01","initpos":[5.511899,-8.660766,3.206544],"initquaternion":[0.707914,-0.706297,3.059158188989386e-07,-3.0661612981930375e-07],"initscale":[0.999999,0.999999,1.0],"offmtx":[[-9e-06,0.014284,0.999898,-9.670711],[7.810311899447697e-07,-0.999898,0.014284,5.763419],[1.0,9.218354080076097e-07,9e-06,3.206529]],"boundingbox":[[-0.003101,-1.29872,-0.393378],[6.030581,1.152462,0.806679]]},{"name":"bone_17","parent":"bone_01","initpos":[5.5119,-8.660766,-2.739256],"initquaternion":[-1.4272086445998866e-07,1.4239489587453136e-07,-0.706297,0.707914],"initscale":[0.999999,0.999999,1.0],"offmtx":[[-9e-06,0.014284,0.999898,-9.670712],[4.2486232132432633e-07,0.999898,-0.014284,-5.763418],[-1.0,2.839348951511056e-07,-9e-06,2.739264]],"boundingbox":[[-0.00316,-1.152462,-0.860898],[6.030522,1.298719,0.339165]]},{"name":"bone_18","parent":"bone_01","initpos":[19.079366,-17.225961,1e-06],"initquaternion":[-1.8528218959090736e-07,-1.5200318159713788e-07,-0.704798,0.709407],"initscale":[0.999999,0.999999,1.0],"offmtx":[[-1e-05,0.018515,0.999828,-18.348461],[1.1199801264183407e-07,0.999828,-0.018515,-19.233793],[-1.0,-0.0,-1e-05,1.5e-05]],"boundingbox":[[-0.028846,-0.324011,-2.368247],[2.393011,0.920218,2.559591]]},{"name":"bone_19","parent":"bone_18","initpos":[2.351169,0.0,-1.0277471318431708e-07],"initquaternion":[0.0,2.3840837570787698e-07,-0.009258,0.999957],"initscale":[0.999999,0.999999,1.0],"offmtx":[[-9e-06,1.1920931797249068e-07,0.999999,-20.339958],[-0.0,0.999999,-1.1921009956950002e-07,-19.613759],[-1.0,-0.0,-9e-06,6e-06]],"boundingbox":[[0.025568,-0.3236,-2.368269],[3.625602,0.876405,2.559568]]},{"name":"bind","parent":"bone_01","initpos":[20.104484,-13.109779,-0.000129],"initquaternion":[0.707096,0.00445,-0.012933,0.706984],"initscale":[0.999999,0.999999,0.999999],"offmtx":[[0.024582,0.999697,-0.0,-20.539678],[-0.999697,0.024582,-2.0167357206446468e-07,-0.505068],[-2.0065817807335407e-07,0.0,0.999999,-13.861004]],"boundingbox":[[-0.086844,-2.402864,-1.861006],[-0.086844,-2.402864,-1.861006]]},{"name":"bone_22","parent":"bone_01","initpos":[2.799784,0.934867,2.569689],"initquaternion":[0.927377,-0.374126,1.7e-05,-5.2e-05],"initscale":[0.999999,0.999999,0.999999],"offmtx":[[3.0811506235295383e-07,0.728332,0.685224,-2.255942],[0.000103,-0.685224,0.728332,2.088406],[1.0,7e-05,-7.5e-05,2.569466]],"boundingbox":[[-0.053322,-0.39523,0.169631],[1.231811,0.478768,0.169721]]},{"name":"bone_23","parent":"bone_22","initpos":[1.588191,2.384185791015625e-07,-0.0],"initquaternion":[-0.0,-0.0,0.003816,0.999992],"initscale":[0.999999,1.0,1.0],"offmtx":[[1e-06,0.72308,0.690763,-3.828081],[0.000103,-0.690763,0.72308,2.117685],[1.0,7e-05,-7.5e-05,2.569466]],"boundingbox":[[0.055268,-0.347244,0.169625],[1.751881,0.520452,0.169715]]},{"name":"bone_24","parent":"bone_01","initpos":[6.871261,-5.097407,2.56963],"initquaternion":[0.930198,-0.367056,1.7e-05,-5.2e-05],"initscale":[0.999999,0.999999,1.0],"offmtx":[[-8.624813858659763e-07,0.73868,0.674056,-9.381115],[0.000104,-0.674056,0.73868,0.427295],[1.0,7e-05,-7.6e-05,2.569628]],"boundingbox":[[-0.018278,-0.39851,0.169631],[1.272572,0.487905,0.169723]]},{"name":"bone_25","parent":"bone_24","initpos":[1.643184,-1e-06,-0.0],"initquaternion":[-2.3838880736093415e-07,-0.0,0.016267,0.999867],"initscale":[1.0,1.0,1.0],"offmtx":[[2e-06,0.716361,0.697729,-11.004565],[0.000103,-0.697728,0.716361,0.785695],[1.0,7e-05,-7.5e-05,2.569628]],"boundingbox":[[0.036517,-0.336308,0.169625],[1.733426,0.523324,0.169716]]},{"name":"Bone001","parent":"bone_01","initpos":[2.799784,0.934916,-2.423444],"initquaternion":[4e-06,1e-06,-0.374126,0.927377],"initscale":[0.999999,0.999999,1.0],"offmtx":[[-1.6871035768417642e-07,0.728332,0.685223,-2.255945],[4.252968608398078e-07,0.685223,-0.728332,-2.088139],[-1.0,1.685461086253781e-07,-4.2536191813269397e-07,2.423452]],"boundingbox":[[-0.053322,-0.478752,0.023452],[1.231811,0.395246,0.023452]]},{"name":"Bone002","parent":"Bone001","initpos":[1.588191,-2.384185791015625e-07,2.384185791015625e-07],"initquaternion":[-0.0,-0.0,-0.003816,0.999992],"initscale":[0.999999,0.999999,1.0],"offmtx":[[-3.0943613182898844e-07,0.723081,0.690762,-3.828086],[4.2399682342875167e-07,0.690762,-0.723081,-2.117419],[-1.0,0.0,-5.2033101383131e-07,2.423452]],"boundingbox":[[0.055267,-0.520438,0.023451],[1.751881,0.347259,0.023451]]},{"name":"Bone003","parent":"bone_01","initpos":[6.871262,-5.097358,-2.423503],"initquaternion":[4e-06,2e-06,-0.367057,0.930198],"initscale":[0.999999,0.999999,1.0],"offmtx":[[4.1700428710100823e-07,0.738678,0.674058,-9.381111],[5.28653401943302e-07,0.674058,-0.738678,-0.427057],[-1.0,6.643750793955405e-07,-1.0941952410803424e-07,2.423448]],"boundingbox":[[-0.018277,-0.487885,0.023451],[1.272571,0.398527,0.023452]]},{"name":"Bone004","parent":"Bone003","initpos":[1.643184,-4.76837158203125e-07,-0.0],"initquaternion":[2.3671381654821744e-07,-1.0672124517441262e-07,-0.016267,0.999867],"initscale":[0.999999,0.999999,1.0],"offmtx":[[1.938733333872733e-07,0.716359,0.697731,-11.004567],[0.0,0.697731,-0.716359,-0.785458],[-1.0,1.8430661441470875e-07,0.0,2.423451]],"boundingbox":[[0.036518,-0.523298,0.023452],[1.733427,0.336332,0.023452]]}],"boundingbox":[[-7.455636,-7.390974587906385e-07,-13.252792],[7.455636,26.399995,23.965541]]}