{"skeleton":[{"name":"root","parent":"root","initpos":[0.0,0.0,-0.0],"initquaternion":[0.707106,0.0,0.0,0.707106],"initscale":[1.0,0.999999,0.999999],"offmtx":[[1.0,0.0,0.0,0.0],[0.0,1.0,0.0,0.0],[0.0,0.0,1.0,0.0]],"boundingbox":[[0.0,0.0,0.0],[0.0,0.0,0.0]]},{"name":"Bone001","parent":"root","initpos":[-0.0,-6.125399,-9.172034],"initquaternion":[-0.499998,-0.500001,0.499998,0.500001],"initscale":[1.0,1.0,1.0],"offmtx":[[7e-06,0.0,0.999999,6.125399],[2.821299744937278e-07,0.999999,-0.0,-9.172034],[-1.0,2.8212994607201836e-07,7e-06,4.1e-05]],"boundingbox":[[-0.004714,-7.136874,-4.588486],[16.3101,4.583181,4.58851]]},{"name":"Bone002","parent":"Bone001","initpos":[2.544059,-0.512451,-3.830384],"initquaternion":[-5.1e-05,-5.1e-05,-0.707104,0.707109],"initscale":[0.999999,1.0,0.999999],"offmtx":[[-0.000146,-0.999999,-6.71586064981966e-07,8.660122],[0.0,-6.715923177580407e-07,0.999999,3.581347],[-1.0,0.000146,0.0,3.829112]],"boundingbox":[[-0.000275,-1.52901,-1.778164],[4.584815,1.529986,1.791335]]},{"name":"Bone003","parent":"Bone002","initpos":[4.584813,-0.298142,0.005233],"initquaternion":[-1.5e-05,0.000154,-0.032174,0.999482],"initscale":[0.999999,0.999999,1.0],"offmtx":[[0.000161,-0.997929,-0.064315,3.816187],[3.1e-05,-0.064315,0.997929,4.133406],[-1.0,-0.000162,2e-05,3.82522]],"boundingbox":[[-0.052533,-1.228293,-1.272911],[3.127955,1.008118,1.27561]]},{"name":"Bone004","parent":"Bone003","initpos":[3.60629,-0.553429,5.3e-05],"initquaternion":[0.000135,-0.000124,-0.683991,0.72949],"initscale":[0.999999,0.999999,0.999999],"offmtx":[[-1.6e-05,3e-06,-0.999999,-4.663649],[-0.000206,-0.999999,-3e-06,0.512292],[-0.999999,0.000206,1.6e-05,3.824957]],"boundingbox":[[-0.578462,-0.508118,-1.272972],[1.46193,0.511723,1.275989]]},{"name":"Bone005","parent":"Bone001","initpos":[-0.004557,1.020335,-0.0],"initquaternion":[-3e-06,1.0,1.9470691370315762e-07,-0.0],"initscale":[1.0,0.999999,0.999999],"offmtx":[[2.457331333971524e-07,0.0,-0.999999,-6.129949],[-0.0,0.999999,-0.0,-10.192369],[1.0,0.0,2.45733104975443e-07,7.716498657828197e-07]],"boundingbox":[[-2e-06,-4.079231,-4.58849],[10.196338,4.072679,4.588488]]},{"name":"Bone006","parent":"Bone005","initpos":[5.106726,2.03491,4.072196],"initquaternion":[0.707104,0.707104,0.001779,0.001783],"initscale":[0.999999,0.999999,0.999999],"offmtx":[[4e-06,0.999999,0.0,-12.227297],[0.005038,-0.0,-0.999987,-11.257052],[-0.999987,4e-06,-0.005038,4.015465]],"boundingbox":[[-3.7e-05,-1.035735,-1.540972],[5.095183,1.018836,1.527539]]},{"name":"Bone007","parent":"Bone005","initpos":[5.106725,2.034912,-4.071802],"initquaternion":[0.001752,0.001748,0.707104,0.707104],"initscale":[1.0,0.999999,0.999999],"offmtx":[[5e-06,0.999999,0.0,-12.227259],[0.004951,-0.0,0.999987,11.2567],[0.999987,-5e-06,-0.004951,4.016184]],"boundingbox":[[-3.3e-05,-1.018707,-1.54133],[5.095179,1.035599,1.527055]]},{"name":"Bone008","parent":"Bone005","initpos":[9.943853,-4.077802,-4.768374992636382e-07],"initquaternion":[-0.707106,0.707106,4e-06,4e-06],"initscale":[0.999999,0.999999,0.999999],"offmtx":[[-1.3e-05,-0.999999,1.9470560630452383e-07,6.114568],[-0.0,1.9470608947358414e-07,0.999999,16.073801],[-1.0,1.3e-05,-0.0,-8e-05]],"boundingbox":[[-2e-05,-0.252531,-1.529518],[1.527426,0.257288,1.529492]]},{"name":"Bone009","parent":"Bone001","initpos":[12.493059,-0.512377,-3.831641],"initquaternion":[-5.2e-05,-5.1e-05,-0.707101,0.707111],"initscale":[0.999999,1.0,0.999999],"offmtx":[[-0.000147,-0.999999,6e-06,8.660084],[0.0,6e-06,0.999999,-6.367716],[-1.0,0.000147,0.0,3.830361]],"boundingbox":[[-0.000182,-1.79018,-1.777194],[4.585067,1.778611,1.792309]]},{"name":"Bone010","parent":"Bone009","initpos":[4.584477,0.797729,0.011996],"initquaternion":[0.001163,4.2e-05,0.184117,0.982903],"initscale":[0.999999,0.999999,0.999999],"offmtx":[[-0.000482,-0.932198,0.361946,1.207142],[-0.002249,0.361946,0.932196,-8.14595],[-0.999997,-0.000364,-0.002271,3.836719]],"boundingbox":[[-0.19897,-1.06762,-1.286896],[1.965674,1.392087,1.284931]]},{"name":"Bone011","parent":"Bone010","initpos":[1.301155,0.014297,-0.003443],"initquaternion":[-0.001148,-0.000108,-0.308067,0.951363],"initscale":[0.999999,0.999999,0.999999],"offmtx":[[1.3e-05,-0.967419,-0.253179,4.710615],[1.2e-05,-0.253179,0.967419,-6.674565],[-1.0,-1.5e-05,8e-06,3.821729]],"boundingbox":[[-8.6e-05,-1.020676,-1.245864],[2.546429,1.019269,1.24338]]},{"name":"Bone012","parent":"Bone011","initpos":[2.4152,0.097076,0.002394],"initquaternion":[1.4e-05,-8e-06,-0.611033,0.791604],"initscale":[0.999999,0.999999,1.0],"offmtx":[[-3e-06,-9.8e-05,-0.999999,7.132201],[-1.6e-05,-0.999999,9.8e-05,0.505606],[-1.0,1.6e-05,3e-06,3.819352]],"boundingbox":[[-1.01442,-0.512023,-1.218406],[2.554905,0.506324,1.210105]]},{"name":"Bone013","parent":"Bone001","initpos":[15.154525,1.729876,-1e-06],"initquaternion":[0.0,0.0,0.48796,0.872865],"initscale":[0.999999,0.999999,1.0],"offmtx":[[0.0,0.851844,0.523795,-14.016054],[3.896940370395896e-07,0.523795,-0.851844,1.981111],[-1.0,2.8212994607201836e-07,-2.839905448581703e-07,-2e-06]],"boundingbox":[[-0.170189,-2.437084,-1.019665],[9.141656,3.757678,1.019666]]},{"name":"Bind","parent":"Bone001","initpos":[6.878913,3.439309,-1e-06],"initquaternion":[0.499998,0.500001,0.500001,0.499998],"initscale":[0.999999,0.999999,0.999999],"offmtx":[[3.693974406360212e-07,0.999999,0.0,-12.611292],[-1.0,3.6939741221431177e-07,-2.402793199962616e-07,-4e-06],[-2.4027934841797105e-07,0.0,0.999999,-0.753539]],"boundingbox":[[0.63409,-4.078652,-5.863825],[0.63409,-4.078652,-5.863825]]},{"name":"Bone014","parent":"Bone001","initpos":[2.544063,-0.512452,3.829614],"initquaternion":[-0.707057,0.707156,3.905635708179034e-07,-0.0],"initscale":[0.999999,0.999999,0.999999],"offmtx":[[1.9474882151371276e-07,-0.999999,-0.000146,8.659039],[-2.8042552457918646e-07,0.000146,-0.999999,-3.582612],[1.0,1.9478993351640383e-07,-2.8039693233949947e-07,3.829612]],"boundingbox":[[-0.00024,-1.530655,-1.77826],[4.584779,1.529012,1.790568]]},{"name":"Bone015","parent":"Bone014","initpos":[4.584857,0.297473,0.005905],"initquaternion":[1.3e-05,8.1e-05,0.032101,0.999484],"initscale":[0.999999,0.999999,0.999999],"offmtx":[[-0.00016,-0.997929,-0.064315,3.816184],[3.2e-05,0.064315,-0.997929,-4.133403],[1.0,-0.000162,2.1e-05,3.824457]],"boundingbox":[[-0.052534,-1.008117,-1.273677],[3.127954,1.228293,1.274844]]},{"name":"Bone016","parent":"Bone015","initpos":[3.606288,0.553428,5.3e-05],"initquaternion":[-0.000136,-0.000124,0.683991,0.72949],"initscale":[0.999999,0.999999,0.999999],"offmtx":[[1.6e-05,3e-06,-0.999999,-4.66365],[-0.000206,0.999999,3e-06,-0.512293],[0.999999,0.000206,1.6e-05,3.82419]],"boundingbox":[[-0.578462,-0.511722,-1.27374],[1.46193,0.508118,1.275222]]},{"name":"Bone017","parent":"Bone001","initpos":[12.493062,-0.512381,3.832358],"initquaternion":[0.707161,-0.707052,1.3e-05,-1.3e-05],"initscale":[1.0,0.999999,0.999999],"offmtx":[[0.0,-0.999999,0.000147,8.658625],[3.8e-05,-0.000147,-0.999999,6.369079],[1.0,0.0,3.8e-05,3.832116]],"boundingbox":[[-1.9e-05,-1.778028,-1.775862],[4.584896,1.790243,1.793102]]},{"name":"Bone018","parent":"Bone017","initpos":[4.584587,-0.797086,0.012701],"initquaternion":[-0.001169,-3.3e-05,-0.184048,0.982916],"initscale":[1.0,0.999999,0.999999],"offmtx":[[0.000482,-0.932198,0.361946,1.207142],[-0.00225,-0.361946,-0.932196,8.145947],[0.999997,-0.000364,-0.002272,3.837446]],"boundingbox":[[-0.198969,-1.392089,-1.286171],[1.965674,1.067618,1.285657]]},{"name":"Bone019","parent":"Bone018","initpos":[1.301155,-0.014295,-0.003443],"initquaternion":[0.001148,-0.000108,0.308067,0.951363],"initscale":[0.999999,0.999999,0.999999],"offmtx":[[-1.3e-05,-0.967419,-0.253179,4.710613],[1.1e-05,0.253179,-0.967419,6.674561],[1.0,-1.5e-05,7e-06,3.822458]],"boundingbox":[[-8.7e-05,-1.019268,-1.245139],[2.546429,1.020674,1.244105]]},{"name":"Bone020","parent":"Bone019","initpos":[2.415199,-0.097078,0.002395],"initquaternion":[-1.4e-05,-8e-06,0.611034,0.791604],"initscale":[0.999999,0.999999,1.0],"offmtx":[[3e-06,-9.8e-05,-0.999999,7.132199],[-1.6e-05,0.999999,-9.8e-05,-0.505607],[1.0,1.6e-05,3e-06,3.820077]],"boundingbox":[[-1.014421,-0.506324,-1.21768],[2.554903,0.512022,1.210829]]}],"boundingbox":[[-5.608155,4e-05,-16.326333],[5.608156,20.534082,14.993245]]}