{
  "skeleton": [
    {
      "name": "root",
      "parent": "root",
      "initpos": [
        0,
        0,
        0
      ],
      "initquaternion": [
        0.707106,
        0,
        0,
        0.707106
      ],
      "initscale": [
        1,
        0.999999,
        0.999999
      ],
      "offmtx": [
        [
          1,
          0,
          0,
          0
        ],
        [
          0,
          1,
          0,
          0
        ],
        [
          0,
          0,
          1,
          0
        ]
      ],
      "boundingbox": [
        [
          0,
          0,
          0
        ],
        [
          0,
          0,
          0
        ]
      ]
    },
    {
      "name": "bone_01",
      "parent": "root",
      "initpos": [
        -0.01283,
        4.097397,
        -2.249504
      ],
      "initquaternion": [
        0.5,
        -0.499999,
        -0.5,
        -0.499999
      ],
      "initscale": [
        1,
        1,
        1
      ],
      "offmtx": [
        [
          3.1391644483846903e-7,
          1,
          0,
          -2.249504
        ],
        [
          -0.999999,
          3.1391647326017846e-7,
          -2.503386156149645e-7,
          -0.012829
        ],
        [
          -2.503386156149645e-7,
          0,
          0.999999,
          -4.097397
        ]
      ],
      "boundingbox": [
        [
          -0.131285,
          -6.31283,
          -5.672398
        ],
        [
          8.268717,
          6.287173,
          5.352603
        ]
      ]
    },
    {
      "name": "bone_02",
      "parent": "bone_01",
      "initpos": [
        3.771533,
        4.857083,
        9.5367431640625e-7
      ],
      "initquaternion": [
        3.793551286435104e-7,
        -2.3467808318855532e-7,
        0.535503,
        0.844533
      ],
      "initscale": [
        0.999999,
        0.999999,
        1
      ],
      "offmtx": [
        [
          -0.9045,
          0.426473,
          5.762473733739171e-7,
          -6.97265
        ],
        [
          -0.426473,
          -0.9045,
          2.826511149578437e-7,
          3.369144
        ],
        [
          6.417590157070663e-7,
          0,
          0.999999,
          -4.097393
        ]
      ],
      "boundingbox": [
        [
          -0.134954,
          -1.40431,
          -1.525112
        ],
        [
          7.783455,
          1.68306,
          1.946968
        ]
      ]
    },
    {
      "name": "bone_03",
      "parent": "bone_02",
      "initpos": [
        8.908622,
        -0.000005,
        4.76837158203125e-7
      ],
      "initquaternion": [
        0,
        1.2388163384002837e-7,
        -0.826004,
        0.563662
      ],
      "initscale": [
        0.999999,
        0.999999,
        1
      ],
      "offmtx": [
        [
          0.726873,
          0.68677,
          -4.732796696771402e-7,
          2.652536
        ],
        [
          -0.68677,
          0.726873,
          1.3358877026803384e-7,
          -16.016557
        ],
        [
          4.3575951735874696e-7,
          2.279325457266168e-7,
          0.999999,
          -4.097399
        ]
      ],
      "boundingbox": [
        [
          -2.972006,
          -3.460296,
          -3.677404
        ],
        [
          8.707457,
          2.923478,
          3.882599
        ]
      ]
    },
    {
      "name": "bone_04",
      "parent": "bone_03",
      "initpos": [
        8.328575,
        0,
        -2.961914
      ],
      "initquaternion": [
        -1.4973431916587288e-7,
        -1.4485839017197577e-7,
        0.695307,
        0.718711
      ],
      "initscale": [
        0.999999,
        0.999999,
        1
      ],
      "offmtx": [
        [
          -0.662339,
          0.749203,
          1.3165785617275105e-7,
          -16.195627
        ],
        [
          -0.749203,
          -0.662339,
          0,
          5.142883
        ],
        [
          1.3272932619656785e-7,
          0,
          0.999999,
          -1.135482
        ]
      ],
      "boundingbox": [
        [
          1.549767,
          -1.069585,
          -1.135485
        ],
        [
          3.768964,
          1.149616,
          0.964515
        ]
      ]
    },
    {
      "name": "bone_05",
      "parent": "bone_04",
      "initpos": [
        3.845127,
        -4.76837158203125e-7,
        1.1920928955078125e-7
      ],
      "initquaternion": [
        0,
        0,
        -0.023273,
        0.999729
      ],
      "initscale": [
        0.999999,
        0.999999,
        1
      ],
      "offmtx": [
        [
          -0.626758,
          0.779213,
          1.286874748984701e-7,
          -20.258367
        ],
        [
          -0.779213,
          -0.626758,
          0,
          4.204727
        ],
        [
          1.3272905619032827e-7,
          0,
          0.999999,
          -1.135482
        ]
      ],
      "boundingbox": [
        [
          0.269174,
          -1.185212,
          -1.135485
        ],
        [
          2.441834,
          0.987444,
          0.964514
        ]
      ]
    },
    {
      "name": "bone_06",
      "parent": "bone_05",
      "initpos": [
        2.464694,
        4.76837158203125e-7,
        0
      ],
      "initquaternion": [
        0,
        0,
        -0.12106,
        0.992645
      ],
      "initscale": [
        1,
        1,
        1
      ],
      "offmtx": [
        [
          -0.421111,
          0.907008,
          1.0885409551519842e-7,
          -23.067577
        ],
        [
          -0.907008,
          -0.421111,
          0,
          -1.379772
        ],
        [
          1.3272735088776244e-7,
          0,
          0.999999,
          -1.135482
        ]
      ],
      "boundingbox": [
        [
          -0.506382,
          -1.136472,
          -1.135485
        ],
        [
          3.690948,
          1.636491,
          0.964514
        ]
      ]
    },
    {
      "name": "bone_08",
      "parent": "bone_03",
      "initpos": [
        8.328573,
        0,
        3.044738
      ],
      "initquaternion": [
        0.718711,
        0.695307,
        1.6400740321387275e-7,
        2.78109780538216e-7
      ],
      "initscale": [
        0.999999,
        0.999999,
        0.999999
      ],
      "offmtx": [
        [
          -0.662339,
          0.749203,
          0,
          -16.195627
        ],
        [
          0.749203,
          0.662339,
          0,
          -5.142884
        ],
        [
          0,
          0,
          -0.999999,
          7.142138
        ]
      ],
      "boundingbox": [
        [
          1.549768,
          -1.149615,
          -1.25786
        ],
        [
          3.768965,
          1.069587,
          0.842138
        ]
      ]
    },
    {
      "name": "bone_09",
      "parent": "bone_08",
      "initpos": [
        3.845125,
        4.76837158203125e-7,
        0
      ],
      "initquaternion": [
        0,
        -2.3835403339944605e-7,
        0.023273,
        0.999729
      ],
      "initscale": [
        1,
        0.999999,
        1
      ],
      "offmtx": [
        [
          -0.626759,
          0.779213,
          -5.099721533952106e-7,
          -20.258356
        ],
        [
          0.779213,
          0.626759,
          0,
          -4.204746
        ],
        [
          3.2036118113865086e-7,
          -3.967887209910259e-7,
          -0.999999,
          7.142148
        ]
      ],
      "boundingbox": [
        [
          0.269175,
          -0.987444,
          -1.257861
        ],
        [
          2.441838,
          1.185212,
          0.842138
        ]
      ]
    },
    {
      "name": "bone_10",
      "parent": "bone_09",
      "initpos": [
        2.464693,
        9.5367431640625e-7,
        0
      ],
      "initquaternion": [
        0,
        2.3666505910568958e-7,
        0.12106,
        0.992645
      ],
      "initscale": [
        0.999999,
        1,
        1
      ],
      "offmtx": [
        [
          -0.421111,
          0.907008,
          0,
          -23.067577
        ],
        [
          0.907008,
          0.421111,
          1.2347777555987705e-7,
          1.379763
        ],
        [
          1.1955920342643367e-7,
          0,
          -0.999999,
          7.142136
        ]
      ],
      "boundingbox": [
        [
          -0.506378,
          -1.636492,
          -1.257862
        ],
        [
          3.69095,
          1.136473,
          0.842136
        ]
      ]
    },
    {
      "name": "bone_12",
      "parent": "bone_01",
      "initpos": [
        -0.027764,
        3.103558,
        9.5367431640625e-7
      ],
      "initquaternion": [
        0,
        -1.6292069915380125e-7,
        1,
        -3.139165301035973e-7
      ],
      "initscale": [
        0.999999,
        0.999999,
        1
      ],
      "offmtx": [
        [
          1.848945601068408e-7,
          -1,
          0,
          2.221742
        ],
        [
          0.999999,
          1.8489457431769551e-7,
          0,
          3.116388
        ],
        [
          0,
          0,
          0.999999,
          -4.097397
        ]
      ],
      "boundingbox": [
        [
          0.103519,
          -1.08361,
          -4.097398
        ],
        [
          2.203519,
          1.016389,
          4.302599
        ]
      ]
    },
    {
      "name": "bone_14",
      "parent": "bone_01",
      "initpos": [
        3.771535,
        -5.134088,
        -0.000001
      ],
      "initquaternion": [
        -1.6938393798682227e-7,
        -1.7490486925453297e-7,
        -0.535502,
        0.844533
      ],
      "initscale": [
        0.999999,
        0.999999,
        1
      ],
      "offmtx": [
        [
          0.9045,
          0.426473,
          7.032687676655769e-7,
          -7.199995
        ],
        [
          -0.426473,
          0.9045,
          -2.0553882507101662e-7,
          -3.26195
        ],
        [
          -7.237635486490035e-7,
          -1.1401532162835792e-7,
          0.999999,
          -4.097392
        ]
      ],
      "boundingbox": [
        [
          -0.362298,
          -1.575865,
          -1.525113
        ],
        [
          7.556111,
          1.511505,
          1.946968
        ]
      ]
    },
    {
      "name": "bone_15",
      "parent": "bone_14",
      "initpos": [
        8.908624,
        0.000004,
        -9.5367431640625e-7
      ],
      "initquaternion": [
        1.3438776136354136e-7,
        1.969349057162617e-7,
        0.826004,
        0.563663
      ],
      "initscale": [
        0.999999,
        0.999999,
        1
      ],
      "offmtx": [
        [
          -0.726873,
          0.686771,
          -4.4778226993003045e-7,
          2.835231
        ],
        [
          -0.686771,
          -0.726873,
          -1.0309750564374554e-7,
          16.189174
        ],
        [
          -3.9628554304727004e-7,
          2.3258509429524565e-7,
          0.999999,
          -4.097399
        ]
      ],
      "boundingbox": [
        [
          -2.789309,
          -2.750859,
          -3.677404
        ],
        [
          8.890155,
          3.632912,
          3.882599
        ]
      ]
    },
    {
      "name": "bone_16",
      "parent": "bone_15",
      "initpos": [
        8.328577,
        0,
        -2.961915
      ],
      "initquaternion": [
        1.713543298365039e-7,
        -1.6577429562403267e-7,
        -0.695307,
        0.718712
      ],
      "initscale": [
        0.999999,
        0.999999,
        1
      ],
      "offmtx": [
        [
          0.662339,
          0.749203,
          0,
          -16.362104
        ],
        [
          -0.749203,
          0.662339,
          0,
          -4.954573
        ],
        [
          0,
          0,
          0.999999,
          -1.135482
        ]
      ],
      "boundingbox": [
        [
          1.383289,
          -0.961304,
          -1.135484
        ],
        [
          3.602486,
          1.257896,
          0.964515
        ]
      ]
    },
    {
      "name": "bone_17",
      "parent": "bone_16",
      "initpos": [
        3.845125,
        4.76837158203125e-7,
        0.000001
      ],
      "initquaternion": [
        0,
        0,
        0.023273,
        0.999729
      ],
      "initscale": [
        1,
        1,
        1
      ],
      "offmtx": [
        [
          0.626758,
          0.779213,
          0,
          -20.415891
        ],
        [
          -0.779213,
          0.626758,
          -1.4681126003779355e-7,
          -4.008879
        ],
        [
          -1.7038647115441563e-7,
          0,
          0.999999,
          -1.135484
        ]
      ],
      "boundingbox": [
        [
          0.111643,
          -0.791589,
          -1.135486
        ],
        [
          2.284303,
          1.381066,
          0.964513
        ]
      ]
    },
    {
      "name": "bone_18",
      "parent": "bone_17",
      "initpos": [
        2.464694,
        -9.5367431640625e-7,
        -0.000001
      ],
      "initquaternion": [
        0,
        0,
        0.12106,
        0.992645
      ],
      "initscale": [
        0.999999,
        0.999999,
        1
      ],
      "offmtx": [
        [
          0.421111,
          0.907009,
          0,
          -23.173429
        ],
        [
          -0.907009,
          0.421111,
          -3.004700204201072e-7,
          1.607749
        ],
        [
          -2.9418598046504485e-7,
          0,
          0.999999,
          -1.135482
        ]
      ],
      "boundingbox": [
        [
          -0.612226,
          -1.408519,
          -1.135485
        ],
        [
          3.585103,
          1.364445,
          0.964514
        ]
      ]
    },
    {
      "name": "bone_20",
      "parent": "bone_15",
      "initpos": [
        8.328575,
        0,
        3.044738
      ],
      "initquaternion": [
        0.718712,
        -0.695307,
        3.011557225818251e-7,
        -3.112927231541107e-7
      ],
      "initscale": [
        0.999999,
        0.999999,
        1
      ],
      "offmtx": [
        [
          0.662339,
          0.749203,
          0,
          -16.362104
        ],
        [
          0.749203,
          -0.662339,
          -3.517294828725426e-7,
          4.954575
        ],
        [
          -2.0508390718987357e-7,
          2.990608436448383e-7,
          -0.999999,
          7.142134
        ]
      ],
      "boundingbox": [
        [
          1.383291,
          -1.2579,
          -1.25786
        ],
        [
          3.602487,
          0.961302,
          0.842139
        ]
      ]
    },
    {
      "name": "bone_21",
      "parent": "bone_20",
      "initpos": [
        3.845127,
        -9.5367431640625e-7,
        0
      ],
      "initquaternion": [
        -2.4390274688812497e-7,
        -2.3280526306734828e-7,
        -0.023273,
        0.999729
      ],
      "initscale": [
        1,
        0.999999,
        1
      ],
      "offmtx": [
        [
          0.626758,
          0.779213,
          -3.723430950230977e-7,
          -20.415889
        ],
        [
          0.779213,
          -0.626758,
          1.295940421641717e-7,
          4.008886
        ],
        [
          -1.3238803830972756e-7,
          -3.7135896491236053e-7,
          -0.999999,
          7.142146
        ]
      ],
      "boundingbox": [
        [
          0.11164,
          -1.381067,
          -1.257861
        ],
        [
          2.284302,
          0.791589,
          0.842139
        ]
      ]
    },
    {
      "name": "bone_22",
      "parent": "bone_21",
      "initpos": [
        2.464689,
        -0.000001,
        0
      ],
      "initquaternion": [
        0,
        2.36664988051416e-7,
        -0.12106,
        0.992645
      ],
      "initscale": [
        0.999999,
        1,
        1
      ],
      "offmtx": [
        [
          0.421111,
          0.907008,
          0,
          -23.173423
        ],
        [
          0.907008,
          -0.421111,
          0,
          -1.607742
        ],
        [
          0,
          0,
          -0.999999,
          7.142134
        ]
      ],
      "boundingbox": [
        [
          -0.612223,
          -1.364446,
          -1.25786
        ],
        [
          3.585107,
          1.408518,
          0.842138
        ]
      ]
    },
    {
      "name": "bone_24",
      "parent": "bone_01",
      "initpos": [
        -0.027762,
        -3.380567,
        -9.5367431640625e-7
      ],
      "initquaternion": [
        0,
        0,
        1,
        -1.9470719792025193e-7
      ],
      "initscale": [
        0.999999,
        0.999999,
        1
      ],
      "offmtx": [
        [
          0,
          -1,
          0,
          2.221741
        ],
        [
          0.999999,
          0,
          0,
          -3.367737
        ],
        [
          0,
          0,
          0.999999,
          -4.097397
        ]
      ],
      "boundingbox": [
        [
          0.10352,
          -1.267737,
          -4.097397
        ],
        [
          2.203519,
          0.832262,
          4.3026
        ]
      ]
    },
    {
      "name": "Bone001",
      "parent": "bone_01",
      "initpos": [
        10.033152,
        -0.122485,
        -0.043412
      ],
      "initquaternion": [
        7.151655836423743e-7,
        0,
        0.015867,
        0.999874
      ],
      "initscale": [
        0.999999,
        0.999999,
        1
      ],
      "offmtx": [
        [
          -0.03173,
          0.999496,
          0,
          -12.272994
        ],
        [
          -0.999496,
          -0.03173,
          0.000001,
          0.49933
        ],
        [
          0.000001,
          0,
          0.999999,
          -4.053986
        ]
      ],
      "boundingbox": [
        [
          0.091734,
          -5.693403,
          -1.553151
        ],
        [
          3.029721,
          5.798166,
          1.845177
        ]
      ]
    },
    {
      "name": "Bind",
      "parent": "Bone001",
      "initpos": [
        2.769025,
        0.01521,
        0
      ],
      "initquaternion": [
        -0.000004,
        0,
        -0.015867,
        0.999874
      ],
      "initscale": [
        0.999999,
        0.999999,
        1
      ],
      "offmtx": [
        [
          1.7008120778427838e-7,
          1,
          0,
          -15.049806
        ],
        [
          -0.999999,
          1.700812219951331e-7,
          -0.000007,
          0.00662
        ],
        [
          -0.000007,
          0,
          0.999999,
          -4.053985
        ]
      ],
      "boundingbox": [
        [
          0.080455,
          0.117651,
          -1.553143
        ],
        [
          0.080455,
          0.117651,
          -1.553143
        ]
      ]
    }
  ],
  "boundingbox": [
    [
      -16.59762,
      0.018221,
      -1.575
    ],
    [
      16.597623,
      24.099912,
      9.449999
    ]
  ]
}
