{"skeleton":[{"name":"root","parent":"root","initpos":[0.0,0.0,-0.0],"initquaternion":[0.707106,0.0,0.0,0.707106],"initscale":[1.0,0.999999,0.999999],"offmtx":[[1.0,0.0,0.0,0.0],[0.0,1.0,0.0,0.0],[0.0,0.0,1.0,0.0]],"boundingbox":[[0.0,0.0,0.0],[0.0,0.0,0.0]]},{"name":"Bone001","parent":"root","initpos":[0.0,5.071519,-4.94209],"initquaternion":[0.0,0.0,-0.707106,0.707106],"initscale":[1.0,1.0,1.0],"offmtx":[[3.1391647326017846e-07,0.0,-0.999999,5.071519],[1.0,0.0,3.1391644483846903e-07,-1e-06],[0.0,-0.999999,0.0,4.94209]],"boundingbox":[[-0.386394,-4.305852,-5.308384],[10.014179,4.313837,2.00606]]},{"name":"Bone006","parent":"Bone001","initpos":[0.368765,-2.781946477625752e-07,-1.368168],"initquaternion":[-0.301471,-8.63293792008335e-07,0.953475,-4.4004661958751967e-07],"initscale":[0.999999,0.999999,1.0],"offmtx":[[-3.804051971201261e-07,0.57489,0.81823,-7.475645],[-1.0,1e-06,-1e-06,-2e-06],[-1e-06,-0.81823,0.57489,2.459674]],"boundingbox":[[-1.408473,-1.645486,-1.887522],[4.394313,1.626871,1.982672]]},{"name":"Bone007","parent":"Bone006","initpos":[0.967372,-1.8698666792715812e-07,-4.76837158203125e-07],"initquaternion":[0.0,0.0,0.0,1.0],"initscale":[1.0,1.0,1.0],"offmtx":[[-4.3604217125903233e-07,0.57489,0.81823,-8.443017],[-1.0,5.592833076661918e-07,-9.258624231733847e-07,9.032562502397923e-07],[-9.898922144202515e-07,-0.81823,0.57489,2.459677]],"boundingbox":[[1.221601,-1.5997,-2.465577],[5.315045,1.581083,1.196241]]},{"name":"Bone005","parent":"Bone001","initpos":[1.115991,-1.871221,-0.256733],"initquaternion":[0.0,-0.707106,0.0,0.707106],"initscale":[0.999999,1.0,0.999999],"offmtx":[[4.3312579123266914e-07,-0.999999,0.0,5.198824],[1.0,4.331257628109597e-07,3.139164164167596e-07,1.871217],[-3.1391644483846903e-07,-0.0,0.999999,-3.955528]],"boundingbox":[[-1.499016,-1.340682,-1.980508],[5.209304,1.353143,1.125119]]},{"name":"Bone004","parent":"Bone001","initpos":[1.115992,1.870999,-0.256733],"initquaternion":[0.0,-0.707106,0.0,0.707106],"initscale":[0.999999,1.0,0.999999],"offmtx":[[4.3312579123266914e-07,-0.999999,0.0,5.198822],[1.0,4.331257628109597e-07,3.139164164167596e-07,-1.871003],[-3.1391644483846903e-07,-0.0,0.999999,-3.955527]],"boundingbox":[[-1.499016,-1.334312,-1.980508],[5.209304,1.359513,1.125119]]},{"name":"Bone003","parent":"Bone001","initpos":[8.354351,1.870997,-0.233119],"initquaternion":[0.0,-0.707106,0.0,0.707106],"initscale":[0.999999,1.0,0.999999],"offmtx":[[4.3312579123266914e-07,-0.999999,0.0,5.175209],[1.0,4.331257628109597e-07,3.139164164167596e-07,-1.871001],[-3.1391644483846903e-07,-0.0,0.999999,3.28283]],"boundingbox":[[-1.868639,-1.355453,-2.393568],[5.181548,2.161374,2.258122]]},{"name":"Bone002","parent":"Bone001","initpos":[8.35436,-1.871223,-0.233119],"initquaternion":[0.0,-0.707106,0.0,0.707106],"initscale":[0.999999,1.0,0.999999],"offmtx":[[4.3312579123266914e-07,-0.999999,0.0,5.17521],[1.0,4.331257628109597e-07,3.139164164167596e-07,1.871219],[-3.1391644483846903e-07,-0.0,0.999999,3.282841]],"boundingbox":[[-1.86864,-2.116395,-2.393555],[5.181549,1.435981,2.258134]]},{"name":"Bone012","parent":"Bone001","initpos":[7.972953,7.152557373046875e-07,-1.561247],"initquaternion":[0.512199,-0.487495,-0.512198,-0.487496],"initscale":[1.0,1.0,1.0],"offmtx":[[1.0,0.0,0.0,0.0],[0.0,1.0,0.0,0.0],[0.0,0.0,1.0,0.0]],"boundingbox":[[0.0,0.0,0.0],[0.0,0.0,0.0]]},{"name":"Bone013","parent":"Bone012","initpos":[0.643976,-0.003852,-0.000194],"initquaternion":[0.024702,-2.3245624447554292e-07,2.4423553668384557e-07,0.999694],"initscale":[1.0,0.999999,0.999999],"offmtx":[[1e-06,0.999999,0.0,-7.147313],[6.258488269850204e-07,-0.0,0.999999,2.905292],[1.0,-1e-06,-6.258487701416016e-07,1e-05]],"boundingbox":[[-2.155947,-4.268543,-7.29639],[8.888487,2.809392,7.296382]]},{"name":"Bone014","parent":"Bone013","initpos":[3.667201,-0.907785,2.308055],"initquaternion":[-0.73044,-3.216123332094867e-07,3.0071359446992574e-07,0.682975],"initscale":[1.0,0.999999,0.999999],"offmtx":[[1e-06,0.999999,0.0,-10.814513],[-0.997747,1e-06,-0.067087,2.047035],[-0.067087,1.1575716030165495e-07,0.997747,3.959331]],"boundingbox":[[0.468188,-1.208824,-1.859566],[3.31501,0.836891,0.158386]]},{"name":"Bone015","parent":"Bone013","initpos":[3.667203,-0.907799,-2.318316],"initquaternion":[-0.699089,-3.333518634462962e-07,3.409548980926047e-07,0.715034],"initscale":[1.0,0.999999,0.999999],"offmtx":[[1e-06,0.999999,0.0,-10.814517],[-0.999745,1e-06,0.022548,-2.231761],[0.022548,-0.0,0.999745,3.864398]],"boundingbox":[[0.693323,-1.015762,-2.211851],[2.626065,1.07955,0.573331]]}],"boundingbox":[[-7.296386,-0.010479,-7.173836],[7.296386,16.035793,9.411652]]}