{"skeleton":[{"name":"root","parent":"root","initpos":[0.0,0.0,-0.0],"initquaternion":[0.707106,0.0,0.0,0.707106],"initscale":[1.0,0.999999,0.999999],"offmtx":[[1.0,0.0,0.0,0.0],[0.0,1.0,0.0,0.0],[0.0,0.0,1.0,0.0]],"boundingbox":[[0.0,0.0,0.0],[0.0,0.0,0.0]]},{"name":"Bone001","parent":"root","initpos":[0.0,0.0,-24.380922],"initquaternion":[-0.499999,0.5,0.499999,0.5],"initscale":[1.0,0.999999,0.999999],"offmtx":[[0.0,0.999999,0.0,-24.380922],[-1.0,0.0,1e-06,-1e-06],[1e-06,-0.0,0.999999,0.0]],"boundingbox":[[-1.293039,-5.051198,-5.773211],[9.864297,5.051205,5.429733]]},{"name":"Bone005","parent":"Bone001","initpos":[8.246648,-3.010565,1.845924],"initquaternion":[0.703525,-0.566362,0.071072,0.42336],"initscale":[0.999999,1.0,1.0],"offmtx":[[0.736722,0.348365,0.579552,-14.654072],[-0.0,-0.857079,0.515184,27.013423],[0.676195,-0.379548,-0.631429,11.513568]],"boundingbox":[[0.624089,-0.930969,-0.927787],[3.196581,0.908628,0.98452]]},{"name":"Bone006","parent":"Bone005","initpos":[2.544197,0.295354,-0.663523],"initquaternion":[0.153404,0.1377,0.145163,0.967694],"initscale":[0.999999,1.0,1.0],"offmtx":[[0.527641,0.127714,0.839811,-9.888959],[0.051937,-0.991633,0.11817,32.541931],[0.847877,-0.018734,-0.52986,-1.071598]],"boundingbox":[[-0.225382,-0.91958,-0.966529],[2.226713,0.923497,0.880054]]},{"name":"Bone007","parent":"Bone006","initpos":[1.758584,0.01688,-0.817366],"initquaternion":[-0.115641,0.464122,-0.234206,0.846383],"initscale":[1.0,1.0,0.999999],"offmtx":[[-0.403934,0.571971,0.713921,-21.551944],[-0.152906,-0.811659,0.563762,24.824508],[0.901918,0.11856,0.415316,-10.623797]],"boundingbox":[[-0.702575,-0.841864,-0.600623],[2.811575,0.480744,0.687776]]},{"name":"Bone002","parent":"Bone001","initpos":[8.230371,2.980616,1.81884],"initquaternion":[0.420849,-0.067958,0.568229,0.703833],"initscale":[0.999999,0.999999,0.999999],"offmtx":[[-0.742677,0.344992,0.573942,-14.50821],[0.0,-0.857079,0.515184,27.013427],[0.669649,0.382616,0.636533,-11.63939]],"boundingbox":[[0.66086,-0.930976,-0.973257],[3.246959,0.908623,0.957158]]},{"name":"Bone003","parent":"Bone002","initpos":[2.534665,0.277416,0.800256],"initquaternion":[-0.113806,-0.138189,0.177914,0.967625],"initscale":[0.999999,0.999999,1.0],"offmtx":[[-0.515328,0.074746,0.853726,-8.089611],[0.051937,-0.991634,0.118171,33.034271],[0.855417,0.105237,0.507135,-1.820577]],"boundingbox":[[-0.150965,-0.81518,-0.930515],[2.198372,0.780009,0.76201]]},{"name":"Bone004","parent":"Bone003","initpos":[2.15271,-0.122203,0.42135],"initquaternion":[0.048414,-0.470497,-0.239769,0.847819],"initscale":[1.0,1.0,0.999999],"offmtx":[[0.411183,0.562911,0.716978,-21.257272],[0.122911,-0.813602,0.568282,24.801353],[0.903228,-0.145543,-0.403728,11.929115]],"boundingbox":[[-0.728923,-0.763575,-0.256625],[2.779334,0.539383,1.057507]]},{"name":"Bone025","parent":"Bone001","initpos":[-0.124689,-5e-06,-3.379272],"initquaternion":[-0.338656,-0.620734,0.620734,-0.338657],"initscale":[0.999999,0.999999,0.999999],"offmtx":[[-0.0,-0.541244,-0.840864,10.287048],[-7.755522801744519e-07,0.840864,-0.541244,-22.225229],[1.0,6.074031375646882e-07,-4.892575020676304e-07,-1.6e-05]],"boundingbox":[[0.007799,-1.377611,-4.147029],[2.209259,1.069519,4.13618]]}],"boundingbox":[[-6.290183,21.991048,-5.773211],[6.290185,35.993679,8.326155]]}