{"skeleton":[{"name":"root","parent":"root","initpos":[0.0,0.0,-0.0],"initquaternion":[0.707106,0.0,0.0,0.707106],"initscale":[1.0,0.999999,0.999999],"offmtx":[[1.0,0.0,0.0,0.0],[0.0,1.0,0.0,0.0],[0.0,0.0,1.0,0.0]],"boundingbox":[[0.0,0.0,0.0],[0.0,0.0,0.0]]},{"name":"Bone001","parent":"root","initpos":[0.0,-0.047317,8.640125],"initquaternion":[0.000806,0.707106,0.000806,0.707106],"initscale":[0.999999,0.999999,0.999999],"offmtx":[[-1.1733878579889279e-07,0.999997,0.002281,8.640211],[-2.943920662801247e-07,-0.002281,0.999997,0.027609],[1.0,1.1666696764223161e-07,2.9465891770996677e-07,1e-06]],"boundingbox":[[0.040583,-3.059061,-2.25192],[19.493621,3.086264,1.433043]]},{"name":"Bone002","parent":"Bone001","initpos":[16.216999,0.010324,-1.450787],"initquaternion":[-0.106395,0.699055,0.698812,0.10799],"initscale":[0.999999,0.999999,0.999999],"offmtx":[[-0.299683,-0.954038,6.052994194760686e-07,6.793792],[0.954038,-0.299683,-9.433800300939765e-07,3.654753],[1e-06,2.9476379381776496e-07,1.0,1e-06]],"boundingbox":[[-0.1021,-0.831889,-0.409445],[5.759561,1.554955,0.409445]]},{"name":"Bone003","parent":"Bone001","initpos":[18.505496,0.935168,-0.25926],"initquaternion":[0.0,-1.2097810042632773e-07,0.85618,0.516676],"initscale":[1.0,1.0,1.0],"offmtx":[[-0.0,-0.468106,0.883671,3.795161],[0.0,-0.883671,-0.468106,9.151192],[1.0,0.0,0.0,0.259262]],"boundingbox":[[-0.102538,-0.790241,-0.334427],[8.170354,1.843822,0.459136]]},{"name":"Bone005","parent":"Bone001","initpos":[15.624189,0.011676,0.745076],"initquaternion":[-0.705958,-0.040276,-0.041886,0.705865],"initscale":[0.999999,0.999999,0.999999],"offmtx":[[0.116,0.993249,-1.2763729273501667e-07,-7.023278],[-0.993249,0.116,-3.5627624583867146e-07,-0.0701],[-3.39065195475996e-07,1.681037389289486e-07,0.999999,1e-06]],"boundingbox":[[-0.352862,-1.267121,-1.023598],[3.471441,0.540809,1.023604]]},{"name":"Bone006","parent":"Bone001","initpos":[15.33734,2.324963,2e-06],"initquaternion":[0.0,-2.3711889696187427e-07,0.657497,0.753456],"initscale":[1.0,1.0,1.0],"offmtx":[[1.6927512547226797e-07,0.133132,0.991098,-3.182946],[-0.0,-0.991098,0.133132,6.324417],[1.0,-1.2010485761493328e-07,-1.5466197567093332e-07,1e-06]],"boundingbox":[[-1.078257,-2.872607,-0.614161],[0.950721,-0.165283,0.190605]]},{"name":"Bone007","parent":"Bone001","initpos":[15.326788,-2.30065,9.53670223680092e-07],"initquaternion":[1.5717006363047403e-07,1.792810877532247e-07,-0.659214,0.751954],"initscale":[0.999999,0.999999,1.0],"offmtx":[[-2.003407502115806e-07,0.133132,-0.991098,-3.183317],[-1.5485595383779582e-07,0.991098,0.133132,-6.324368],[1.0,1.8014928571119526e-07,-1.779410325752906e-07,-1e-06]],"boundingbox":[[-1.078633,0.165335,-0.61416],[0.950344,2.872658,0.190606]]},{"name":"Bone004","parent":"Bone001","initpos":[18.501255,-0.924888,-0.259261],"initquaternion":[1.588684739317614e-07,1.9857768052133906e-07,-0.857356,0.514722],"initscale":[1.0,1.0,1.0],"offmtx":[[-1.6184820594844496e-07,-0.468107,-0.883671,3.795215],[-1.4212292853699182e-07,0.883671,-0.468107,-9.151163],[1.0,0.0,-2.0954941248874093e-07,0.259262]],"boundingbox":[[-0.102489,-1.843794,-0.334425],[8.170402,0.790266,0.459139]]}],"boundingbox":[[-3.586836,-8.598247,-8.380195],[2.373426,10.850169,8.380196]]}