{"skeleton":[{"name":"root","parent":"root","initpos":[0.0,0.0,-0.0],"initquaternion":[0.707106,0.0,0.0,0.707106],"initscale":[1.0,0.999999,0.999999],"offmtx":[[1.0,0.0,0.0,0.0],[0.0,1.0,0.0,0.0],[0.0,0.0,1.0,0.0]],"boundingbox":[[0.0,0.0,0.0],[0.0,0.0,0.0]]},{"name":"Bone021","parent":"root","initpos":[6.15519,-0.000105,-24.4346],"initquaternion":[-0.499928,-0.499997,-0.499928,0.500145],"initscale":[0.999999,0.999999,0.999999],"offmtx":[[-0.000209,-0.999999,-5.797482458547165e-07,24.43589],[0.999999,-0.000209,-5e-06,-6.15007],[5e-06,-5.809136496282008e-07,0.999999,8.5e-05]],"boundingbox":[[7.405953,-2.300158,-2.274105],[12.603188,1.994392,2.147053]]},{"name":"Bone022","parent":"Bone021","initpos":[0.562858,0.849912,-2.826085],"initquaternion":[0.118113,-0.401014,0.752766,0.508506],"initscale":[1.0,1.0,1.0],"offmtx":[[0.670938,0.454798,0.585661,-13.901482],[-0.161034,0.860337,-0.483617,-20.776365],[-0.723816,0.230165,0.650472,1.414259]],"boundingbox":[[-1.727176,-0.163206,-1.601327],[2.483997,0.228138,1.611707]]},{"name":"Bone023","parent":"Bone022","initpos":[1.246048,0.146821,1.001555],"initquaternion":[-0.010906,-0.202817,0.046469,0.978052],"initscale":[0.999999,0.999999,0.999999],"offmtx":[[0.311064,0.588509,0.746254,-15.667065],[-0.189235,0.80784,-0.558197,-19.534545],[-0.931358,0.032417,0.362657,6.351557]],"boundingbox":[[-0.009168,-0.281088,-1.60348],[3.981619,0.185353,1.621403]]},{"name":"Bone024","parent":"Bone023","initpos":[4.023247,-0.196481,-0.950735],"initquaternion":[0.070289,-0.372043,0.039675,0.924699],"initscale":[1.0,0.999999,0.999999],"offmtx":[[-0.426037,0.463248,0.777104,-9.519825],[-0.319438,0.726608,-0.608274,-15.877793],[-0.846434,-0.507385,-0.161583,21.731573]],"boundingbox":[[-0.021877,-0.148856,-1.041171],[4.305563,0.436549,0.963594]]},{"name":"Bone025","parent":"Bone021","initpos":[7.867158,2.710705,-2.175763],"initquaternion":[-2.381043913146641e-07,-2e-06,1.0,-0.000104],"initscale":[0.999999,0.999999,1.0],"offmtx":[[1.0420386331588816e-07,1.0,0.0,-16.566875],[-1.0,1.0420384199960608e-07,-5e-06,8.864233],[-5e-06,0.0,1.0,2.175925]],"boundingbox":[[0.115723,-0.184768,0.003046],[0.517838,0.21646,0.023048]]},{"name":"Bone026","parent":"Bone021","initpos":[10.910972,2.066801,-2.119155],"initquaternion":[0.165512,-0.421129,0.835034,0.313007],"initscale":[0.999999,0.999999,0.999999],"offmtx":[[0.383496,0.749183,0.54005,-12.139068],[-0.449213,0.662242,-0.599701,-6.534158],[-0.80693,-0.012614,0.590511,8.05478]],"boundingbox":[[-0.036347,-0.845153,-0.162767],[3.375231,0.631275,0.121398]]},{"name":"Bone027","parent":"Bone021","initpos":[10.938692,-0.834878,-2.316843],"initquaternion":[-0.0,-2.767757223409717e-07,0.981361,0.192173],"initscale":[1.0,1.0,0.999998],"offmtx":[[0.377376,0.926059,2.5874749098875327e-07,-14.505077],[-0.926059,0.377376,-0.0,-0.168303],[-1.276614369771778e-07,-2.27383907258627e-07,1.0,2.316959]],"boundingbox":[[0.009875,-1.227871,-0.084251],[3.659993,1.161304,0.170024]]}],"boundingbox":[[3.853069,11.831895,-3.912969],[10.177208,29.420152,4.528989]]}