{"skeleton":[{"name":"root","parent":"root","initpos":[0.0,0.0,-0.0],"initquaternion":[0.707106,0.0,0.0,0.707106],"initscale":[1.0,0.999999,0.999999],"offmtx":[[1.0,0.0,0.0,0.0],[0.0,1.0,0.0,0.0],[0.0,0.0,1.0,0.0]],"boundingbox":[[0.0,0.0,0.0],[0.0,0.0,0.0]]},{"name":"Bone007","parent":"root","initpos":[0.064405,1e-06,-24.106069],"initquaternion":[-0.502831,0.497152,0.497152,0.502831],"initscale":[1.0,0.999999,0.999999],"offmtx":[[0.011356,0.999935,0.0,-24.105247],[-0.999935,0.011356,0.0,-0.209357],[0.0,-0.0,0.999999,1e-06]],"boundingbox":[[7.648412,-4.540536,1.715784],[10.579998,4.874756,4.300003]]},{"name":"Bone57","parent":"Bone007","initpos":[8.21059,-2.49751,3.225288],"initquaternion":[0.629098,-0.348467,0.109774,0.686116],"initscale":[0.999999,0.999999,0.999999],"offmtx":[[0.296111,0.729723,0.616295,-26.335065],[-0.191047,-0.586944,0.786763,16.92082],[0.935851,-0.350711,-0.034388,8.949931]],"boundingbox":[[-0.199848,-0.732467,-0.626484],[5.413407,0.77284,0.768708]]},{"name":"Bone56","parent":"Bone57","initpos":[5.589384,-0.725711,0.16061],"initquaternion":[0.241088,-0.104211,0.715257,0.647629],"initscale":[0.999999,0.999999,0.999999],"offmtx":[[0.268385,-0.715339,0.64518,21.113048],[-0.109843,-0.68811,-0.717243,30.154201],[0.957028,0.121629,-0.263254,-7.265449]],"boundingbox":[[0.017105,-0.146404,-0.683848],[3.627205,0.123979,0.640666]]},{"name":"Bone55","parent":"Bone56","initpos":[3.56837,-0.151473,0.28091],"initquaternion":[0.102371,0.102792,0.359503,0.921797],"initscale":[1.0,1.0,0.999999],"offmtx":[[0.007305,-0.999961,0.004819,34.237266],[-1.7e-05,-0.004819,-0.999988,8.595866],[0.999973,0.007305,-5.3e-05,-6.092357]],"boundingbox":[[0.009045,-0.345788,-0.480479],[6.65632,0.221796,0.462865]]},{"name":"Bone012","parent":"Bone007","initpos":[8.150291,2.811822,3.225292],"initquaternion":[0.687318,-0.101975,0.355589,0.625099],"initscale":[1.0,0.999999,0.999999],"offmtx":[[-0.296111,0.729723,0.616296,-26.33497],[0.191049,-0.586944,0.786763,16.920764],[0.935851,0.350712,0.034387,-8.950244]],"boundingbox":[[-0.199758,-0.732534,-0.769014],[5.413497,0.772773,0.626178]]},{"name":"Bone014","parent":"Bone012","initpos":[5.589389,-0.725711,-0.160616],"initquaternion":[-0.241088,0.10421,0.715257,0.647629],"initscale":[0.999999,0.999999,0.999999],"offmtx":[[-0.268385,-0.715339,0.645181,21.113117],[0.109842,-0.68811,-0.717243,30.154174],[0.957028,-0.121629,0.263253,7.265148]],"boundingbox":[[0.017181,-0.146438,-0.643405],[4.023124,0.123947,0.683541]]},{"name":"Bone016","parent":"Bone014","initpos":[3.568367,-0.151466,-0.280899],"initquaternion":[-0.102372,-0.102792,0.359503,0.921797],"initscale":[0.999999,1.0,0.999999],"offmtx":[[-0.007305,-0.999961,0.004818,34.237285],[3.3e-05,-0.004819,-0.999988,8.59596],[0.999973,-0.007305,6.8e-05,6.091884]],"boundingbox":[[0.153289,-0.15682,-0.422485],[6.656326,0.133352,0.480149]]}],"boundingbox":[[-6.307593,27.666074,1.715778],[6.307596,36.851413,8.77797]]}