{
  "skeleton": [
    {
      "name": "root",
      "parent": "root",
      "initpos": [
        0,
        0,
        0
      ],
      "initquaternion": [
        0.707106,
        0,
        0,
        0.707106
      ],
      "initscale": [
        1,
        0.999999,
        0.999999
      ],
      "offmtx": [
        [
          1,
          0,
          0,
          0
        ],
        [
          0,
          1,
          0,
          0
        ],
        [
          0,
          0,
          1,
          0
        ]
      ],
      "boundingbox": [
        [
          0,
          0,
          0
        ],
        [
          0,
          0,
          0
        ]
      ]
    },
    {
      "name": "Bone006",
      "parent": "root",
      "initpos": [
        0.064407,
        -0.000003,
        -24.106071
      ],
      "initquaternion": [
        0.5,
        -0.499999,
        -0.5,
        -0.499999
      ],
      "initscale": [
        1,
        1,
        1
      ],
      "offmtx": [
        [
          0,
          0.999999,
          0,
          -24.106073
        ],
        [
          -1,
          0,
          -3.4173476137766556e-7,
          0.064407
        ],
        [
          -3.4173476137766556e-7,
          0,
          0.999999,
          6.776612053727149e-7
        ]
      ],
      "boundingbox": [
        [
          1.372924,
          -4.070796,
          0.69
        ],
        [
          4.972925,
          4.079207,
          6.590005
        ]
      ]
    },
    {
      "name": "Bone013",
      "parent": "Bone006",
      "initpos": [
        6.459178,
        -0.192634,
        0.915102
      ],
      "initquaternion": [
        -0.582501,
        -0.400864,
        -0.400864,
        0.582501
      ],
      "initscale": [
        1,
        1,
        1
      ],
      "offmtx": [
        [
          -1.3886321426070936e-7,
          0.357231,
          0.934015,
          -11.773597
        ],
        [
          2.79631620969667e-7,
          0.934015,
          -0.357231,
          -28.221523
        ],
        [
          -1,
          2.1157396190574218e-7,
          -2.2959370937769563e-7,
          0.257035
        ]
      ],
      "boundingbox": [
        [
          0.238763,
          -0.778403,
          -0.662684
        ],
        [
          3.164066,
          0.629406,
          0.791186
        ]
      ]
    },
    {
      "name": "Bone014",
      "parent": "Bone013",
      "initpos": [
        2.887259,
        0,
        0
      ],
      "initquaternion": [
        0,
        0,
        -0.317248,
        0.948342
      ],
      "initscale": [
        1,
        1,
        1
      ],
      "offmtx": [
        [
          -3.6659372426584014e-7,
          -0.276692,
          0.960958,
          5.271733
        ],
        [
          0,
          0.960958,
          0.276692,
          -31.362461
        ],
        [
          -1,
          1.5175355372321064e-7,
          -3.3779249974941195e-7,
          0.257038
        ]
      ],
      "boundingbox": [
        [
          -0.020139,
          -1.887536,
          -0.678162
        ],
        [
          3.399939,
          1.121862,
          0.92184
        ]
      ]
    },
    {
      "name": "Bone015",
      "parent": "Bone014",
      "initpos": [
        1.948585,
        0.404285,
        0.010746
      ],
      "initquaternion": [
        0.891826,
        0.452376,
        -2.0933960342972568e-7,
        -2.4580569402132824e-7
      ],
      "initscale": [
        0.999999,
        0.999999,
        0.999999
      ],
      "offmtx": [
        [
          0,
          0.611936,
          0.790907,
          -23.669046
        ],
        [
          1.5010661513770174e-7,
          -0.790907,
          0.611936,
          21.446344
        ],
        [
          1,
          1.3298048884280433e-7,
          0,
          -0.246298
        ]
      ],
      "boundingbox": [
        [
          -0.035821,
          -0.745553,
          -0.711093
        ],
        [
          2.970168,
          0.766458,
          0.888908
        ]
      ]
    },
    {
      "name": "Bone016",
      "parent": "Bone015",
      "initpos": [
        2.913471,
        -0.000001,
        -3.5762786865234375e-7
      ],
      "initquaternion": [
        -0.02186,
        -0.046757,
        -0.381463,
        0.922941
      ],
      "initscale": [
        0.999999,
        1,
        0.999999
      ],
      "offmtx": [
        [
          0.102987,
          0.986459,
          0.127636,
          -33.81269
        ],
        [
          -0.004679,
          -0.127836,
          0.991783,
          -3.586565
        ],
        [
          0.994671,
          -0.102738,
          -0.008549,
          3.23645
        ]
      ],
      "boundingbox": [
        [
          -0.405764,
          -1.048869,
          -0.636922
        ],
        [
          3.589264,
          0.519352,
          1.113355
        ]
      ]
    },
    {
      "name": "Bone022",
      "parent": "Bone006",
      "initpos": [
        4.094972,
        -3.007249,
        3.433086
      ],
      "initquaternion": [
        0.497153,
        0.50283,
        0.502834,
        -0.497149
      ],
      "initscale": [
        0.999999,
        0.999999,
        1
      ],
      "offmtx": [
        [
          0,
          -0.011362,
          0.999935,
          -3.112427
        ],
        [
          0.000007,
          0.999935,
          0.011362,
          -28.238258
        ],
        [
          -1,
          0.000007,
          0,
          3.071435
        ]
      ],
      "boundingbox": [
        [
          -0.051341,
          -0.639835,
          -0.863541
        ],
        [
          3.277968,
          2.827685,
          2.136476
        ]
      ]
    },
    {
      "name": "Bone023",
      "parent": "Bone022",
      "initpos": [
        2.72324,
        0.52403,
        0
      ],
      "initquaternion": [
        0,
        0,
        0.17651,
        0.984298
      ],
      "initscale": [
        1,
        1,
        1
      ],
      "offmtx": [
        [
          0.000002,
          0.336801,
          0.941575,
          -15.466316
        ],
        [
          0.000007,
          0.941575,
          -0.336801,
          -24.942285
        ],
        [
          -1,
          0.000007,
          0,
          3.071435
        ]
      ],
      "boundingbox": [
        [
          -0.679094,
          -0.902621,
          -1.80054
        ],
        [
          2.901215,
          1.524587,
          3.262455
        ]
      ]
    },
    {
      "name": "Bone024",
      "parent": "Bone023",
      "initpos": [
        3.302349,
        0.000001,
        0
      ],
      "initquaternion": [
        0,
        0,
        0.176793,
        0.984247
      ],
      "initscale": [
        0.999999,
        0.999999,
        1
      ],
      "offmtx": [
        [
          0.000005,
          0.643432,
          0.765503,
          -26.275749
        ],
        [
          0.000005,
          0.765503,
          -0.643432,
          -16.85127
        ],
        [
          -1,
          0.000007,
          0,
          3.071435
        ]
      ],
      "boundingbox": [
        [
          -1.668122,
          -0.208139,
          -1.963537
        ],
        [
          1.775539,
          1.14486,
          2.570398
        ]
      ]
    },
    {
      "name": "Bone025",
      "parent": "Bone006",
      "initpos": [
        4.094972,
        1.527768,
        3.433088
      ],
      "initquaternion": [
        0.497153,
        0.50283,
        0.502834,
        -0.497149
      ],
      "initscale": [
        0.999999,
        0.999999,
        1
      ],
      "offmtx": [
        [
          0,
          -0.011362,
          0.999935,
          -3.112428
        ],
        [
          0.000007,
          0.999935,
          0.011362,
          -28.238222
        ],
        [
          -1,
          0.000007,
          0,
          -1.463582
        ]
      ],
      "boundingbox": [
        [
          -0.051341,
          -0.639845,
          -2.398569
        ],
        [
          2.965511,
          0.894181,
          2.101443
        ]
      ]
    },
    {
      "name": "Bone026",
      "parent": "Bone025",
      "initpos": [
        2.723241,
        0.52403,
        1.1920928955078125e-7
      ],
      "initquaternion": [
        -0.011989,
        0.065158,
        0.180572,
        0.981327
      ],
      "initscale": [
        0.999999,
        0.999999,
        0.999999
      ],
      "offmtx": [
        [
          0.132215,
          0.342289,
          0.930245,
          -15.360483
        ],
        [
          0.000007,
          0.938484,
          -0.345321,
          -24.801038
        ],
        [
          -0.991221,
          0.045663,
          0.124079,
          -3.525386
        ]
      ],
      "boundingbox": [
        [
          -0.133667,
          -0.882101,
          -0.732975
        ],
        [
          3.586922,
          1.021574,
          1.029181
        ]
      ]
    },
    {
      "name": "Bone027",
      "parent": "Bone026",
      "initpos": [
        3.302347,
        0,
        -2.384185791015625e-7
      ],
      "initquaternion": [
        -0.036025,
        0.020482,
        0.177473,
        0.983252
      ],
      "initscale": [
        0.999999,
        0.999999,
        1
      ],
      "offmtx": [
        [
          0.176378,
          0.644165,
          0.744272,
          -25.90349
        ],
        [
          0.016684,
          0.754061,
          -0.656592,
          -16.409301
        ],
        [
          -0.984181,
          0.128226,
          0.122252,
          -5.963677
        ]
      ],
      "boundingbox": [
        [
          0.286139,
          -0.840304,
          -0.799144
        ],
        [
          1.933471,
          0.908202,
          0.875061
        ]
      ]
    },
    {
      "name": "Bone031",
      "parent": "Bone006",
      "initpos": [
        6.783149,
        1.710682,
        1.261692
      ],
      "initquaternion": [
        0.667495,
        0.339887,
        0.474603,
        -0.462253
      ],
      "initscale": [
        0.999999,
        0.999999,
        0.999999
      ],
      "offmtx": [
        [
          -0.014972,
          0.318455,
          0.947819,
          -11.057359
        ],
        [
          0.341597,
          0.89252,
          -0.29448,
          -26.635349
        ],
        [
          -0.939726,
          0.319363,
          -0.122146,
          -11.257841
        ]
      ],
      "boundingbox": [
        [
          -0.065145,
          -0.865196,
          -0.868684
        ],
        [
          2.986964,
          1.003456,
          0.789245
        ]
      ]
    },
    {
      "name": "Bone032",
      "parent": "Bone031",
      "initpos": [
        2.452563,
        -0.054891,
        -0.076994
      ],
      "initquaternion": [
        0.163385,
        0.058665,
        -0.291904,
        0.940561
      ],
      "initscale": [
        0.999999,
        0.999999,
        0.999999
      ],
      "offmtx": [
        [
          -7.078052135511825e-7,
          -0.276693,
          0.960958,
          5.271747
        ],
        [
          -5.100562248117058e-7,
          0.960958,
          0.276693,
          -31.362461
        ],
        [
          -0.999999,
          -2.942978483133629e-7,
          -8.213001478907245e-7,
          -1.629378
        ]
      ],
      "boundingbox": [
        [
          -0.025152,
          -2.287466,
          -1.467326
        ],
        [
          3.407363,
          3.091812,
          0.535407
        ]
      ]
    },
    {
      "name": "Bone036",
      "parent": "Bone006",
      "initpos": [
        1.033908,
        -2.866105,
        3.647232
      ],
      "initquaternion": [
        -0.565807,
        -0.4241,
        -0.4241,
        0.565807
      ],
      "initscale": [
        1,
        0.999999,
        0.999999
      ],
      "offmtx": [
        [
          -1.863922989286948e-7,
          0.280554,
          0.959838,
          -10.553895
        ],
        [
          1.4725361552336835e-7,
          0.959838,
          -0.280554,
          -23.107061
        ],
        [
          -1,
          0,
          -2.202191069500259e-7,
          2.93051
        ]
      ],
      "boundingbox": [
        [
          0.021777,
          -0.708709,
          -0.604691
        ],
        [
          3.222118,
          2.202813,
          2.29531
        ]
      ]
    },
    {
      "name": "Bone037",
      "parent": "Bone036",
      "initpos": [
        2.415441,
        0.21058,
        0
      ],
      "initquaternion": [
        -0.021031,
        -0.037226,
        0.227664,
        0.9728
      ],
      "initscale": [
        0.999999,
        0.999999,
        1
      ],
      "offmtx": [
        [
          -0.062852,
          0.677351,
          0.732969,
          -21.769689
        ],
        [
          0.05787,
          0.735659,
          -0.674875,
          -15.325065
        ],
        [
          -0.996343,
          -2.3841855067985307e-7,
          -0.085436,
          3.424439
        ]
      ],
      "boundingbox": [
        [
          -0.105353,
          -0.833914,
          -0.637471
        ],
        [
          2.528841,
          0.781395,
          0.87359
        ]
      ]
    },
    {
      "name": "Bone038",
      "parent": "Bone006",
      "initpos": [
        1.033908,
        3.02452,
        3.647233
      ],
      "initquaternion": [
        -0.532475,
        -0.43265,
        -0.439693,
        0.579614
      ],
      "initscale": [
        0.999999,
        0.999999,
        0.999999
      ],
      "offmtx": [
        [
          0.048953,
          0.238966,
          0.969793,
          -9.399756
        ],
        [
          -0.046278,
          0.970457,
          -0.236793,
          -23.670621
        ],
        [
          -0.997728,
          -0.033288,
          0.058566,
          -2.330124
        ]
      ],
      "boundingbox": [
        [
          -0.041664,
          -0.742816,
          -0.830771
        ],
        [
          3.160588,
          2.366271,
          0.778973
        ]
      ]
    },
    {
      "name": "Bone039",
      "parent": "Bone038",
      "initpos": [
        2.415439,
        0.210582,
        -2.384185791015625e-7
      ],
      "initquaternion": [
        -0.021031,
        -0.037226,
        0.227664,
        0.9728
      ],
      "initscale": [
        0.999999,
        0.999999,
        1
      ],
      "offmtx": [
        [
          -0.039537,
          0.642817,
          0.764998,
          -21.319545
        ],
        [
          -0.005308,
          0.765451,
          -0.643472,
          -16.034685
        ],
        [
          -0.999203,
          -0.029501,
          -0.026851,
          -1.925113
        ]
      ],
      "boundingbox": [
        [
          -0.17877,
          -1.769564,
          -1.064582
        ],
        [
          2.694018,
          1.069009,
          0.512709
        ]
      ]
    },
    {
      "name": "Bone040",
      "parent": "Bone006",
      "initpos": [
        1.033908,
        -0.012589,
        3.647232
      ],
      "initquaternion": [
        -0.565807,
        -0.4241,
        -0.4241,
        0.565807
      ],
      "initscale": [
        1,
        0.999999,
        0.999999
      ],
      "offmtx": [
        [
          -1.863922989286948e-7,
          0.280554,
          0.959838,
          -10.553896
        ],
        [
          1.4725361552336835e-7,
          0.959838,
          -0.280554,
          -23.107061
        ],
        [
          -1,
          0,
          -2.202191069500259e-7,
          0.076994
        ]
      ],
      "boundingbox": [
        [
          -0.07687,
          -0.86077,
          -2.338872
        ],
        [
          3.126539,
          0.801962,
          2.252182
        ]
      ]
    },
    {
      "name": "Bone041",
      "parent": "Bone040",
      "initpos": [
        2.415441,
        0.210578,
        0
      ],
      "initquaternion": [
        -0.021031,
        -0.037226,
        0.227664,
        0.9728
      ],
      "initscale": [
        0.999999,
        0.999999,
        1
      ],
      "offmtx": [
        [
          -0.062852,
          0.677351,
          0.732969,
          -21.949039
        ],
        [
          0.05787,
          0.735659,
          -0.674875,
          -15.159933
        ],
        [
          -0.996343,
          -2.3841855067985307e-7,
          -0.085436,
          0.581357
        ]
      ],
      "boundingbox": [
        [
          -0.522146,
          -0.736088,
          -1.847471
        ],
        [
          2.551332,
          1.80005,
          1.433679
        ]
      ]
    },
    {
      "name": "Bone017",
      "parent": "Bone006",
      "initpos": [
        6.459178,
        -1.692877,
        0.935375
      ],
      "initquaternion": [
        -0.551082,
        -0.379242,
        -0.421378,
        0.61231
      ],
      "initscale": [
        0.999999,
        0.999999,
        0.999999
      ],
      "offmtx": [
        [
          0.098041,
          0.357231,
          0.928855,
          -11.959988
        ],
        [
          -0.037498,
          0.934015,
          -0.355258,
          -28.150228
        ],
        [
          -0.994475,
          -2.9802313861182483e-7,
          0.104967,
          1.649402
        ]
      ],
      "boundingbox": [
        [
          0.05878,
          -0.794162,
          -0.692403
        ],
        [
          2.97297,
          0.797094,
          0.920218
        ]
      ]
    },
    {
      "name": "Bone018",
      "parent": "Bone017",
      "initpos": [
        2.88726,
        0,
        0
      ],
      "initquaternion": [
        -0.002991,
        -0.070402,
        -0.316459,
        0.945985
      ],
      "initscale": [
        1,
        0.999999,
        0.999999
      ],
      "offmtx": [
        [
          -0.034478,
          -0.276692,
          0.960339,
          5.339153
        ],
        [
          -0.009928,
          0.960958,
          0.276514,
          -31.343042
        ],
        [
          -0.999356,
          -6.956975653338304e-7,
          -0.035879,
          2.168847
        ]
      ],
      "boundingbox": [
        [
          -0.033476,
          -0.655746,
          -0.20683
        ],
        [
          3.049418,
          0.933348,
          1.311109
        ]
      ]
    },
    {
      "name": "Bone019",
      "parent": "Bone018",
      "initpos": [
        3.266895,
        0,
        7.152557373046875e-7
      ],
      "initquaternion": [
        -0.178091,
        0.082718,
        0.576902,
        0.792858
      ],
      "initscale": [
        1,
        0.999999,
        0.999999
      ],
      "offmtx": [
        [
          0.316587,
          0.762045,
          0.564852,
          -27.814903
        ],
        [
          0.216707,
          0.521628,
          -0.825191,
          -10.854163
        ],
        [
          -0.923477,
          0.383653,
          0,
          -9.995163
        ]
      ],
      "boundingbox": [
        [
          -0.352107,
          -0.918732,
          -0.067369
        ],
        [
          4.004092,
          1.006053,
          1.169128
        ]
      ]
    },
    {
      "name": "Bone028",
      "parent": "Bone006",
      "initpos": [
        7.616775,
        3.232093,
        0.874296
      ],
      "initquaternion": [
        0.581728,
        -0.412228,
        0.547651,
        0.437878
      ],
      "initscale": [
        0.999999,
        0.999999,
        0.999999
      ],
      "offmtx": [
        [
          1.844018271413006e-7,
          0.060291,
          0.99818,
          -2.785333
        ],
        [
          0.27666,
          -0.959219,
          0.057938,
          31.254888
        ],
        [
          0.960967,
          0.276157,
          -0.01668,
          -5.701867
        ]
      ],
      "boundingbox": [
        [
          -0.062585,
          -0.762579,
          -0.863097
        ],
        [
          2.984325,
          0.996269,
          0.5937
        ]
      ]
    },
    {
      "name": "Bone029",
      "parent": "Bone028",
      "initpos": [
        2.83115,
        -0.000024,
        -4.76837158203125e-7
      ],
      "initquaternion": [
        1.169003809309288e-7,
        0,
        0.195864,
        0.98063
      ],
      "initscale": [
        1,
        1,
        1
      ],
      "offmtx": [
        [
          0.106277,
          -0.31281,
          0.943851,
          6.820763
        ],
        [
          0.255433,
          -0.908783,
          -0.329949,
          31.014392
        ],
        [
          0.960967,
          0.276157,
          -0.01668,
          -5.701872
        ]
      ],
      "boundingbox": [
        [
          -0.0822,
          -2.54674,
          -1.236577
        ],
        [
          3.37835,
          2.39185,
          1.174154
        ]
      ]
    },
    {
      "name": "Bone030",
      "parent": "Bone029",
      "initpos": [
        2.951152,
        -0.000003,
        -4.76837158203125e-7
      ],
      "initquaternion": [
        0,
        0,
        0.127984,
        0.991776
      ],
      "initscale": [
        1,
        1,
        1
      ],
      "offmtx": [
        [
          0.16764,
          -0.53327,
          0.829167,
          11.616301
        ],
        [
          0.220085,
          -0.799599,
          -0.558751,
          29.015995
        ],
        [
          0.960967,
          0.276157,
          -0.01668,
          -5.701868
        ]
      ],
      "boundingbox": [
        [
          -0.538271,
          -1.015292,
          -1.029636
        ],
        [
          2.244711,
          0.532526,
          0.820153
        ]
      ]
    },
    {
      "name": "Bone020",
      "parent": "Bone006",
      "initpos": [
        6.696834,
        -3.182144,
        1.279826
      ],
      "initquaternion": [
        -0.410774,
        -0.534883,
        -0.28131,
        0.682662
      ],
      "initscale": [
        0.999999,
        0.999999,
        0.999999
      ],
      "offmtx": [
        [
          -0.055353,
          0.269528,
          0.9614,
          -9.352975
        ],
        [
          -0.504256,
          0.823513,
          -0.259904,
          -23.396888
        ],
        [
          -0.861778,
          -0.499178,
          0.090327,
          18.058362
        ]
      ],
      "boundingbox": [
        [
          -0.066436,
          -0.741556,
          -0.872248
        ],
        [
          2.934732,
          0.748686,
          0.809123
        ]
      ]
    },
    {
      "name": "Bone021",
      "parent": "Bone020",
      "initpos": [
        2.926935,
        -0.000028,
        -0.000001
      ],
      "initquaternion": [
        -0.028916,
        -0.105899,
        -0.261823,
        0.958852
      ],
      "initscale": [
        0.999999,
        0.999999,
        0.999999
      ],
      "offmtx": [
        [
          0.015514,
          -0.290846,
          0.956643,
          5.224201
        ],
        [
          -0.462409,
          0.846211,
          0.264771,
          -26.390901
        ],
        [
          -0.88653,
          -0.446469,
          -0.121361,
          17.336133
        ]
      ],
      "boundingbox": [
        [
          -0.586448,
          -0.952429,
          -0.808262
        ],
        [
          2.787895,
          1.166077,
          1.181694
        ]
      ]
    },
    {
      "name": "Bone033",
      "parent": "Bone006",
      "initpos": [
        2.406089,
        1.639205,
        3.43814
      ],
      "initquaternion": [
        -0.568313,
        -0.420736,
        -0.420737,
        0.568313
      ],
      "initscale": [
        1,
        1,
        1
      ],
      "offmtx": [
        [
          2.636221552165807e-7,
          0.29192,
          0.956442,
          -11.027837
        ],
        [
          0.000001,
          0.956442,
          -0.29192,
          -24.353683
        ],
        [
          -1,
          0.000001,
          0,
          -1.574828
        ]
      ],
      "boundingbox": [
        [
          0.029747,
          -0.708899,
          -0.810001
        ],
        [
          3.042027,
          0.81582,
          0.590001
        ]
      ]
    },
    {
      "name": "Bone034",
      "parent": "Bone033",
      "initpos": [
        3.012352,
        0,
        4.76837158203125e-7
      ],
      "initquaternion": [
        2.73271268724784e-7,
        0,
        -0.139527,
        0.990218
      ],
      "initscale": [
        0.999999,
        0.999999,
        1
      ],
      "offmtx": [
        [
          -1.359822903168606e-7,
          0.016265,
          0.999867,
          -6.763989
        ],
        [
          5.586600764218019e-7,
          0.999867,
          -0.016265,
          -27.285112
        ],
        [
          -1,
          5.5637434570599e-7,
          -1.4505138778986293e-7,
          -1.574812
        ]
      ],
      "boundingbox": [
        [
          -0.337959,
          -0.666758,
          -0.510002
        ],
        [
          2.286096,
          0.875335,
          0.99
        ]
      ]
    },
    {
      "name": "Bone035",
      "parent": "Bone034",
      "initpos": [
        2.308673,
        0.000001,
        -3.5762786865234375e-7
      ],
      "initquaternion": [
        0,
        0,
        -0.015271,
        0.999883
      ],
      "initscale": [
        0.999999,
        0.999999,
        1
      ],
      "offmtx": [
        [
          -1.5298037681077403e-7,
          -0.014277,
          0.999897,
          -8.235141
        ],
        [
          6.553405569320603e-7,
          0.999897,
          0.014277,
          -27.549463
        ],
        [
          -1,
          6.574580311280442e-7,
          -1.4360799127643986e-7,
          -1.574814
        ]
      ],
      "boundingbox": [
        [
          -0.142288,
          -0.269349,
          -0.410002
        ],
        [
          2.467443,
          0.467701,
          0.289999
        ]
      ]
    }
  ],
  "boundingbox": [
    [
      -4.162038,
      24.308303,
      0.689996
    ],
    [
      5.035204,
      36.780735,
      11.294348
    ]
  ]
}
