{
  "skeleton": [
    {
      "name": "root",
      "parent": "root",
      "initpos": [
        0,
        0,
        0
      ],
      "initquaternion": [
        0.707106,
        0,
        0,
        0.707106
      ],
      "initscale": [
        1,
        0.999999,
        0.999999
      ],
      "offmtx": [
        [
          1,
          0,
          0,
          0
        ],
        [
          0,
          1,
          0,
          0
        ],
        [
          0,
          0,
          1,
          0
        ]
      ],
      "boundingbox": [
        [
          0,
          0,
          0
        ],
        [
          0,
          0,
          0
        ]
      ]
    },
    {
      "name": "Bone001",
      "parent": "root",
      "initpos": [
        -0.070846,
        -5.364418029785156e-7,
        -12.197314
      ],
      "initquaternion": [
        -0.499999,
        0.5,
        0.499999,
        0.5
      ],
      "initscale": [
        1,
        0.999999,
        0.999999
      ],
      "offmtx": [
        [
          1,
          0,
          0,
          0
        ],
        [
          0,
          1,
          0,
          0
        ],
        [
          0,
          0,
          1,
          0
        ]
      ],
      "boundingbox": [
        [
          0,
          0,
          0
        ],
        [
          0,
          0,
          0
        ]
      ]
    },
    {
      "name": "Bone002",
      "parent": "Bone001",
      "initpos": [
        10.500664,
        -0.070838,
        2.453626
      ],
      "initquaternion": [
        0.165374,
        -0.687495,
        0.687497,
        0.165374
      ],
      "initscale": [
        0.999999,
        0.999999,
        0.999999
      ],
      "offmtx": [
        [
          0,
          -0.890605,
          0.454777,
          19.099088
        ],
        [
          2.9540029800045886e-7,
          -0.454777,
          -0.890605,
          12.507736
        ],
        [
          1,
          1.257948269994813e-7,
          2.6744916681309405e-7,
          -0.000003
        ]
      ],
      "boundingbox": [
        [
          -0.991067,
          -1.171204,
          -6.205379
        ],
        [
          6.915124,
          0.181817,
          6.42252
        ]
      ]
    },
    {
      "name": "Bone003",
      "parent": "Bone002",
      "initpos": [
        6.877613,
        0.000002,
        0
      ],
      "initquaternion": [
        0,
        0,
        -0.267528,
        0.96355
      ],
      "initscale": [
        0.999999,
        0.999999,
        1
      ],
      "offmtx": [
        [
          -1.6051758677804173e-7,
          -0.528659,
          0.848833,
          4.02365
        ],
        [
          2.481687317867909e-7,
          -0.848834,
          -0.528659,
          17.018171
        ],
        [
          1,
          1.2579479857777187e-7,
          2.674494794518978e-7,
          -0.000003
        ]
      ],
      "boundingbox": [
        [
          0.10747,
          -0.188879,
          -4.437205
        ],
        [
          4.437739,
          0.212653,
          4.44218
        ]
      ]
    },
    {
      "name": "Bone004",
      "parent": "Bone003",
      "initpos": [
        4.375702,
        0.000003,
        0
      ],
      "initquaternion": [
        0,
        0,
        -0.11959,
        0.992823
      ],
      "initscale": [
        1,
        1,
        1
      ],
      "offmtx": [
        [
          -2.1485745094196318e-7,
          -0.311969,
          0.950091,
          -4.383193
        ],
        [
          2.0295283320592716e-7,
          -0.950091,
          -0.311969,
          16.447776
        ],
        [
          1,
          1.257948269994813e-7,
          2.674495647170261e-7,
          -0.000003
        ]
      ],
      "boundingbox": [
        [
          0.068734,
          -0.165426,
          -4.475924
        ],
        [
          2.370849,
          0.240482,
          4.476924
        ]
      ]
    },
    {
      "name": "Bone005",
      "parent": "Bone004",
      "initpos": [
        2.297602,
        -0.000001,
        0
      ],
      "initquaternion": [
        0,
        0,
        -0.142716,
        0.989763
      ],
      "initscale": [
        0.999999,
        0.999999,
        1
      ],
      "offmtx": [
        [
          -2.6344159209656937e-7,
          -0.030849,
          0.999523,
          -11.055328
        ],
        [
          1.3398572207279358e-7,
          -0.999523,
          -0.030849,
          13.89036
        ],
        [
          1,
          1.2579481278862659e-7,
          2.674496784038638e-7,
          -0.000003
        ]
      ],
      "boundingbox": [
        [
          0.022488,
          -0.509725,
          -4.987333
        ],
        [
          5.732435,
          0.311198,
          5.017557
        ]
      ]
    }
  ],
  "boundingbox": [
    [
      -6.205379,
      13.230604,
      2.082051
    ],
    [
      6.42252,
      23.741657,
      17.212646
    ]
  ]
}
