{"skeleton":[{"name":"root","parent":"root","initpos":[0.0,0.0,-0.0],"initquaternion":[0.707106,0.0,0.0,0.707106],"initscale":[1.0,0.999999,0.999999],"offmtx":[[1.0,0.0,0.0,0.0],[0.0,1.0,0.0,0.0],[0.0,0.0,1.0,0.0]],"boundingbox":[[0.0,0.0,0.0],[0.0,0.0,0.0]]},{"name":"Bone091","parent":"root","initpos":[-21.262275,-2e-06,-19.041366],"initquaternion":[-0.707106,0.0,0.0,0.707106],"initscale":[1.0,1.0,1.0],"offmtx":[[1.0,-0.0,0.0,21.262275],[0.0,0.999999,-0.0,-19.041366],[-0.0,0.0,0.999999,-8.697697921888903e-07]],"boundingbox":[[-0.011327,-1.033453,-0.611176],[4.01682,1.061296,0.611158]]},{"name":"Bone092","parent":"Bone091","initpos":[3.262088,0.72726,-0.0],"initquaternion":[-3.0530776484738453e-07,-1.1384076259446374e-07,0.349374,0.936983],"initscale":[1.0,1.0,1.0],"offmtx":[[0.755874,0.654716,-0.0,0.66303],[-0.654716,0.755874,-6.859426662231272e-07,-26.727622],[-4.2853042714341427e-07,5.363016839510237e-07,0.999999,-1.8e-05]],"boundingbox":[[-0.021395,-0.694751,-0.285691],[2.608711,0.70404,0.285674]]},{"name":"Bone093","parent":"Bone092","initpos":[0.974393,-0.535587,-0.0],"initquaternion":[2.383460326882414e-07,0.0,0.024664,0.999695],"initscale":[1.0,1.0,1.0],"offmtx":[[0.722667,0.691195,-0.0,-1.602628],[-0.691195,0.722667,-2.0692905877695011e-07,-26.144813],[-0.0,1.9170686016423133e-07,0.999999,-5e-06]],"boundingbox":[[-0.003004,-0.693181,-0.252918],[1.831553,0.701681,0.2529]]},{"name":"Bone094","parent":"Bone093","initpos":[1.745347,-0.353927,1e-06],"initquaternion":[-0.0,0.0,-0.024939,0.999688],"initscale":[0.999999,0.999999,1.0],"offmtx":[[0.756233,0.654301,-0.0,-2.057796],[-0.654301,0.756233,-3.28977165509059e-07,-25.925745],[-1.7697705345653958e-07,2.818980533447757e-07,0.999999,-1e-05]],"boundingbox":[[-0.014945,-1.573764,-0.616806],[3.163812,2.781526,0.616787]]},{"name":"Bone095","parent":"Bone094","initpos":[2.007179,-0.688638,-1e-06],"initquaternion":[0.0,-0.0,0.687034,0.726624],"initscale":[0.999999,0.999999,1.0],"offmtx":[[-0.610952,0.791667,-1.8029834336630302e-07,-25.425064],[-0.791667,-0.610952,-0.0,2.646186],[-1.5393564467558463e-07,1.0894852664478094e-07,0.999999,-4e-06]],"boundingbox":[[-0.069455,-1.038147,-0.31656],[7.287845,1.005689,0.316543]]},{"name":"Bone096","parent":"Bone094","initpos":[2.377867,0.18921,0.0],"initquaternion":[-2.809695445193938e-07,-1.6501131483437348e-07,0.506416,0.862289],"initscale":[1.0,1.0,1.0],"offmtx":[[-0.203086,0.97916,-3.1196515237752465e-07,-24.968158],[-0.97916,-0.203086,-7.677220992263756e-07,-8.846313],[-8.15079488347692e-07,1.495502743864563e-07,0.999999,-1.6e-05]],"boundingbox":[[-0.024019,-0.745308,-0.292389],[6.95514,1.230188,0.292371]]},{"name":"Bone097","parent":"Bone094","initpos":[0.984945,-1.331581,-1e-06],"initquaternion":[0.0,0.0,-0.714497,0.699637],"initscale":[0.999999,0.999999,1.0],"offmtx":[[0.638264,-0.769816,3.2996820209518773e-07,24.652687],[0.769816,0.638264,-0.0,-2.525231],[-1.769771671433773e-07,2.8189811018819455e-07,0.999999,-8e-06]],"boundingbox":[[-0.006394,-0.894627,-0.155479],[2.632495,0.715168,0.155463]]},{"name":"Bone099","parent":"Bone091","initpos":[1.991931,-0.427694,-0.768369],"initquaternion":[-0.0,0.0,-0.462967,0.886375],"initscale":[0.999999,0.999999,1.0],"offmtx":[[0.571322,-0.820725,0.0,26.286302],[0.820725,0.571322,-0.0,5.181241],[0.0,0.0,0.999999,0.768368]],"boundingbox":[[-0.011619,-1.368011,-0.085845],[1.999426,1.286503,0.157982]]},{"name":"Bone101","parent":"Bone091","initpos":[0.365467,-0.321285,-0.0],"initquaternion":[-0.0,-0.0,0.95009,0.311973],"initscale":[0.999999,0.999999,1.0],"offmtx":[[-0.805345,0.592805,-0.0,-27.926521],[-0.592805,-0.805345,-1.407470762160301e-07,2.688393],[-1.0551227092037152e-07,-0.0,0.999999,-3.997162139057764e-07]],"boundingbox":[[0.000795,-0.792751,-0.475126],[1.95833,1.636374,0.475107]]},{"name":"Bone106","parent":"Bone101","initpos":[1.090543,0.626665,-0.0],"initquaternion":[0.0,-2.524967044337245e-07,0.71813,0.695908],"initscale":[0.999999,0.999999,1.0],"offmtx":[[-0.567207,-0.823575,2.4959808797575533e-07,2.972484],[0.823575,-0.567207,-2.94019713464877e-07,28.93795],[3.8372115795937134e-07,0.0,0.999999,7e-06]],"boundingbox":[[-0.018684,-0.877059,-0.239365],[2.408566,0.521083,0.239333]]},{"name":"Bone102","parent":"Bone101","initpos":[1.826274,0.423255,0.0],"initquaternion":[-0.0,0.0,-0.122855,0.992424],"initscale":[0.999999,0.999999,1.0],"offmtx":[[-0.636479,0.771293,0.0,-29.407001],[-0.771294,-0.636478,-3.18028440915441e-07,-5.058462],[-2.403695873454126e-07,-2.0838521663790743e-07,0.999999,-1e-06]],"boundingbox":[[0.007626,-0.685325,-0.422327],[2.370463,0.766628,0.422304]]},{"name":"Bone107","parent":"Bone102","initpos":[1.209945,0.246286,0.0],"initquaternion":[-4.0056730199466983e-07,-3.9741050272823486e-07,0.704304,0.709898],"initscale":[1.0,1.0,1.0],"offmtx":[[-0.776305,-0.630356,-3.0603280265495414e-07,-5.546813],[0.630356,-0.776305,-1e-06,30.574022],[4.802576540896553e-07,-1e-06,0.999999,3.3e-05]],"boundingbox":[[-0.006725,-1.13594,-0.235388],[3.968463,1.194436,0.235357]]},{"name":"Bone103","parent":"Bone102","initpos":[1.948883,-0.206925,-0.0],"initquaternion":[-1.6798517776805966e-07,-0.0,-0.170323,0.985388],"initscale":[0.999999,0.999999,1.0],"offmtx":[[-0.340649,0.94019,2.014627114022005e-07,-27.908082],[-0.94019,-0.340649,-6.22820834905724e-07,-15.095285],[-5.169419523554097e-07,-4.015770400656038e-07,0.999999,-3e-06]],"boundingbox":[[-0.035347,-0.862337,-0.466944],[2.364699,0.930038,0.466922]]},{"name":"Bone108","parent":"Bone103","initpos":[1.104919,-0.014369,1e-06],"initquaternion":[0.0,-0.0,0.703387,0.710806],"initscale":[1.0,1.0,1.0],"offmtx":[[-0.943712,-0.330767,-4.696771327417082e-07,-15.384473],[0.330767,-0.943712,-2.9540862556132197e-07,28.853183],[-3.455287753695302e-07,-4.3413456296548247e-07,0.999999,-8.627888519185944e-07]],"boundingbox":[[-0.013746,-1.176014,-0.336654],[6.047218,1.15366,0.336614]]},{"name":"Bone104","parent":"Bone103","initpos":[1.654033,0.046062,-1.29592081066221e-07],"initquaternion":[0.0,2.2635040863860922e-07,-0.314122,0.949382],"initscale":[0.999999,0.999999,1.0],"offmtx":[[0.287348,0.957826,0.0,-14.697151],[-0.957826,0.287348,-3.7974788824612915e-07,-29.785446],[-3.7992344914528076e-07,0.0,0.999999,-1e-05]],"boundingbox":[[-0.000936,-0.839353,-0.544104],[2.159703,1.569168,0.544082]]},{"name":"Bone109","parent":"Bone104","initpos":[0.944108,0.084365,0.0],"initquaternion":[1.0334718325566428e-07,-2.3196015774828993e-07,0.69656,0.717498],"initscale":[0.999999,0.999999,1.0],"offmtx":[[-0.948898,0.315581,0.0,-30.31982],[-0.315581,-0.948898,-2.424106355647382e-07,14.750026],[0.0,-2.6124169494323723e-07,0.999999,6e-06]],"boundingbox":[[-0.013,-1.169663,-0.431289],[9.022489,2.275238,0.431246]]},{"name":"Bone105","parent":"Bone104","initpos":[1.654121,0.041208,0.0],"initquaternion":[0.0,0.0,-0.267759,0.963485],"initscale":[0.999999,0.999999,1.0],"offmtx":[[0.74035,0.672221,2.442034201521892e-07,1.382852],[-0.672221,0.74035,-2.962229643799219e-07,-33.986492],[-3.799235059886996e-07,0.0,0.999999,-1e-05]],"boundingbox":[[-0.074951,-2.887045,-0.582258],[3.599175,1.906862,0.582239]]},{"name":"Bone110","parent":"Bone105","initpos":[1.453481,0.090995,1e-06],"initquaternion":[-1.1229887775243697e-07,-1.1803432187207363e-07,0.724489,0.689285],"initscale":[0.999999,0.999999,1.0],"offmtx":[[-0.708235,0.705975,-4.590058324538404e-07,-34.031749],[-0.705975,-0.708235,-5.549990191866527e-07,1.766597],[-7.169003879425873e-07,-0.0,0.999999,-1.7e-05]],"boundingbox":[[-1.882026,-4.417942,-0.45793],[13.050792,2.707986,0.457911]]},{"name":"Bone090","parent":"Bone091","initpos":[1.106418,1.907226,-0.0],"initquaternion":[-8.162446647475008e-07,-8.162446079040819e-07,0.707106,0.707106],"initscale":[0.999999,0.999999,1.0],"offmtx":[[0.0,0.999999,0.0,-20.948591],[-1.0,0.0,-2e-06,-20.155858],[-2e-06,0.0,0.999999,-4.6e-05]],"boundingbox":[[-0.004985,-0.926916,-0.907769],[1.810534,0.888607,0.907753]]},{"name":"Bone100","parent":"Bone091","initpos":[1.991931,-0.427694,0.753419],"initquaternion":[-0.0,0.0,-0.462967,0.886375],"initscale":[0.999999,0.999999,1.0],"offmtx":[[0.571322,-0.820725,0.0,26.286302],[0.820725,0.571322,-0.0,5.181241],[0.0,0.0,0.999999,-0.75342]],"boundingbox":[[-0.011619,-1.368011,-0.143035],[1.999426,1.286503,0.100791]]},{"name":"Bone098","parent":"Bone091","initpos":[1.19321,-0.595832,-0.0],"initquaternion":[3.28469752730598e-07,-0.0,-0.848489,0.529212],"initscale":[1.0,1.0,1.0],"offmtx":[[-0.439867,-0.898062,-2.874051858725579e-07,7.737517],[0.898062,-0.439867,4.103145556655363e-07,26.136869],[-4.949084768668399e-07,-0.0,0.999999,-8e-06]],"boundingbox":[[-0.034449,-1.028182,-0.476783],[1.323,1.005422,0.476765]]},{"name":"Bone119","parent":"Bone098","initpos":[1.18099,0.493484,-0.0],"initquaternion":[-4.5577630203297304e-07,-1.283344914781992e-07,0.156486,0.98768],"initscale":[0.999999,0.999999,1.0],"offmtx":[[-0.140717,-0.990049,-0.0,14.162229],[0.990049,-0.140717,-4.614265094460279e-07,22.360738],[4.5182108010521915e-07,-1.0020914942288073e-07,0.999999,1e-05]],"boundingbox":[[-0.011703,-0.402227,-0.366738],[1.60297,0.377521,0.366716]]},{"name":"Bone120","parent":"Bone119","initpos":[1.592344,0.0,-1.0685017315381629e-07],"initquaternion":[2.384102515406994e-07,0.0,0.008382,0.999964],"initscale":[1.0,1.0,1.0],"offmtx":[[-0.124101,-0.992269,-0.0,12.942964],[0.992269,-0.124101,0.0,22.146877],[-0.0,-0.0,0.999999,4.79706841360894e-07]],"boundingbox":[[0.003403,-0.373264,-0.252831],[3.194514,0.382036,0.252799]]},{"name":"Bone121","parent":"Bone120","initpos":[3.165277,1e-06,-1.728803908918053e-07],"initquaternion":[-0.0,0.0,-0.142083,0.989854],"initscale":[0.999999,0.999999,1.0],"offmtx":[[-0.3982,-0.917298,-0.0,3.15333],[0.917298,-0.3982,-0.0,24.002994],[0.0,-0.0,0.999999,2e-06]],"boundingbox":[[0.014471,-0.376405,-0.152752],[2.003406,0.376813,0.152735]]},{"name":"Bone122","parent":"Bone121","initpos":[1.931967,0.0,-0.0],"initquaternion":[0.0,0.0,-0.076225,0.99709],"initscale":[1.0,1.0,1.0],"offmtx":[[-0.533009,-0.846109,-0.0,-2.441458],[0.846109,-0.533009,-0.0,23.909725],[0.0,-0.0,0.999999,2e-06]],"boundingbox":[[-0.008905,-0.354478,-0.074944],[2.232082,0.348621,0.07493]]},{"name":"Bone115","parent":"Bone098","initpos":[1.098831,-0.204175,0.0],"initquaternion":[-4.391193044739339e-07,-1.8171756721585552e-07,0.05501,0.998485],"initscale":[1.0,1.0,1.0],"offmtx":[[-0.338549,-0.940948,0.0,9.492173],[0.940948,-0.338549,-4.574977765514632e-07,25.452335],[4.5552832261819276e-07,-0.0,0.999999,1.1e-05]],"boundingbox":[[0.003572,-0.443572,-0.342101],[1.932582,0.455369,0.342081]]},{"name":"Bone116","parent":"Bone115","initpos":[1.898071,5e-06,0.0],"initquaternion":[2.3959648842719616e-07,2.3723477227122203e-07,-0.004952,0.999987],"initscale":[0.999999,0.999999,1.0],"offmtx":[[-0.347853,-0.937548,-3.983271881224937e-07,7.341601],[0.937548,-0.347853,0.0,25.526304],[-1.5739941261472268e-07,-3.6646116541305673e-07,0.999999,2e-06]],"boundingbox":[[0.027403,-0.452224,-0.235837],[2.893923,0.430761,0.235817]]},{"name":"Bone117","parent":"Bone116","initpos":[2.898034,1.7e-05,5.687579687219113e-07],"initquaternion":[-0.0,-1.5715110635028395e-07,-0.118756,0.992923],"initscale":[0.999999,0.999999,1.0],"offmtx":[[-0.559146,-0.829068,-0.0,-1.701684],[0.829068,-0.559146,-1.1703926361406047e-07,25.854223],[0.0,-1.2363456391994987e-07,0.999999,3e-06]],"boundingbox":[[-0.001411,-0.425365,-0.113159],[3.734411,0.44695,0.113143]]},{"name":"Bone118","parent":"Bone117","initpos":[3.693718,-1e-06,-0.0],"initquaternion":[0.0,0.0,-0.171255,0.985226],"initscale":[0.999999,0.999999,1.0],"offmtx":[[-0.806119,-0.591753,-0.0,-13.803478],[0.591753,-0.806119,-1.3386008390625648e-07,22.517005],[0.0,-1.2362563950318872e-07,0.999999,3e-06]],"boundingbox":[[-0.086648,-0.365736,-0.096695],[2.33106,0.5569,0.096679]]},{"name":"Bone111","parent":"Bone098","initpos":[1.309728,-0.645294,-0.0],"initquaternion":[-6.534418730552716e-07,-1.4217775401448307e-07,-0.081105,0.996705],"initscale":[0.999999,0.999999,1.0],"offmtx":[[-0.579276,-0.815131,0.0,2.013164],[0.815131,-0.579276,-9.210660891767475e-07,27.469036],[7.736432507954305e-07,-5.013935151509941e-07,0.999999,2.5e-05]],"boundingbox":[[-0.12893,-0.398422,-0.300086],[2.070396,0.39245,0.30007]]},{"name":"Bone112","parent":"Bone111","initpos":[2.073512,-5e-06,-3.9827136788517237e-07],"initquaternion":[4.768039900682197e-07,0.0,0.011787,0.99993],"initscale":[0.999999,0.999999,1.0],"offmtx":[[-0.5599,-0.82856,0.0,0.587208],[0.82856,-0.5599,0.0,27.462831],[-0.0,0.0,0.999999,0.0]],"boundingbox":[[-0.011779,-0.391092,-0.206872],[2.503852,0.392667,0.206856]]},{"name":"Bone113","parent":"Bone112","initpos":[2.501735,-2.2e-05,-4.1463880506853457e-07],"initquaternion":[-1.1685004608352756e-07,0.0,-0.159759,0.987155],"initscale":[0.999999,0.999999,1.0],"offmtx":[[-0.79266,-0.609663,0.0,-10.479007],[0.609663,-0.792659,-2.0084502239114954e-07,25.457092],[1.277990406833851e-07,-1.5508612705161795e-07,0.999999,6e-06]],"boundingbox":[[-0.1531,-0.436432,-0.113158],[4.165292,0.429359,0.113155]]},{"name":"Bone114","parent":"Bone113","initpos":[4.127251,0.0,-4.049788913107477e-07],"initquaternion":[-0.0,0.0,-0.180478,0.983578],"initscale":[0.999999,0.999999,1.0],"offmtx":[[-0.95747,-0.28853,0.0,-22.692741],[0.28853,-0.95747,-2.2020128653821303e-07,18.613056],[1.378505913862682e-07,-1.884415752329005e-07,0.999999,7e-06]],"boundingbox":[[-0.024469,-0.549155,-0.064096],[2.91819,0.510748,0.064077]]}],"boundingbox":[[-32.839565,8.177643,-0.907771],[-11.917919,35.659347,0.907748]]}