{"skeleton":[{"name":"root","parent":"root","initpos":[0.0,0.0,-0.0],"initquaternion":[0.707106,0.0,0.0,0.707106],"initscale":[1.0,0.999999,0.999999],"offmtx":[[1.0,0.0,0.0,0.0],[0.0,1.0,0.0,0.0],[0.0,0.0,1.0,0.0]],"boundingbox":[[0.0,0.0,0.0],[0.0,0.0,0.0]]},{"name":"Bone013","parent":"root","initpos":[-2.441365722916089e-07,16.383728,-6.413074],"initquaternion":[-0.496232,0.503739,-0.496232,0.503739],"initscale":[0.999999,0.999999,1.0],"offmtx":[[-1.778018372533552e-07,0.015013,-0.999887,16.285602],[-1.602510479870034e-07,0.999887,0.015013,-6.658322],[1.0,1.6290235294036393e-07,-1.7537593066663248e-07,2e-06]],"boundingbox":[[-8.661537,-5.699058,-9.494726],[28.028976,13.382055,9.494713]]},{"name":"Bone003","parent":"Bone013","initpos":[-2.243377,-1.614494,-9.110986],"initquaternion":[-0.137626,-0.073711,0.912144,0.37897],"initscale":[1.0,1.0,0.999999],"offmtx":[[-0.195201,0.701428,0.685488,-17.872726],[-0.238782,-0.711892,0.660448,-11.069401],[0.951251,-0.034762,0.306451,3.131682]],"boundingbox":[[-0.062009,-1.701581,-0.919128],[0.077002,1.668455,1.448112]]},{"name":"Bone004","parent":"Bone003","initpos":[4.435033,-0.273088,-0.121548],"initquaternion":[0.037658,0.033718,-0.00151,0.99872],"initscale":[0.999999,0.999999,0.999999],"offmtx":[[-0.258818,0.702515,0.662936,-22.471256],[-0.167731,-0.708583,0.685402,-10.645223],[0.951251,0.066199,0.301228,2.549914]],"boundingbox":[[-0.167391,-1.933843,-1.499011],[9.572332,2.411895,1.890144]]},{"name":"Bone005","parent":"Bone004","initpos":[9.079416,0.000807,0.252576],"initquaternion":[-0.005423,0.021647,0.009259,0.999708],"initscale":[0.999999,0.999999,1.0],"offmtx":[[-0.302864,0.685912,0.661662,-31.809957],[-0.172775,-0.722283,0.669669,-10.076026],[0.937241,0.0885,0.337262,0.812939]],"boundingbox":[[2.521072,-1.445962,-0.926526],[2.711923,1.790931,1.239994]]},{"name":"Bone006","parent":"Bone013","initpos":[-3.945173,-4.54286,-8.809296],"initquaternion":[-0.137061,-0.009444,0.960775,0.240906],"initscale":[1.0,0.999999,0.999999],"offmtx":[[-0.258819,0.452744,0.853249,-20.387214],[-0.084186,-0.89056,0.447005,-8.184827],[0.96225,0.043861,0.268609,2.955196]],"boundingbox":[[0.194406,-1.084051,-0.977366],[0.503164,1.31327,1.405257]]},{"name":"Bone007","parent":"Bone006","initpos":[4.371728,-0.175209,-0.241214],"initquaternion":[0.008739,0.045557,-0.018966,0.998743],"initscale":[0.999999,0.999999,0.999999],"offmtx":[[-0.342321,0.479564,0.807981,-24.633213],[-0.07899,-0.87158,0.483846,-8.910095],[0.936256,0.101807,0.336241,1.091424]],"boundingbox":[[0.424596,-2.360542,-1.683618],[9.541425,2.419317,1.965582]]},{"name":"Bone008","parent":"Bone013","initpos":[-2.422138,-1.632057,9.173232],"initquaternion":[0.37897,0.912144,-0.073711,-0.137626],"initscale":[0.999999,0.999999,0.999999],"offmtx":[[0.195201,0.701428,0.685488,-17.993024],[-0.238782,0.711892,-0.660448,11.216545],[-0.951251,-0.034762,0.306451,3.135495]],"boundingbox":[[-0.182304,-1.52131,-0.915307],[-0.043292,1.848728,1.451935]]},{"name":"Bone009","parent":"Bone008","initpos":[4.474197,0.316956,-0.124525],"initquaternion":[-0.037659,0.033718,0.00151,0.99872],"initscale":[0.999999,0.999999,0.999999],"offmtx":[[0.258818,0.702515,0.662936,-22.630764],[-0.167731,0.708583,-0.685402,10.74858],[-0.951251,0.066199,0.301228,2.553726]],"boundingbox":[[-0.326899,-2.308528,-1.495188],[9.412827,2.03721,1.893966]]},{"name":"Bone010","parent":"Bone009","initpos":[9.104562,-0.007363,0.251994],"initquaternion":[0.005423,0.021647,-0.009259,0.999708],"initscale":[0.999999,0.999999,0.999999],"offmtx":[[0.302864,0.685911,0.661662,-31.996597],[-0.172774,0.722282,-0.669668,10.182493],[-0.937241,0.0885,0.337262,0.808123]],"boundingbox":[[2.334419,-1.68445,-0.931336],[2.525272,1.552442,1.235182]]},{"name":"Bone011","parent":"Bone013","initpos":[-4.101217,-4.514972,8.865131],"initquaternion":[0.240906,0.960775,-0.009444,-0.13706],"initscale":[0.999999,0.999999,0.999999],"offmtx":[[0.258819,0.452744,0.853249,-20.54672],[-0.084186,0.890561,-0.447005,8.236705],[-0.96225,0.043861,0.268609,2.965791]],"boundingbox":[[0.03491,-1.26139,-0.966768],[0.343664,1.135931,1.415854]]},{"name":"Bone012","parent":"Bone011","initpos":[4.424533,0.186378,-0.243722],"initquaternion":[-0.008739,0.045557,0.018967,0.998743],"initscale":[0.999999,0.999999,0.999999],"offmtx":[[0.34232,0.479564,0.807981,-24.844169],[-0.07899,0.87158,-0.483846,8.958782],[-0.936256,0.101808,0.336241,1.086007]],"boundingbox":[[0.21364,-2.37063,-1.689037],[9.330469,2.409227,1.96016]]},{"name":"Bone001","parent":"Bone013","initpos":[38.137336,1.149231,5e-06],"initquaternion":[-2.321277321470916e-07,-2.286685969465907e-07,0.701778,0.712394],"initscale":[0.999999,0.999999,1.0],"offmtx":[[3.258355150137504e-07,1.0,-0.0,-8.134735],[-4.763068659485725e-07,0.0,1.0,21.732055],[1.0,-3.258355150137504e-07,4.7630689437028195e-07,1.4e-05]],"boundingbox":[[-8.040328,-8.140011,-2.504115],[7.959671,7.859988,2.495889]]},{"name":"Bone002","parent":"Bone013","initpos":[-7.463695,0.463506,-0.0],"initquaternion":[-2.2987504166849249e-07,-2.3093301138032984e-07,0.708728,0.705481],"initscale":[1.0,1.0,1.0],"offmtx":[[-1.594329148701945e-07,0.999807,0.019604,-7.230807],[-4.7314756557170767e-07,-0.019604,0.999807,-23.716346],[1.0,1.5012653875601245e-07,4.761821514875919e-07,-1.3e-05]],"boundingbox":[[-6.80053,-7.428087,-2.996289],[7.432031,6.804471,3.003718]]},{"name":"bind","parent":"Bone013","initpos":[7.808077,4.83796,2e-06],"initquaternion":[-0.503739,-0.496232,0.496232,0.503739],"initscale":[0.999999,1.0,0.999999],"offmtx":[[2.3046059993703238e-07,1.0,0.0,-11.367712],[-1.0,2.3046058572617767e-07,-3.1338623784904485e-07,5.274910108710174e-07],[-3.1338623784904485e-07,0.0,1.0,-8.649162]],"boundingbox":[[-0.281436,-2.999994,-5.101174],[-0.281436,-2.999994,-5.101174]]},{"name":"Bone015","parent":"Bone013","initpos":[39.109497,0.585002,3.672087],"initquaternion":[0.306126,0.950795,0.014614,-0.045392],"initscale":[1.0,0.999999,0.999999],"offmtx":[[0.095265,0.568598,0.81708,13.895275],[-3.9488062952841574e-07,0.820813,-0.571195,-19.199333],[-0.995451,0.054414,0.078195,5.01865]],"boundingbox":[[0.042109,-4.215374,-3.030511],[31.594774,3.616184,1.779952]]},{"name":"Bone014","parent":"Bone013","initpos":[38.626655,0.941278,-4.198339],"initquaternion":[-0.036205,0.011656,0.951189,0.306253],"initscale":[0.999999,0.999999,0.999999],"offmtx":[[-0.076015,0.569543,0.818438,13.351358],[-4.2468312244636763e-07,-0.820813,0.571196,19.206975],[0.997106,0.043419,0.062395,5.228397]],"boundingbox":[[-0.565418,-3.629712,-3.211198],[30.937488,4.230964,2.220008]]}],"boundingbox":[[-14.936783,0.086277,-29.872066],[14.936786,27.12701,33.240737]]}