{"skeleton":[{"name":"root","parent":"root","initpos":[0.0,0.0,-0.0],"initquaternion":[0.707106,0.0,0.0,0.707106],"initscale":[1.0,0.999999,0.999999],"offmtx":[[1.0,0.0,0.0,0.0],[0.0,1.0,0.0,0.0],[0.0,0.0,1.0,0.0]],"boundingbox":[[0.0,0.0,0.0],[0.0,0.0,0.0]]},{"name":"Bone015","parent":"root","initpos":[-3.991248,-4.020002,-4.443937],"initquaternion":[-0.499999,0.5,0.499999,0.5],"initscale":[1.0,0.999999,0.999999],"offmtx":[[0.0,0.999999,0.0,-25.593936],[-1.0,0.0,2e-06,0.008749],[2e-06,-0.0,0.999999,6.862172199362249e-07]],"boundingbox":[[0.101067,-5.571872,-1.150014],[10.025539,5.616391,2.918454]]},{"name":"Bone018","parent":"Bone015","initpos":[1.663258,4.401403,1.55469],"initquaternion":[0.355882,-0.355882,0.611021,0.611021],"initscale":[0.999999,1.0,0.999999],"offmtx":[[-0.493388,0.0,0.869809,-3.519575],[-3.030172592843883e-07,-0.999999,-0.0,27.25719],[0.869809,-2.9637192255904665e-07,0.493388,3.053704]],"boundingbox":[[-0.007282,-0.894549,-0.223583],[4.066258,0.885395,0.132605]]},{"name":"Bone017","parent":"Bone015","initpos":[2.520065,4.475145,2.418821],"initquaternion":[0.383106,-0.184234,0.38571,0.818849],"initscale":[0.999999,0.999999,0.999999],"offmtx":[[-0.490512,0.63457,0.597258,-21.475807],[-0.408913,-0.77284,0.485291,18.72743],[0.769537,-0.006185,0.638572,2.06634]],"boundingbox":[[0.111431,-0.93657,-0.269638],[4.444571,1.123353,0.054398]]},{"name":"Bone020","parent":"Bone015","initpos":[1.663254,-4.755589,1.873773],"initquaternion":[-0.606638,0.606638,-0.363303,-0.363303],"initscale":[0.999999,0.999999,0.999999],"offmtx":[[0.472043,0.0,0.881574,-3.900841],[-6.062329021006008e-07,-0.999999,3.274008406606299e-07,27.257192],[0.881574,-6.889873134241498e-07,-0.472043,-3.315607]],"boundingbox":[[-0.467448,-0.894548,-0.310532],[3.60859,0.885397,0.144513]]},{"name":"Bone019","parent":"Bone015","initpos":[2.653363,-4.522053,2.403174],"initquaternion":[0.823307,-0.39068,0.173446,0.37343],"initscale":[1.0,1.0,1.0],"offmtx":[[0.513761,0.63457,0.577382,-21.640203],[0.415837,-0.77284,0.479371,18.794563],[0.750419,-0.006184,-0.660933,-1.636965]],"boundingbox":[[0.004478,-0.852663,-0.182222],[4.337754,1.207435,0.146027]]},{"name":"Bone036","parent":"Bone015","initpos":[5.625587,3.868147,3.031612],"initquaternion":[0.504159,0.495805,0.504158,-0.495806],"initscale":[0.999999,0.999999,0.999999],"offmtx":[[4e-06,-0.0,0.999999,-3.031604],[0.016706,0.99986,-0.0,-31.15069],[-0.99986,0.016706,4e-06,-4.380425]],"boundingbox":[[-0.02342,-1.043409,-0.36629],[1.446656,1.006592,0.628905]]},{"name":"Bone034","parent":"Bone036","initpos":[0.685543,1.105687,0.677303],"initquaternion":[0.058993,-0.27063,0.167875,0.946095],"initscale":[0.999999,0.999999,0.999999],"offmtx":[[-0.52704,0.294566,0.797156,-14.869625],[-0.005113,0.936891,-0.349582,-29.019311],[-0.849824,-0.18832,-0.492273,4.079854]],"boundingbox":[[-0.098912,-1.007264,-0.272739],[2.455677,0.795206,0.340094]]},{"name":"Bone035","parent":"Bone034","initpos":[0.763444,-0.422688,0.209555],"initquaternion":[-0.192968,-0.045204,-0.395479,0.896836],"initscale":[0.999999,0.999999,0.999999],"offmtx":[[-0.5551,-0.491041,0.671372,10.011925],[-0.122432,0.846592,0.517968,-30.085123],[-0.822723,0.205326,-0.530063,-8.472658]],"boundingbox":[[0.017519,-0.547379,-0.383707],[2.067219,0.495413,0.03817]]},{"name":"Bone029","parent":"Bone036","initpos":[2.695566,0.183564,-0.113468],"initquaternion":[-0.181228,-0.197152,-0.481311,0.834641],"initscale":[0.999999,1.0,0.999999],"offmtx":[[-0.515715,-0.72347,0.458941,18.159141],[0.120594,0.46904,0.874904,-19.28779],[-0.84823,0.506547,-0.154644,-18.195322]],"boundingbox":[[0.111206,-1.494186,-1.490383],[2.232475,1.433106,1.467494]]},{"name":"Bone030","parent":"Bone029","initpos":[1.938227,-0.10875,0.003877],"initquaternion":[0.035312,-0.009008,0.013334,0.999246],"initscale":[0.999999,0.999999,0.999999],"offmtx":[[-0.528381,-0.701299,0.478531,15.368839],[0.074665,0.523069,0.849012,-20.846935],[-0.845717,0.484332,-0.224017,-17.069524]],"boundingbox":[[0.210225,-2.085416,-2.063973],[2.20168,2.185222,2.067679]]},{"name":"Bone031","parent":"Bone030","initpos":[1.697937,0.085846,-0.100248],"initquaternion":[-0.037325,0.022308,-0.014322,0.998951],"initscale":[0.999999,0.999999,0.999999],"offmtx":[[-0.493111,-0.737219,0.461895,15.023691],[0.123794,0.46607,0.876043,-19.22116],[-0.861113,0.489167,-0.13856,-17.82883]],"boundingbox":[[0.337738,-2.725594,-2.37457],[2.485168,2.620685,2.728505]]},{"name":"Bone032","parent":"Bone031","initpos":[1.856136,-0.030144,0.005507],"initquaternion":[0.017328,-0.03876,0.013589,0.999005],"initscale":[0.999998,0.999999,0.999999],"offmtx":[[-0.555345,-0.684591,0.472151,11.238286],[0.108818,0.503046,0.85738,-20.14631],[-0.824469,0.527521,-0.204868,-18.098901]],"boundingbox":[[0.415788,-2.116619,-1.947907],[2.719129,2.004154,2.094347]]},{"name":"Bone033","parent":"Bone032","initpos":[1.9179,0.206082,0.106724],"initquaternion":[-0.047063,0.000126,-0.015503,0.998771],"initscale":[1.0,0.999999,0.999999],"offmtx":[[-0.559443,-0.69921,0.445115,9.924477],[0.168604,0.429789,0.887047,-18.252334],[-0.811538,0.571301,-0.122552,-20.022268]],"boundingbox":[[0.590912,-1.804776,-1.882662],[3.100621,1.304893,1.417732]]},{"name":"Bone021","parent":"Bone015","initpos":[5.625587,-3.985337,3.031627],"initquaternion":[0.504159,0.495805,0.504158,-0.495806],"initscale":[0.999999,0.999999,0.999999],"offmtx":[[4e-06,-0.0,0.999999,-3.031635],[0.016706,0.99986,-0.0,-31.281892],[-0.99986,0.016706,4e-06,3.471963]],"boundingbox":[[-0.023419,-1.04128,-0.493758],[1.446657,1.008721,0.501436]]},{"name":"Bone024","parent":"Bone021","initpos":[2.743512,0.050487,0.182632],"initquaternion":[0.175147,0.215085,-0.483865,0.830021],"initscale":[0.999999,0.999999,0.999999],"offmtx":[[0.514314,-0.736589,0.439221,18.538108],[-0.074733,0.471707,0.878581,-19.540761],[-0.854338,-0.484692,0.187558,17.33167]],"boundingbox":[[-0.078742,-1.462249,-1.483482],[2.12097,1.502192,1.471426]]},{"name":"Bone025","parent":"Bone024","initpos":[1.938224,-0.108748,0.003879],"initquaternion":[0.035312,-0.009008,0.013334,0.999246],"initscale":[0.999999,0.999999,0.999999],"offmtx":[[0.495918,-0.733121,0.465401,16.414104],[-0.14864,0.456372,0.877285,-18.610877],[-0.855552,-0.504239,0.117352,18.374557]],"boundingbox":[[0.080302,-1.976295,-2.176769],[2.030402,2.268002,1.994004]]},{"name":"Bone026","parent":"Bone025","initpos":[1.697939,0.085845,-0.100246],"initquaternion":[-0.037325,0.022307,-0.014322,0.998951],"initscale":[0.999999,0.999999,0.999999],"offmtx":[[0.536938,-0.723974,0.433077,14.45796],[-0.070452,0.47308,0.878197,-19.629884],[-0.840674,-0.50205,0.203009,17.694244]],"boundingbox":[[0.162898,-2.5926,-2.549931],[2.365408,2.779071,2.506089]]},{"name":"Bone027","parent":"Bone026","initpos":[1.856132,-0.030142,0.00551],"initquaternion":[0.017106,-0.022593,0.013868,0.999502],"initscale":[0.999998,0.999999,0.999999],"offmtx":[[0.495918,-0.733121,0.465401,12.863204],[-0.113905,0.476398,0.871819,-19.346023],[-0.860866,-0.485363,0.152748,17.779672]],"boundingbox":[[0.344573,-1.910708,-2.02809],[2.48305,2.17892,1.98978]]},{"name":"Bone028","parent":"Bone027","initpos":[1.917899,0.20608,0.106723],"initquaternion":[-0.047194,-0.008441,-0.015099,0.998735],"initscale":[1.0,0.999999,0.999999],"offmtx":[[0.483223,-0.755546,0.442316,11.83605],[-0.01706,0.496995,0.867585,-20.778785],[-0.875331,-0.426783,0.227269,15.574591]],"boundingbox":[[0.403572,-1.590793,-1.748672],[3.04286,1.555152,1.421519]]},{"name":"Bone022","parent":"Bone021","initpos":[0.721091,1.126702,-0.444083],"initquaternion":[0.024764,0.301716,0.123428,0.945049],"initscale":[0.999999,0.999999,1.0],"offmtx":[[0.568232,0.238775,0.787463,-13.209377],[-0.105095,0.970195,-0.218346,-30.087017],[-0.816129,0.041312,0.57639,0.138423]],"boundingbox":[[-0.132255,-1.006167,-0.250023],[2.469168,0.906972,0.179291]]},{"name":"Bone023","parent":"Bone022","initpos":[0.974773,-0.638353,-0.024974],"initquaternion":[0.075828,0.035554,-0.361547,0.928584],"initscale":[1.0,1.0,0.999999],"offmtx":[[0.58688,-0.475455,0.655372,9.1548],[0.214243,0.871767,0.440591,-30.992845],[-0.780814,-0.118165,0.613486,4.906525]],"boundingbox":[[-0.250052,-0.547872,-0.127955],[1.789754,0.487561,0.16624]]},{"name":"Bone014","parent":"Bone015","initpos":[2.438214,0.008748,-1.144588],"initquaternion":[0.5,0.499999,-0.499999,0.5],"initscale":[1.0,1.0,1.0],"offmtx":[[1e-06,0.0,-0.999999,-1.144589],[2.2444878311489447e-07,0.999999,0.0,-28.032155],[1.0,-2.2444876890403975e-07,1e-06,7e-06]],"boundingbox":[[0.005407,-2.337149,-4.336249],[3.056755,2.107796,4.309231]]}],"boundingbox":[[-10.222915,22.369581,-4.201342],[10.222915,35.61948,11.692376]]}