{
  "skeleton": [
    {
      "name": "root",
      "parent": "root",
      "initpos": [
        0,
        0,
        0
      ],
      "initquaternion": [
        0.707106,
        0,
        0,
        0.707106
      ],
      "initscale": [
        1,
        0.999999,
        0.999999
      ],
      "offmtx": [
        [
          1,
          0,
          0,
          0
        ],
        [
          0,
          1,
          0,
          0
        ],
        [
          0,
          0,
          1,
          0
        ]
      ],
      "boundingbox": [
        [
          0,
          0,
          0
        ],
        [
          0,
          0,
          0
        ]
      ]
    },
    {
      "name": "Bone001",
      "parent": "root",
      "initpos": [
        -0.070846,
        -6.485263952527021e-7,
        -12.197314
      ],
      "initquaternion": [
        -0.50283,
        0.497153,
        0.497152,
        0.502831
      ],
      "initscale": [
        1,
        1,
        1
      ],
      "offmtx": [
        [
          1,
          0,
          0,
          0
        ],
        [
          0,
          1,
          0,
          0
        ],
        [
          0,
          0,
          1,
          0
        ]
      ],
      "boundingbox": [
        [
          0,
          0,
          0
        ],
        [
          0,
          0,
          0
        ]
      ]
    },
    {
      "name": "Bone021",
      "parent": "Bone001",
      "initpos": [
        13.884957,
        0.069256,
        4.103988
      ],
      "initquaternion": [
        -0.005678,
        0.999983,
        -0.000001,
        0
      ],
      "initscale": [
        0.999999,
        0.999999,
        0.999999
      ],
      "offmtx": [
        [
          1.5872967651375802e-7,
          -0.999999,
          0,
          26.082162
        ],
        [
          -1,
          -1.587296623029033e-7,
          0.000001,
          0.017599
        ],
        [
          -0.000001,
          0,
          -0.999999,
          4.103988
        ]
      ],
      "boundingbox": [
        [
          0.02353,
          -4.78863,
          -1.068338
        ],
        [
          4.652954,
          4.82383,
          1.025832
        ]
      ]
    },
    {
      "name": "Bone025",
      "parent": "Bone021",
      "initpos": [
        0.088502,
        -5.952612,
        0.584084
      ],
      "initquaternion": [
        -0.262367,
        0,
        0,
        0.964968
      ],
      "initscale": [
        1,
        0.999999,
        0.999999
      ],
      "offmtx": [
        [
          0,
          -0.999999,
          0,
          25.993658
        ],
        [
          -0.862326,
          0,
          0.506353,
          3.365958
        ],
        [
          -0.506353,
          0,
          -0.862325,
          6.058336
        ]
      ],
      "boundingbox": [
        [
          0.017284,
          -1.538343,
          -0.860072
        ],
        [
          2.901314,
          1.735999,
          1.147606
        ]
      ]
    },
    {
      "name": "Bone007",
      "parent": "Bone025",
      "initpos": [
        0.331407,
        -2.905146,
        2.066644
      ],
      "initquaternion": [
        0.859562,
        -0.068526,
        -0.119705,
        0.492063
      ],
      "initscale": [
        0.999999,
        1,
        1
      ],
      "offmtx": [
        [
          0.273227,
          -0.961949,
          0,
          22.656003
        ],
        [
          0.000001,
          3.0547380447387695e-7,
          -0.999999,
          0.266729
        ],
        [
          0.961949,
          0.273227,
          0.000001,
          -14.157894
        ]
      ],
      "boundingbox": [
        [
          -0.007162,
          -2.955247,
          -1.331748
        ],
        [
          3.538288,
          2.962828,
          1.191307
        ]
      ]
    },
    {
      "name": "Bone058",
      "parent": "Bone007",
      "initpos": [
        2.694778,
        -0.05935,
        0.16803
      ],
      "initquaternion": [
        0.986442,
        -0.162483,
        -0.017445,
        0.015006
      ],
      "initscale": [
        0.999999,
        0.999999,
        0.999999
      ],
      "offmtx": [
        [
          0.230216,
          -0.918642,
          0.321085,
          19.213586
        ],
        [
          -0.05351,
          0.317498,
          0.946747,
          -7.202431
        ],
        [
          -0.971667,
          -0.235137,
          0.023936,
          13.518566
        ]
      ],
      "boundingbox": [
        [
          -1.148816,
          -2.980929,
          -1.181412
        ],
        [
          8.847473,
          2.637815,
          1.123613
        ]
      ]
    },
    {
      "name": "Bone059",
      "parent": "Bone058",
      "initpos": [
        8.614663,
        4.76837158203125e-7,
        0.000002
      ],
      "initquaternion": [
        0,
        -1.0435343256176566e-7,
        0.004133,
        0.999991
      ],
      "initscale": [
        0.999999,
        0.999999,
        1
      ],
      "offmtx": [
        [
          0.229765,
          -0.915986,
          0.328901,
          10.539019
        ],
        [
          -0.055411,
          0.325082,
          0.94406,
          -7.289812
        ],
        [
          -0.971667,
          -0.235137,
          0.023936,
          13.518562
        ]
      ],
      "boundingbox": [
        [
          0.086896,
          -2.616441,
          -0.332323
        ],
        [
          4.349404,
          2.457543,
          0.689496
        ]
      ]
    },
    {
      "name": "Bone009",
      "parent": "Bone059",
      "initpos": [
        3.95957,
        -0.06137,
        0.261378
      ],
      "initquaternion": [
        0.049013,
        0.320182,
        0.027641,
        0.945683
      ],
      "initscale": [
        0.999999,
        0.999999,
        0.999999
      ],
      "offmtx": [
        [
          0.76346,
          -0.557822,
          0.325519,
          -3.376785
        ],
        [
          -0.167137,
          0.316202,
          0.933852,
          -5.856494
        ],
        [
          -0.623853,
          -0.767365,
          0.148175,
          15.019699
        ]
      ],
      "boundingbox": [
        [
          0.188993,
          -2.551699,
          -0.217885
        ],
        [
          4.01891,
          2.443458,
          0.298643
        ]
      ]
    },
    {
      "name": "Bone010",
      "parent": "Bone009",
      "initpos": [
        4.191551,
        -4.76837158203125e-7,
        9.5367431640625e-7
      ],
      "initquaternion": [
        0.021267,
        0.122139,
        0.091519,
        0.988055
      ],
      "initscale": [
        0.999999,
        0.999999,
        0.999999
      ],
      "offmtx": [
        [
          0.844942,
          -0.29078,
          0.448908,
          -11.872036
        ],
        [
          -0.338459,
          0.359199,
          0.869724,
          -3.45664
        ],
        [
          -0.414146,
          -0.886804,
          0.205085,
          12.817015
        ]
      ],
      "boundingbox": [
        [
          -0.604944,
          -2.485321,
          -0.32215
        ],
        [
          2.435756,
          2.540461,
          0.304121
        ]
      ]
    },
    {
      "name": "Bone011",
      "parent": "Bone010",
      "initpos": [
        2.601252,
        -2.384185791015625e-7,
        9.5367431640625e-7
      ],
      "initquaternion": [
        -0.010574,
        0.120541,
        0.0305,
        0.992183
      ],
      "initscale": [
        0.999999,
        0.999999,
        0.999999
      ],
      "offmtx": [
        [
          0.898523,
          -0.048271,
          0.436262,
          -17.300226
        ],
        [
          -0.385403,
          0.388878,
          0.836802,
          -2.711238
        ],
        [
          -0.210046,
          -0.920023,
          0.330812,
          8.891101
        ]
      ],
      "boundingbox": [
        [
          -0.434591,
          -2.435944,
          -0.345005
        ],
        [
          3.235984,
          2.527481,
          0.259085
        ]
      ]
    },
    {
      "name": "Bone054",
      "parent": "Bone007",
      "initpos": [
        2.834802,
        -0.45631,
        -0.262686
      ],
      "initquaternion": [
        0.966298,
        -0.241439,
        0.059319,
        0.066752
      ],
      "initscale": [
        0.999999,
        0.999999,
        0.999999
      ],
      "offmtx": [
        [
          0.380734,
          -0.802899,
          0.458686,
          14.998329
        ],
        [
          -0.03311,
          0.48389,
          0.874501,
          -11.432505
        ],
        [
          -0.924091,
          -0.34814,
          0.157649,
          15.193001
        ]
      ],
      "boundingbox": [
        [
          -0.547751,
          -1.978232,
          -0.679466
        ],
        [
          3.848901,
          1.813992,
          1.029386
        ]
      ]
    },
    {
      "name": "Bone055",
      "parent": "Bone054",
      "initpos": [
        3.672193,
        -9.5367431640625e-7,
        -0.000003
      ],
      "initquaternion": [
        -0.000035,
        0.012512,
        0.002863,
        0.999917
      ],
      "initscale": [
        1,
        1,
        0.999999
      ],
      "offmtx": [
        [
          0.403543,
          -0.791153,
          0.459596,
          10.876763
        ],
        [
          -0.03529,
          0.48848,
          0.87186,
          -11.497181
        ],
        [
          -0.914279,
          -0.368053,
          0.169203,
          15.470016
        ]
      ],
      "boundingbox": [
        [
          0.087795,
          -1.909835,
          -0.830752
        ],
        [
          4.381294,
          1.85807,
          0.775378
        ]
      ]
    },
    {
      "name": "Bone056",
      "parent": "Bone055",
      "initpos": [
        4.029732,
        0.000031,
        -0.00004
      ],
      "initquaternion": [
        -0.033996,
        0.200107,
        0.221056,
        0.953905
      ],
      "initscale": [
        0.999999,
        0.999999,
        0.999999
      ],
      "offmtx": [
        [
          0.680167,
          -0.305066,
          0.666563,
          -5.201312
        ],
        [
          -0.229026,
          0.775341,
          0.588551,
          -12.962504
        ],
        [
          -0.696361,
          -0.552973,
          0.457493,
          14.943572
        ]
      ],
      "boundingbox": [
        [
          -0.237296,
          -1.90987,
          -0.875043
        ],
        [
          3.796249,
          1.871519,
          0.789381
        ]
      ]
    },
    {
      "name": "Bone057",
      "parent": "Bone056",
      "initpos": [
        3.659789,
        0,
        -9.5367431640625e-7
      ],
      "initquaternion": [
        0.000519,
        -0.009048,
        0.007972,
        0.999927
      ],
      "initscale": [
        0.999999,
        0.999999,
        0.999999
      ],
      "offmtx": [
        [
          0.663712,
          -0.302633,
          0.684029,
          -8.794533
        ],
        [
          -0.240471,
          0.779613,
          0.578251,
          -12.806101
        ],
        [
          -0.708278,
          -0.548283,
          0.444665,
          15.116738
        ]
      ],
      "boundingbox": [
        [
          0.085513,
          -2.303495,
          -1.087215
        ],
        [
          5.82269,
          2.13677,
          1.024119
        ]
      ]
    },
    {
      "name": "Bone048",
      "parent": "Bone025",
      "initpos": [
        2.523477,
        0.338479,
        1.479879
      ],
      "initquaternion": [
        0.203079,
        0.229388,
        -0.066534,
        0.949585
      ],
      "initscale": [
        0.999999,
        0.999999,
        0.999999
      ],
      "offmtx": [
        [
          0.262898,
          -0.885908,
          0.382166,
          18.57361
        ],
        [
          -0.963399,
          -0.219529,
          0.153842,
          9.529434
        ],
        [
          -0.052393,
          -0.408624,
          -0.911197,
          12.049407
        ]
      ],
      "boundingbox": [
        [
          -0.087183,
          -2.261039,
          -0.357114
        ],
        [
          4.760474,
          2.564089,
          0.329385
        ]
      ]
    },
    {
      "name": "Bone049",
      "parent": "Bone048",
      "initpos": [
        4.51873,
        0,
        0
      ],
      "initquaternion": [
        2.2012672218352236e-7,
        0,
        0.003759,
        0.999992
      ],
      "initscale": [
        1,
        1,
        1
      ],
      "offmtx": [
        [
          0.255648,
          -0.887533,
          0.383311,
          14.126125
        ],
        [
          -0.965349,
          -0.212863,
          0.150964,
          9.423503
        ],
        [
          -0.052393,
          -0.408623,
          -0.911197,
          12.049406
        ]
      ],
      "boundingbox": [
        [
          0.190499,
          -2.313064,
          -0.125966
        ],
        [
          4.869483,
          2.545614,
          0.532905
        ]
      ]
    },
    {
      "name": "Bone050",
      "parent": "Bone049",
      "initpos": [
        4.292942,
        -0.00002,
        0.000007
      ],
      "initquaternion": [
        0.999826,
        -0.001213,
        -0.014125,
        -0.012101
      ],
      "initscale": [
        0.999999,
        0.999999,
        1
      ],
      "offmtx": [
        [
          0.25904,
          -0.875178,
          0.408608,
          9.468867
        ],
        [
          0.96562,
          0.225132,
          -0.129962,
          -9.739134
        ],
        [
          0.021749,
          0.428226,
          0.903409,
          -12.090155
        ]
      ],
      "boundingbox": [
        [
          0.496483,
          -2.506534,
          -0.958255
        ],
        [
          5.833572,
          2.344351,
          -0.06087
        ]
      ]
    },
    {
      "name": "Bone032",
      "parent": "Bone050",
      "initpos": [
        5.931895,
        0.003114,
        -0.350481
      ],
      "initquaternion": [
        -0.010224,
        -0.037181,
        0.080112,
        0.996039
      ],
      "initscale": [
        0.999999,
        0.999999,
        0.999999
      ],
      "offmtx": [
        [
          0.411413,
          -0.794407,
          0.446827,
          1.069309
        ],
        [
          0.911308,
          0.349928,
          -0.216948,
          -9.867906
        ],
        [
          0.015988,
          0.496453,
          0.867915,
          -12.112909
        ]
      ],
      "boundingbox": [
        [
          -0.475531,
          -2.377258,
          -0.531458
        ],
        [
          3.327673,
          2.442541,
          0.544384
        ]
      ]
    },
    {
      "name": "Bone033",
      "parent": "Bone032",
      "initpos": [
        3.133221,
        9.5367431640625e-7,
        9.5367431640625e-7
      ],
      "initquaternion": [
        0.048901,
        -0.31218,
        0.002787,
        0.948759
      ],
      "initscale": [
        0.999998,
        0.999999,
        0.999999
      ],
      "offmtx": [
        [
          0.317688,
          -0.354169,
          0.879566,
          -8.591109
        ],
        [
          0.893653,
          0.421909,
          -0.152888,
          -10.849532
        ],
        [
          -0.316948,
          0.834598,
          0.45054,
          -7.539136
        ]
      ],
      "boundingbox": [
        [
          0.328797,
          -2.310294,
          -0.286445
        ],
        [
          7.803991,
          3.318756,
          0.714053
        ]
      ]
    },
    {
      "name": "Bone026",
      "parent": "Bone021",
      "initpos": [
        0.048402,
        5.790661,
        0.529281
      ],
      "initquaternion": [
        0.268479,
        0,
        0,
        0.963285
      ],
      "initscale": [
        1,
        0.999999,
        0.999999
      ],
      "offmtx": [
        [
          0,
          -0.999999,
          0,
          26.033756
        ],
        [
          -0.855837,
          0,
          -0.517243,
          -3.091807
        ],
        [
          0.517243,
          0,
          -0.855837,
          6.045455
        ]
      ],
      "boundingbox": [
        [
          0.057382,
          -1.549307,
          -0.933843
        ],
        [
          2.941412,
          1.745559,
          1.108246
        ]
      ]
    },
    {
      "name": "Bone051",
      "parent": "Bone026",
      "initpos": [
        2.401405,
        -0.183249,
        1.584896
      ],
      "initquaternion": [
        0.945273,
        0.074333,
        -0.191555,
        0.253455
      ],
      "initscale": [
        0.999999,
        0.999999,
        0.999999
      ],
      "offmtx": [
        [
          -0.243976,
          -0.915562,
          0.31972,
          19.727132
        ],
        [
          0.969539,
          -0.237633,
          0.059354,
          10.128891
        ],
        [
          0.021633,
          0.324463,
          0.94565,
          -9.751431
        ]
      ],
      "boundingbox": [
        [
          0.087714,
          -2.446777,
          -0.266981
        ],
        [
          5.004426,
          2.478402,
          0.705948
        ]
      ]
    },
    {
      "name": "Bone052",
      "parent": "Bone051",
      "initpos": [
        5.081918,
        -9.5367431640625e-7,
        9.5367431640625e-7
      ],
      "initquaternion": [
        0.999513,
        0.000151,
        0.020587,
        -0.023419
      ],
      "initscale": [
        0.999999,
        0.999999,
        0.999999
      ],
      "offmtx": [
        [
          -0.243519,
          -0.901273,
          0.358334,
          14.22472
        ],
        [
          -0.969798,
          0.221023,
          -0.10315,
          -9.642745
        ],
        [
          0.013765,
          -0.372631,
          -0.927877,
          10.809344
        ]
      ],
      "boundingbox": [
        [
          -0.171946,
          -2.388028,
          -0.598686
        ],
        [
          4.550768,
          2.528186,
          0.105537
        ]
      ]
    },
    {
      "name": "Bone053",
      "parent": "Bone052",
      "initpos": [
        4.345817,
        0,
        -0.000001
      ],
      "initquaternion": [
        0.998617,
        0.010968,
        -0.050906,
        -0.007221
      ],
      "initscale": [
        0.999999,
        0.999999,
        1
      ],
      "offmtx": [
        [
          -0.265554,
          -0.853553,
          0.448247,
          8.509698
        ],
        [
          0.964094,
          -0.234238,
          0.125119,
          9.680608
        ],
        [
          -0.001798,
          0.465378,
          0.885109,
          -11.88646
        ]
      ],
      "boundingbox": [
        [
          0.13958,
          -2.52097,
          -0.701822
        ],
        [
          5.448465,
          2.295732,
          0.470368
        ]
      ]
    },
    {
      "name": "Bone029",
      "parent": "Bone053",
      "initpos": [
        5.492599,
        -0.174694,
        -0.333273
      ],
      "initquaternion": [
        0.013008,
        -0.129528,
        -0.084058,
        0.98792
      ],
      "initscale": [
        1,
        1,
        0.999999
      ],
      "offmtx": [
        [
          -0.416718,
          -0.655071,
          0.630258,
          -1.728329
        ],
        [
          0.906848,
          -0.347639,
          0.23827,
          9.655081
        ],
        [
          0.063018,
          0.67084,
          0.738918,
          -11.979077
        ]
      ],
      "boundingbox": [
        [
          -0.411676,
          -2.435675,
          -0.589741
        ],
        [
          3.460416,
          2.434113,
          0.398093
        ]
      ]
    },
    {
      "name": "Bone034",
      "parent": "Bone029",
      "initpos": [
        3.517295,
        -0.033229,
        -0.013184
      ],
      "initquaternion": [
        -0.022277,
        -0.192412,
        0.033766,
        0.98048
      ],
      "initscale": [
        0.999998,
        0.999999,
        0.999999
      ],
      "offmtx": [
        [
          -0.293409,
          -0.378964,
          0.877665,
          -8.61758
        ],
        [
          0.924328,
          -0.346765,
          0.159279,
          10.637186
        ],
        [
          0.243982,
          0.857985,
          0.452031,
          -8.783517
        ]
      ],
      "boundingbox": [
        [
          -0.236502,
          -3.368614,
          -0.397325
        ],
        [
          7.247378,
          2.432073,
          0.679562
        ]
      ]
    },
    {
      "name": "Bone016",
      "parent": "Bone026",
      "initpos": [
        0.384683,
        3.086481,
        1.852668
      ],
      "initquaternion": [
        0.486583,
        0.120438,
        0.067936,
        0.862621
      ],
      "initscale": [
        0.999999,
        0.999999,
        0.999999
      ],
      "offmtx": [
        [
          -0.273898,
          -0.961758,
          0,
          22.625946
        ],
        [
          0.000001,
          -3.296878219316568e-7,
          -0.999999,
          0.392681
        ],
        [
          0.961758,
          -0.273898,
          0.000001,
          14.196418
        ]
      ],
      "boundingbox": [
        [
          -0.028254,
          -2.829327,
          -1.168599
        ],
        [
          3.518954,
          3.088748,
          1.355828
        ]
      ]
    },
    {
      "name": "Bone060",
      "parent": "Bone016",
      "initpos": [
        2.783643,
        0.572169,
        0.181079
      ],
      "initquaternion": [
        0.984125,
        -0.177289,
        -0.007951,
        -0.001666
      ],
      "initscale": [
        0.999999,
        1,
        0.999999
      ],
      "offmtx": [
        [
          -0.272266,
          -0.896728,
          0.348923,
          18.427431
        ],
        [
          0.095139,
          0.335758,
          0.937131,
          -6.762775
        ],
        [
          -0.957506,
          0.288346,
          -0.006101,
          -14.313394
        ]
      ],
      "boundingbox": [
        [
          -1.15385,
          -2.436712,
          -0.692265
        ],
        [
          8.960133,
          3.20266,
          1.365472
        ]
      ]
    },
    {
      "name": "Bone061",
      "parent": "Bone060",
      "initpos": [
        8.61466,
        0,
        0.000001
      ],
      "initquaternion": [
        0,
        -1.1931606991311128e-7,
        0.004133,
        0.999991
      ],
      "initscale": [
        0.999999,
        0.999999,
        1
      ],
      "offmtx": [
        [
          -0.271471,
          -0.893922,
          0.356659,
          9.756521
        ],
        [
          0.097386,
          0.34316,
          0.934214,
          -6.843671
        ],
        [
          -0.957506,
          0.288346,
          -0.006101,
          -14.313396
        ]
      ],
      "boundingbox": [
        [
          0.082995,
          -2.476115,
          -0.705096
        ],
        [
          4.463126,
          2.715244,
          -0.015262
        ]
      ]
    },
    {
      "name": "Bone018",
      "parent": "Bone061",
      "initpos": [
        4.064446,
        -0.087556,
        -0.590602
      ],
      "initquaternion": [
        -0.054407,
        -0.307329,
        0.02795,
        0.949635
      ],
      "initscale": [
        0.999999,
        1,
        1
      ],
      "offmtx": [
        [
          -0.767325,
          -0.526536,
          0.36602,
          -3.944946
        ],
        [
          0.217384,
          0.323402,
          0.920952,
          -5.163564
        ],
        [
          -0.603287,
          0.786237,
          -0.133693,
          -14.971135
        ]
      ],
      "boundingbox": [
        [
          0.138121,
          -2.525574,
          -0.251317
        ],
        [
          4.07694,
          2.560382,
          0.28311
        ]
      ]
    },
    {
      "name": "Bone019",
      "parent": "Bone018",
      "initpos": [
        3.991401,
        -0.112644,
        -0.020503
      ],
      "initquaternion": [
        -0.008529,
        -0.10344,
        0.080044,
        0.991372
      ],
      "initscale": [
        0.999999,
        0.999999,
        0.999999
      ],
      "offmtx": [
        [
          -0.829096,
          -0.296442,
          0.474047,
          -11.521264
        ],
        [
          0.355186,
          0.375531,
          0.856047,
          -3.239493
        ],
        [
          -0.431788,
          0.878121,
          -0.206059,
          -12.991722
        ]
      ],
      "boundingbox": [
        [
          -0.449661,
          -2.48784,
          -0.299917
        ],
        [
          2.716478,
          2.600535,
          0.328938
        ]
      ]
    },
    {
      "name": "Bone020",
      "parent": "Bone019",
      "initpos": [
        2.718984,
        0.031006,
        -0.069629
      ],
      "initquaternion": [
        -0.011528,
        -0.111396,
        0.011566,
        0.993641
      ],
      "initscale": [
        1,
        0.999999,
        0.999999
      ],
      "offmtx": [
        [
          -0.894693,
          -0.085249,
          0.438469,
          -16.823785
        ],
        [
          0.382929,
          0.359003,
          0.851164,
          -2.648671
        ],
        [
          -0.229973,
          0.929434,
          -0.288553,
          -9.508216
        ]
      ],
      "boundingbox": [
        [
          -0.331243,
          -2.484078,
          -0.095891
        ],
        [
          3.368728,
          2.496604,
          0.415714
        ]
      ]
    },
    {
      "name": "Bone012",
      "parent": "Bone016",
      "initpos": [
        2.870822,
        -0.266779,
        0.307786
      ],
      "initquaternion": [
        0.029139,
        0.076157,
        -0.246824,
        0.965623
      ],
      "initscale": [
        0.999999,
        0.999999,
        0.999999
      ],
      "offmtx": [
        [
          -0.392637,
          -0.789192,
          0.472241,
          14.564974
        ],
        [
          -0.113809,
          -0.467836,
          -0.876456,
          10.341991
        ],
        [
          0.912624,
          -0.397875,
          0.093872,
          16.263412
        ]
      ],
      "boundingbox": [
        [
          -0.52603,
          -1.911017,
          -0.787948
        ],
        [
          3.787572,
          1.935953,
          1.156242
        ]
      ]
    },
    {
      "name": "Bone013",
      "parent": "Bone012",
      "initpos": [
        3.672194,
        -9.5367431640625e-7,
        -0.000001
      ],
      "initquaternion": [
        -0.000035,
        0.012512,
        0.002863,
        0.999917
      ],
      "initscale": [
        0.999999,
        1,
        0.999999
      ],
      "offmtx": [
        [
          -0.415996,
          -0.781654,
          0.464718,
          10.54143
        ],
        [
          -0.111559,
          -0.463309,
          -0.879146,
          10.279437
        ],
        [
          0.902497,
          -0.417566,
          0.105534,
          16.532373
        ]
      ],
      "boundingbox": [
        [
          0.044438,
          -1.888317,
          -0.880043
        ],
        [
          4.338502,
          1.941836,
          0.960139
        ]
      ]
    },
    {
      "name": "Bone014",
      "parent": "Bone013",
      "initpos": [
        4.029731,
        0.000031,
        -0.00004
      ],
      "initquaternion": [
        0.050537,
        0.207724,
        -0.205034,
        0.955121
      ],
      "initscale": [
        1,
        0.999999,
        0.999999
      ],
      "offmtx": [
        [
          -0.680586,
          -0.302397,
          0.667351,
          -5.310764
        ],
        [
          -0.263025,
          -0.749289,
          -0.607768,
          12.237521
        ],
        [
          0.683827,
          -0.589169,
          0.430417,
          15.602184
        ]
      ],
      "boundingbox": [
        [
          -0.299565,
          -1.835892,
          -0.75112
        ],
        [
          3.744835,
          1.89081,
          0.785449
        ]
      ]
    },
    {
      "name": "Bone015",
      "parent": "Bone014",
      "initpos": [
        3.659789,
        0,
        -0.000001
      ],
      "initquaternion": [
        0.000519,
        -0.009048,
        0.007972,
        0.999927
      ],
      "initscale": [
        0.999999,
        1,
        0.999999
      ],
      "offmtx": [
        [
          -0.672199,
          -0.324915,
          0.665264,
          -8.490485
        ],
        [
          -0.251522,
          -0.744897,
          -0.617951,
          12.393033
        ],
        [
          0.696335,
          -0.582716,
          0.418996,
          15.747383
        ]
      ],
      "boundingbox": [
        [
          0.044324,
          -2.200342,
          -0.901122
        ],
        [
          5.745529,
          2.150808,
          1.015741
        ]
      ]
    },
    {
      "name": "Bone045",
      "parent": "Bone021",
      "initpos": [
        3.333351,
        -0.021499,
        0.96313
      ],
      "initquaternion": [
        2.3391612558043562e-7,
        0.193422,
        0,
        0.981115
      ],
      "initscale": [
        0.999999,
        1,
        0.999999
      ],
      "offmtx": [
        [
          2.47246759954578e-7,
          -0.925175,
          0.379539,
          19.85456
        ],
        [
          -1,
          0,
          6.501530265268229e-7,
          0.039097
        ],
        [
          -6.013056008669082e-7,
          -0.379539,
          -0.925175,
          11.539917
        ]
      ],
      "boundingbox": [
        [
          -0.863513,
          -5.103462,
          -0.121895
        ],
        [
          3.863093,
          5.18166,
          0.304409
        ]
      ]
    },
    {
      "name": "Bone046",
      "parent": "Bone045",
      "initpos": [
        3.861192,
        -5.21540641784668e-7,
        0
      ],
      "initquaternion": [
        0.999818,
        0.00731,
        0.017574,
        0.000128
      ],
      "initscale": [
        0.999999,
        0.999999,
        0.999999
      ],
      "offmtx": [
        [
          -0.014622,
          -0.937842,
          0.346753,
          16.387859
        ],
        [
          0.999893,
          -0.013715,
          0.00507,
          0.200558
        ],
        [
          4.153699251219223e-7,
          0.34679,
          0.937942,
          -10.970722
        ]
      ],
      "boundingbox": [
        [
          4.64402,
          -5.112101,
          -0.1178
        ],
        [
          4.809931,
          5.172147,
          0.29807
        ]
      ]
    },
    {
      "name": "Bone047",
      "parent": "Bone046",
      "initpos": [
        4.670455,
        -8.046627044677734e-7,
        0
      ],
      "initquaternion": [
        0,
        0,
        0.007311,
        0.999973
      ],
      "initscale": [
        1,
        1,
        1
      ],
      "offmtx": [
        [
          -1.2246894698364486e-7,
          -0.937942,
          0.34679,
          11.719085
        ],
        [
          1,
          -2.5937330860870134e-7,
          -3.483606576537568e-7,
          0.0292
        ],
        [
          4.1669048300718714e-7,
          0.34679,
          0.937942,
          -10.970724
        ]
      ],
      "boundingbox": [
        [
          0.049194,
          -5.113367,
          -0.117802
        ],
        [
          4.787148,
          5.171756,
          0.474284
        ]
      ]
    },
    {
      "name": "Bone023",
      "parent": "Bone047",
      "initpos": [
        4.42234,
        0.098355,
        -0.069194
      ],
      "initquaternion": [
        0.991052,
        0.004102,
        0.13328,
        -0.005802
      ],
      "initscale": [
        1,
        0.999999,
        0.999999
      ],
      "offmtx": [
        [
          0.006585,
          -0.812958,
          0.582285,
          4.15637
        ],
        [
          -0.999898,
          -0.012687,
          -0.006404,
          0.25323
        ],
        [
          0.012594,
          -0.582184,
          -0.812959,
          12.439889
        ]
      ],
      "boundingbox": [
        [
          0.260815,
          -5.006502,
          -0.713148
        ],
        [
          3.199616,
          5.159674,
          0.081733
        ]
      ]
    },
    {
      "name": "Bone024",
      "parent": "Bone023",
      "initpos": [
        3.161628,
        -0.011304,
        -0.001032
      ],
      "initquaternion": [
        -0.001143,
        0.204988,
        0.003867,
        0.978756
      ],
      "initscale": [
        0.999999,
        0.999999,
        0.999999
      ],
      "offmtx": [
        [
          -0.006123,
          -0.511084,
          0.859508,
          -4.079262
        ],
        [
          -0.999927,
          -0.00577,
          -0.010555,
          0.248405
        ],
        [
          0.010354,
          -0.85951,
          -0.511012,
          11.795505
        ]
      ],
      "boundingbox": [
        [
          0.050556,
          -4.990174,
          -0.676435
        ],
        [
          4.857608,
          5.168246,
          0.383727
        ]
      ]
    },
    {
      "name": "Bone035",
      "parent": "Bone046",
      "initpos": [
        5.27056,
        -4.774103,
        -0.226072
      ],
      "initquaternion": [
        0.995103,
        -0.061801,
        0.023662,
        -0.07341
      ],
      "initscale": [
        0.999999,
        0.999999,
        1
      ],
      "offmtx": [
        [
          -0.140952,
          -0.914708,
          0.378735,
          9.982274
        ],
        [
          -0.97973,
          0.073874,
          -0.186202,
          -4.610561
        ],
        [
          0.142341,
          -0.397304,
          -0.90658,
          11.953493
        ]
      ],
      "boundingbox": [
        [
          -0.087929,
          -1.328078,
          -0.274364
        ],
        [
          3.861551,
          1.330764,
          0.301122
        ]
      ]
    },
    {
      "name": "Bone037",
      "parent": "Bone035",
      "initpos": [
        3.553723,
        -0.027362,
        0.018939
      ],
      "initquaternion": [
        0.999211,
        -0.018686,
        -0.028122,
        0.020885
      ],
      "initscale": [
        0.999999,
        0.999999,
        0.999999
      ],
      "offmtx": [
        [
          -0.110781,
          -0.893449,
          0.435286,
          5.929009
        ],
        [
          0.989379,
          -0.057674,
          0.133419,
          4.854144
        ],
        [
          -0.094098,
          0.445444,
          0.89035,
          -12.085098
        ]
      ],
      "boundingbox": [
        [
          0.101596,
          -1.298865,
          -0.540171
        ],
        [
          2.450157,
          1.451717,
          0.509922
        ]
      ]
    },
    {
      "name": "Bone038",
      "parent": "Bone037",
      "initpos": [
        2.03158,
        -0.002883,
        -0.036622
      ],
      "initquaternion": [
        0.986721,
        -0.131828,
        0.092673,
        -0.020308
      ],
      "initscale": [
        0.999999,
        1,
        0.999999
      ],
      "offmtx": [
        [
          -0.382852,
          -0.752746,
          0.535534,
          0.274149
        ],
        [
          -0.919701,
          0.25596,
          -0.297714,
          -4.906218
        ],
        [
          0.087027,
          -0.606512,
          -0.790296,
          12.64122
        ]
      ],
      "boundingbox": [
        [
          -0.261692,
          -1.471247,
          -0.636499
        ],
        [
          3.626793,
          1.3075,
          0.342694
        ]
      ]
    },
    {
      "name": "Bone036",
      "parent": "Bone046",
      "initpos": [
        5.10194,
        4.811038,
        -0.230724
      ],
      "initquaternion": [
        0.99029,
        0.078503,
        0.048565,
        0.103942
      ],
      "initscale": [
        0.999999,
        1,
        1
      ],
      "offmtx": [
        [
          0.151188,
          -0.896432,
          0.416594,
          9.472403
        ],
        [
          -0.968088,
          -0.049063,
          0.245757,
          3.801959
        ],
        [
          -0.199865,
          -0.440456,
          -0.875243,
          12.640996
        ]
      ],
      "boundingbox": [
        [
          -0.065882,
          -1.355218,
          -0.224666
        ],
        [
          3.902676,
          1.295166,
          0.396892
        ]
      ]
    },
    {
      "name": "Bone039",
      "parent": "Bone036",
      "initpos": [
        3.587915,
        0.042419,
        0.046964
      ],
      "initquaternion": [
        0.999648,
        0.001278,
        -0.015222,
        0.021672
      ],
      "initscale": [
        0.999999,
        0.999999,
        0.999999
      ],
      "offmtx": [
        [
          0.155376,
          -0.882677,
          0.443551,
          5.504883
        ],
        [
          0.959009,
          0.027066,
          -0.282076,
          -3.191865
        ],
        [
          0.236977,
          0.469198,
          0.850701,
          -12.918176
        ]
      ],
      "boundingbox": [
        [
          0.123434,
          -1.391407,
          -0.490636
        ],
        [
          2.401919,
          1.234445,
          0.147255
        ]
      ]
    },
    {
      "name": "Bone040",
      "parent": "Bone039",
      "initpos": [
        2.027473,
        -0.220672,
        0.000341
      ],
      "initquaternion": [
        0.98599,
        0.119925,
        0.11572,
        -0.007025
      ],
      "initscale": [
        0.999999,
        0.999999,
        0.999999
      ],
      "offmtx": [
        [
          0.42646,
          -0.719428,
          0.548227,
          -0.383345
        ],
        [
          -0.891037,
          -0.229943,
          0.391379,
          3.53387
        ],
        [
          -0.155508,
          -0.655398,
          -0.7391,
          13.235302
        ]
      ],
      "boundingbox": [
        [
          -0.224195,
          -1.342912,
          -0.310938
        ],
        [
          3.573087,
          1.289185,
          0.560908
        ]
      ]
    }
  ],
  "boundingbox": [
    [
      -20.25517,
      5.282194,
      -2.696085
    ],
    [
      20.25517,
      26.058629,
      16.104461
    ]
  ]
}
