{
  "skeleton": [
    {
      "name": "root",
      "parent": "root",
      "initpos": [
        0,
        0,
        0
      ],
      "initquaternion": [
        0.707106,
        0,
        0,
        0.707106
      ],
      "initscale": [
        1,
        0.999999,
        0.999999
      ],
      "offmtx": [
        [
          1,
          0,
          0,
          0
        ],
        [
          0,
          1,
          0,
          0
        ],
        [
          0,
          0,
          1,
          0
        ]
      ],
      "boundingbox": [
        [
          0,
          0,
          0
        ],
        [
          0,
          0,
          0
        ]
      ]
    },
    {
      "name": "Bone001",
      "parent": "root",
      "initpos": [
        -4.080846,
        -3.000001,
        -0.197314
      ],
      "initquaternion": [
        -0.499999,
        0.5,
        0.499999,
        0.5
      ],
      "initscale": [
        1,
        0.999999,
        0.999999
      ],
      "offmtx": [
        [
          1,
          0,
          0,
          0
        ],
        [
          0,
          1,
          0,
          0
        ],
        [
          0,
          0,
          1,
          0
        ]
      ],
      "boundingbox": [
        [
          0,
          0,
          0
        ],
        [
          0,
          0,
          0
        ]
      ]
    },
    {
      "name": "Bone037",
      "parent": "Bone001",
      "initpos": [
        3.913302,
        2.064689,
        -3.16625
      ],
      "initquaternion": [
        1.9471050904940057e-7,
        0,
        1,
        -1.9470719792025193e-7
      ],
      "initscale": [
        0.999999,
        0.999999,
        1
      ],
      "offmtx": [
        [
          4.2809261913134833e-7,
          0,
          1,
          16.110618
        ],
        [
          1,
          -0.000002,
          -4.2809261913134833e-7,
          2.135531
        ],
        [
          0.000002,
          1,
          0,
          3.166249
        ]
      ],
      "boundingbox": [
        [
          0.024477,
          -1.173356,
          -0.179135
        ],
        [
          2.400603,
          1.202764,
          0.189835
        ]
      ]
    },
    {
      "name": "Bone038",
      "parent": "Bone037",
      "initpos": [
        2.408535,
        -0.000001,
        0.000001
      ],
      "initquaternion": [
        0,
        0,
        0,
        1
      ],
      "initscale": [
        1,
        1,
        1
      ],
      "offmtx": [
        [
          5.672096108355618e-7,
          0,
          1,
          13.702084
        ],
        [
          1,
          -4.609432835422922e-7,
          -5.672096108355618e-7,
          2.135537
        ],
        [
          4.609432835422922e-7,
          1,
          0,
          3.166244
        ]
      ],
      "boundingbox": [
        [
          -0.134089,
          -0.513487,
          -0.074191
        ],
        [
          3.409872,
          0.542611,
          0.189832
        ]
      ]
    },
    {
      "name": "Bone039",
      "parent": "Bone038",
      "initpos": [
        3.419475,
        9.5367431640625e-7,
        -0.000025
      ],
      "initquaternion": [
        0,
        0,
        0,
        1
      ],
      "initscale": [
        1,
        1,
        1
      ],
      "offmtx": [
        [
          0,
          0.000015,
          1,
          10.282656
        ],
        [
          1,
          0.000105,
          0,
          2.135879
        ],
        [
          -0.000105,
          1,
          -0.000015,
          3.165887
        ]
      ],
      "boundingbox": [
        [
          -0.009601,
          -0.777518,
          -0.074265
        ],
        [
          1.574547,
          0.806655,
          0.189942
        ]
      ]
    },
    {
      "name": "Bone041",
      "parent": "Bone001",
      "initpos": [
        2.869876,
        -0.070837,
        2.765178
      ],
      "initquaternion": [
        0.126472,
        -0.695703,
        0.695705,
        0.126472
      ],
      "initscale": [
        0.999999,
        0.999999,
        0.999999
      ],
      "offmtx": [
        [
          0,
          0.35195,
          0.936018,
          13.129968
        ],
        [
          -2.18847304722658e-7,
          -0.936018,
          0.351949,
          7.891156
        ],
        [
          1,
          -1.8069070506498974e-7,
          1.4126271707937121e-7,
          0.000002
        ]
      ],
      "boundingbox": [
        [
          -0.002132,
          -0.572978,
          -1.046273
        ],
        [
          4.616009,
          0.598299,
          1.01926
        ]
      ]
    },
    {
      "name": "Bone042",
      "parent": "Bone041",
      "initpos": [
        4.044443,
        0,
        0
      ],
      "initquaternion": [
        0,
        0,
        -0.022841,
        0.999739
      ],
      "initscale": [
        0.999999,
        0.999999,
        1
      ],
      "offmtx": [
        [
          -1.4577749141153618e-7,
          0.394331,
          0.918968,
          8.715652
        ],
        [
          -1.3481835026141198e-7,
          -0.918968,
          0.394331,
          8.297862
        ],
        [
          1,
          0,
          1.871279806664461e-7,
          0.000002
        ]
      ],
      "boundingbox": [
        [
          0.08573,
          -0.517304,
          -0.502832
        ],
        [
          1.087021,
          0.483984,
          0.475819
        ]
      ]
    },
    {
      "name": "Bone043",
      "parent": "Bone042",
      "initpos": [
        0.997569,
        9.5367431640625e-7,
        4.76837158203125e-7
      ],
      "initquaternion": [
        0,
        0,
        -0.204536,
        0.978858
      ],
      "initscale": [
        0.999999,
        0.999999,
        1
      ],
      "offmtx": [
        [
          0,
          0.729315,
          0.684177,
          3.749632
        ],
        [
          -2.468102877628553e-7,
          -0.684177,
          0.729315,
          10.694089
        ],
        [
          1,
          -2.1595587895717472e-7,
          1.3582341296114464e-7,
          0.000002
        ]
      ],
      "boundingbox": [
        [
          -0.176284,
          -0.570667,
          -1.046272
        ],
        [
          3.678293,
          0.485489,
          1.019261
        ]
      ]
    },
    {
      "name": "Bone044",
      "parent": "Bone043",
      "initpos": [
        3.574699,
        -0.000001,
        -4.76837158203125e-7
      ],
      "initquaternion": [
        0,
        0,
        -0.301701,
        0.953402
      ],
      "initscale": [
        0.999999,
        0.999999,
        1
      ],
      "offmtx": [
        [
          1.960761863983862e-7,
          0.990143,
          0.140059,
          -6.009078
        ],
        [
          -1.6491125620632374e-7,
          -0.140059,
          0.990143,
          8.847891
        ],
        [
          1,
          -2.17240838651378e-7,
          1.3582345559370879e-7,
          0.000002
        ]
      ],
      "boundingbox": [
        [
          -0.086586,
          -0.590582,
          -0.502832
        ],
        [
          0.942891,
          0.438902,
          0.475819
        ]
      ]
    },
    {
      "name": "Bone045",
      "parent": "Bone044",
      "initpos": [
        0.552726,
        0,
        4.76837158203125e-7
      ],
      "initquaternion": [
        0,
        0,
        -0.086531,
        0.996249
      ],
      "initscale": [
        0.999999,
        0.999999,
        1
      ],
      "offmtx": [
        [
          2.2185382420047972e-7,
          0.999463,
          -0.032753,
          -7.989043
        ],
        [
          -1.2862594189755328e-7,
          0.032753,
          0.999463,
          7.584035
        ],
        [
          1,
          -2.1752188672508055e-7,
          1.3582345559370879e-7,
          0.000002
        ]
      ],
      "boundingbox": [
        [
          -0.054591,
          -0.371,
          -1.046274
        ],
        [
          3.765774,
          0.21729,
          1.01926
        ]
      ]
    },
    {
      "name": "Bone046",
      "parent": "Bone045",
      "initpos": [
        3.655635,
        9.5367431640625e-7,
        -4.76837158203125e-7
      ],
      "initquaternion": [
        0,
        0,
        -0.474775,
        0.880106
      ],
      "initscale": [
        1,
        1,
        1
      ],
      "offmtx": [
        [
          2.3067906340656918e-7,
          0.521508,
          -0.853245,
          -12.733009
        ],
        [
          1.1697306945279706e-7,
          0.853245,
          0.521508,
          -5.56657
        ],
        [
          1,
          -2.2010794964444358e-7,
          1.3582345559370879e-7,
          0.000002
        ]
      ],
      "boundingbox": [
        [
          0.125022,
          -0.588171,
          -0.502829
        ],
        [
          1.126519,
          0.413325,
          0.475824
        ]
      ]
    },
    {
      "name": "Bone047",
      "parent": "Bone046",
      "initpos": [
        0.869982,
        0.000002,
        0
      ],
      "initquaternion": [
        0,
        0,
        0.000847,
        0.999999
      ],
      "initscale": [
        0.999999,
        0.999999,
        1
      ],
      "offmtx": [
        [
          2.3087184786163562e-7,
          0.522955,
          -0.85236,
          -13.612412
        ],
        [
          1.1657312626311978e-7,
          0.85236,
          0.522955,
          -5.543493
        ],
        [
          1,
          -2.2009788835930522e-7,
          1.3582344138285407e-7,
          0.000002
        ]
      ],
      "boundingbox": [
        [
          -0.236437,
          -0.595479,
          -1.046273
        ],
        [
          4.231356,
          0.507599,
          1.019263
        ]
      ]
    },
    {
      "name": "Bone048",
      "parent": "Bone047",
      "initpos": [
        4.064279,
        9.5367431640625e-7,
        4.76837158203125e-7
      ],
      "initquaternion": [
        0,
        0,
        -0.001679,
        0.999998
      ],
      "initscale": [
        0.999999,
        0.999999,
        1
      ],
      "offmtx": [
        [
          2.3048941955039481e-7,
          0.520089,
          -0.854111,
          -17.657974
        ],
        [
          1.1736484140101311e-7,
          0.854111,
          0.520089,
          -5.602828
        ],
        [
          1,
          -2.2011781197761593e-7,
          1.3582345559370879e-7,
          0.000002
        ]
      ],
      "boundingbox": [
        [
          -0.618399,
          -1.131955,
          -1.604662
        ],
        [
          3.007735,
          1.085168,
          1.577646
        ]
      ]
    }
  ],
  "boundingbox": [
    [
      -3.308902,
      -3.345376,
      -16.086139
    ],
    [
      1.577648,
      15.92529,
      -7.359728
    ]
  ]
}
