{"skeleton":[{"name":"root","parent":"root","initpos":[0.0,0.0,-0.0],"initquaternion":[0.707106,0.0,0.0,0.707106],"initscale":[1.0,0.999999,0.999999],"offmtx":[[1.0,0.0,0.0,0.0],[0.0,1.0,0.0,0.0],[0.0,0.0,1.0,0.0]],"boundingbox":[[0.0,0.0,0.0],[0.0,0.0,0.0]]},{"name":"bone_01","parent":"root","initpos":[4.076025845733966e-07,9.324859,-18.948093],"initquaternion":[-0.5,0.5,-0.5,0.499999],"initscale":[1.0,1.0,1.0],"offmtx":[[1.0,0.0,0.0,0.0],[0.0,1.0,0.0,0.0],[0.0,0.0,1.0,0.0]],"boundingbox":[[0.0,0.0,0.0],[0.0,0.0,0.0]]},{"name":"bone_00","parent":"bone_01","initpos":[-0.618762,0.195312,-9.536740890325746e-07],"initquaternion":[0.0,0.0,0.0,1.0],"initscale":[1.0,1.0,1.0],"offmtx":[[1.6292068494294654e-07,0.0,-0.999999,9.943621],[-1.6292068494294654e-07,0.999999,-0.0,-19.143405],[1.0,1.6292067073209182e-07,1.6292067073209182e-07,-4e-06]],"boundingbox":[[-0.016093,-3.313101,-3.381725],[8.483907,3.486677,3.418276]]},{"name":"bone_12","parent":"bone_00","initpos":[0.616129,1.535842,-3.450681],"initquaternion":[0.0,0.0,-0.707106,0.707106],"initscale":[1.0,1.0,1.0],"offmtx":[[2.3040463759116392e-07,-0.999999,0.0,20.679248],[-1.6292068494294654e-07,-0.0,-0.999999,9.327491],[1.0,2.304046233803092e-07,-1.6292067073209182e-07,3.450679]],"boundingbox":[[-0.017704,-2.923276,-1.63742],[7.63227,3.026725,1.762582]]},{"name":"bone_14","parent":"bone_12","initpos":[6.065478,0.826176,0.237346],"initquaternion":[-0.0,0.0,-0.300121,0.953901],"initscale":[0.999999,0.999999,1.0],"offmtx":[[1.3943233057034377e-07,-0.819854,0.572572,7.113543],[-1.277101517871415e-07,-0.572572,-0.819854,15.337282],[1.0,0.0,-1.8453879135904572e-07,3.213335]],"boundingbox":[[0.02202,-2.123963,-1.687376],[5.977452,2.133293,1.712625]]},{"name":"bone_16","parent":"bone_14","initpos":[4.410809,-0.892515,-0.04943],"initquaternion":[-0.0,0.0,0.380892,0.924619],"initscale":[1.0,1.0,1.0],"offmtx":[[-0.0,-0.985264,-0.171037,13.350149],[-2.762874089512479e-07,0.171037,-0.985264,9.616887],[1.0,-0.0,-2.856258447536675e-07,3.262768]],"boundingbox":[[-0.002169,-0.858742,-0.851492],[9.426367,0.866433,0.848909]]},{"name":"bone_18","parent":"bone_16","initpos":[8.966636,0.122697,-0.426933],"initquaternion":[-0.0,0.0,-0.085835,0.996309],"initscale":[0.999999,0.999999,1.0],"offmtx":[[2.265205125695502e-07,-0.999999,0.0,2.695055],[-3.7304863553799805e-07,-0.0,-0.999999,10.104033],[1.0,2.2652049835869548e-07,-3.730486071162886e-07,3.689702]],"boundingbox":[[-1.600442,-5.041148,-0.848405],[2.684729,1.09303,1.498252]]},{"name":"bone_11","parent":"bone_00","initpos":[0.03221,3.893201,1e-06],"initquaternion":[-0.0,-0.0,1.0,-3.139165016818879e-07],"initscale":[0.999999,0.999999,1.0],"offmtx":[[4.827770112569851e-07,0.0,0.999999,-9.911411],[0.0,-0.999999,-0.0,23.036607],[1.0,0.0,-4.827769544135663e-07,2e-06]],"boundingbox":[[0.064564,-2.870226,-2.693573],[7.308517,2.996442,2.699842]]},{"name":"bone_04","parent":"bone_00","initpos":[3.410036,3.876525,3e-06],"initquaternion":[0.0,0.0,0.0,1.0],"initscale":[1.0,1.0,1.0],"offmtx":[[1.6292068494294654e-07,0.0,-0.999999,6.533585],[-1.6292068494294654e-07,0.999999,-0.0,-23.019931],[1.0,1.6292067073209182e-07,1.6292067073209182e-07,-6e-06]],"boundingbox":[[-0.026886,-2.939846,-4.231727],[8.473461,1.310153,4.268272]]},{"name":"Bind","parent":"bone_04","initpos":[2.76234,2.179098,2e-06],"initquaternion":[0.5,0.5,-0.499999,-0.499999],"initscale":[1.0,1.0,1.0],"offmtx":[[1.9768397407915472e-07,0.999999,0.0,-25.199018],[-1.0,1.976841446094113e-07,-6.516833082059748e-07,9.454431619815296e-07],[-6.516830808322993e-07,0.0,0.999999,-3.771245]],"boundingbox":[[-0.868944,3.381732,-5.711118],[-0.868944,3.381732,-5.711118]]},{"name":"bone_02","parent":"bone_00","initpos":[8.493766,-0.342489,1e-06],"initquaternion":[0.0,0.0,0.0,1.0],"initscale":[1.0,1.0,1.0],"offmtx":[[1.6292068494294654e-07,0.0,-0.999999,1.449854],[-1.6292068494294654e-07,0.999999,-0.0,-18.800916],[1.0,1.6292067073209182e-07,1.6292067073209182e-07,-3e-06]],"boundingbox":[[-0.009862,-3.820605,-4.231724],[6.790547,3.829169,4.268275]]},{"name":"bone_03","parent":"bone_02","initpos":[3.790538,1.319101,1e-06],"initquaternion":[-0.0,0.0,-0.085504,0.996337],"initscale":[0.999999,0.999999,1.0],"offmtx":[[-2.202024802500091e-07,-0.170382,-0.985378,1.12163],[-2.7571999794417934e-07,0.985378,-0.170382,-20.224636],[1.0,2.3416987460223027e-07,-2.6396040198051196e-07,-6e-06]],"boundingbox":[[-0.067861,-4.713129,-5.111902],[9.7037,4.66824,5.088102]]},{"name":"bone_09","parent":"bone_03","initpos":[9.63432,-0.696243,5.205999],"initquaternion":[0.26536,0.007577,0.964081,-0.008538],"initscale":[0.999999,0.999999,0.999999],"offmtx":[[0.511787,0.134101,0.848581,4.891193],[0.010079,-0.988611,0.150152,19.296449],[0.859053,-0.068292,-0.50731,-9.200531]],"boundingbox":[[-0.026633,-3.179617,-0.300249],[11.659144,3.369065,0.301651]]},{"name":"bone_05","parent":"bone_03","initpos":[5.3331,2.844909,1e-06],"initquaternion":[2.421515432615706e-07,0.0,0.84248,0.538727],"initscale":[0.999999,0.999999,1.0],"offmtx":[[1.6794597001990041e-07,0.965944,0.258749,-19.174106],[7.049768555589253e-07,-0.258749,0.965944,13.501628],[1.0,0.0,-7.244243533932604e-07,-7e-06]],"boundingbox":[[0.005543,-2.511748,-2.562221],[10.205834,2.588987,2.537784]]},{"name":"bone_06","parent":"bone_05","initpos":[8.931026,-0.017502,-3e-06],"initquaternion":[-1.1486215356626417e-07,0.0,-0.217256,0.976114],"initscale":[0.999999,0.999999,1.0],"offmtx":[[-1.4691391925225616e-07,0.984502,-0.175367,-31.185918],[4.743123724892939e-07,0.175367,0.984502,0.322529],[1.0,0.0,-4.927259169562603e-07,-3e-06]],"boundingbox":[[-0.135247,-2.954526,-19.646955],[7.895599,13.020807,19.585336]]},{"name":"bone_10","parent":"bone_06","initpos":[1.986383,-2.52996,-0.0],"initquaternion":[-1.2038640306855086e-07,-0.0,-0.79579,0.605571],"initscale":[1.0,1.0,1.0],"offmtx":[[-1.1543004063696571e-07,-0.431456,-0.902133,6.093318],[-2.6803348873727373e-07,0.902133,-0.431456,-32.732391],[1.0,1.9199890743948345e-07,-2.1977821518248675e-07,-5e-06]],"boundingbox":[[-0.023741,-1.313969,-2.124997],[3.401019,1.269117,2.125003]]},{"name":"bone_07","parent":"bone_06","initpos":[4.939455,-2.831481,3e-06],"initquaternion":[-2.2572744740045891e-07,1.1633255780907348e-07,0.67685,0.73612],"initscale":[1.0,1.0,1.0],"offmtx":[[-0.0,0.257199,0.966358,0.117572],[0.0,-0.966358,0.257199,36.262603],[1.0,0.0,0.0,-9.903994850901654e-07]],"boundingbox":[[-0.004013,-0.219773,-2.754467],[7.744315,0.218212,2.754466]]},{"name":"bone_08","parent":"bone_03","initpos":[9.634324,-0.696243,-5.205583],"initquaternion":[-0.26536,-0.007577,0.964081,-0.008538],"initscale":[0.999999,0.999999,0.999999],"offmtx":[[-0.511787,0.134101,0.848581,4.891411],[-0.010079,-0.988611,0.150151,19.296447],[0.859053,0.068292,0.50731,9.200181]],"boundingbox":[[-0.026417,-3.179615,-0.302006],[11.65936,3.369067,0.299894]]},{"name":"bone_21","parent":"bone_03","initpos":[4.298866,1.852121,4.093996],"initquaternion":[1.823849089532814e-07,-1.535550637754568e-07,-0.644056,0.764977],"initscale":[0.999999,0.999999,1.0],"offmtx":[[2.4573699874963495e-07,-0.999999,0.0,21.212608],[2.128767278009036e-07,0.0,-0.999999,-6.892263],[1.0,2.457369703279255e-07,2.128767135900489e-07,-4.093999]],"boundingbox":[[-0.004202,-2.341409,-1.691944],[7.645647,2.333423,1.707979]]},{"name":"bone_23","parent":"bone_21","initpos":[6.637698,-0.002429,-0.003884],"initquaternion":[1.5e-05,0.0,0.0,1.0],"initscale":[1.0,1.0,1.0],"offmtx":[[2.457369703279255e-07,-0.999999,0.0,14.574909],[3.1e-05,0.0,-0.999999,-6.88996],[1.0,2.457369703279255e-07,3.1e-05,-4.089901]],"boundingbox":[[-0.004841,-1.294205,-1.301443],[6.794752,1.297979,1.291286]]},{"name":"bone_25","parent":"bone_23","initpos":[6.317956,-0.181178,-0.02952],"initquaternion":[-1.5e-05,1e-06,0.086514,0.99625],"initscale":[0.999999,0.999999,1.0],"offmtx":[[3.649719246823224e-07,-0.98503,-0.172379,6.976912],[-1.838201910686621e-07,0.17238,-0.98503,-8.031562],[1.0,3.911954422619601e-07,-1.1815462386266518e-07,-4.060591]],"boundingbox":[[0.004388,-0.862502,-0.848359],[5.956521,0.838964,0.879755]]},{"name":"bone_27","parent":"bone_25","initpos":[5.593887,0.211248,0.034211],"initquaternion":[-0.704461,0.061175,-0.061174,0.70445],"initscale":[1.0,0.999999,0.999999],"offmtx":[[3.041379272872291e-07,-1.0,0.0,2.783218],[-1.0,-3.041378420221008e-07,1.5e-05,4.094925],[-1.5e-05,-0.0,-1.0,-7.880951]],"boundingbox":[[-0.285488,-1.19637,-3.927032],[2.775468,1.225001,1.287394]]},{"name":"bone_20","parent":"bone_03","initpos":[4.298869,1.852121,-4.093698],"initquaternion":[-0.0,0.0,-0.644056,0.764977],"initscale":[0.999999,0.999999,1.0],"offmtx":[[1.475017512575505e-07,-0.999999,0.0,21.212608],[-3.5138322118655196e-07,-0.0,-0.999999,-6.892264],[1.0,1.4750173704669578e-07,-3.5138319276484253e-07,4.093692]],"boundingbox":[[-0.004203,-2.34141,-1.708279],[7.645645,2.333423,1.691645]]},{"name":"bone_22","parent":"bone_20","initpos":[6.637694,-0.002429,0.003883],"initquaternion":[-1.5e-05,0.0,0.0,1.0],"initscale":[1.0,1.0,1.0],"offmtx":[[1.475017512575505e-07,-0.999999,0.0,14.574913],[-3.1e-05,-0.0,-0.999999,-6.889962],[1.0,1.4750173704669578e-07,-3.1e-05,4.089593]],"boundingbox":[[-0.00484,-1.294206,-1.291587],[6.794754,1.29798,1.301142]]},{"name":"bone_24","parent":"bone_22","initpos":[6.317958,-0.181178,0.029521],"initquaternion":[1.5e-05,-1e-06,0.086514,0.99625],"initscale":[0.999999,0.999999,1.0],"offmtx":[[0.0,-0.98503,-0.17238,6.976913],[-5.565111109717691e-07,0.17238,-0.98503,-8.031566],[1.0,1.8606414187161135e-07,-5.324071707946132e-07,4.06028]],"boundingbox":[[0.004388,-0.862504,-0.880059],[5.956521,0.838963,0.848055]]},{"name":"bone_26","parent":"bone_24","initpos":[5.593886,0.211248,-0.034212],"initquaternion":[0.704461,-0.061175,-0.061174,0.704449],"initscale":[0.999999,1.0,0.999999],"offmtx":[[1.7870269175546127e-07,-0.999999,0.0,2.78322],[1.0,1.7870267754460656e-07,1.6e-05,4.094624],[-1.6e-05,-0.0,0.999999,7.88095]],"boundingbox":[[-0.285488,-1.196675,-1.287392],[2.775467,1.224697,3.927035]]},{"name":"bone_13","parent":"bone_01","initpos":[-0.002635,1.731155,3.451004],"initquaternion":[3.371747254732327e-07,0.0,-0.707106,0.707106],"initscale":[1.0,1.0,1.0],"offmtx":[[4.439449412529939e-07,-0.999999,0.0,20.679246],[3.139163311516313e-07,0.0,-0.999999,9.327493],[1.0,4.4394491283128446e-07,3.139163027299219e-07,-3.451016]],"boundingbox":[[-0.017706,-2.923274,-1.762908],[7.632267,3.026729,1.637097]]},{"name":"bone_15","parent":"bone_13","initpos":[6.065478,0.826175,-0.237346],"initquaternion":[-0.0,-0.0,-0.300121,0.953901],"initscale":[0.999999,0.999999,1.0],"offmtx":[[-3.756776436603104e-07,-0.819854,0.572571,7.113553],[0.0,-0.572571,-0.819854,15.33727],[1.0,-2.635545399698458e-07,2.787443236229592e-07,-3.213654]],"boundingbox":[[-0.009849,-2.151847,-1.712946],[5.945586,2.105407,1.687056]]},{"name":"bone_17","parent":"bone_15","initpos":[4.41081,-0.892513,0.04943],"initquaternion":[-2.7751221409744176e-07,-0.0,0.380892,0.924619],"initscale":[0.999999,0.999999,1.0],"offmtx":[[-2.994179055804125e-07,-0.985264,-0.171038,13.350155],[-2.4453942160107545e-07,0.171038,-0.985264,9.616878],[1.0,-2.531800475935597e-07,-2.921478596817906e-07,-3.263078]],"boundingbox":[[0.040789,-0.865092,-0.849229],[9.469318,0.860074,0.851174]]},{"name":"bone_19","parent":"bone_17","initpos":[8.96664,0.122698,0.426935],"initquaternion":[4.7507725753348495e-07,-0.0,-0.085835,0.996309],"initscale":[0.999999,0.999999,1.0],"offmtx":[[6.751199634891236e-07,-1.0,0.0,2.695052],[6.615207439608639e-07,0.0,-0.999999,10.104022],[1.0,6.751197361154482e-07,6.61520687117445e-07,-3.690026]],"boundingbox":[[-1.600441,-5.041158,-1.503397],[2.684512,1.12012,0.848087]]}],"boundingbox":[[-19.646953,0.00775,-12.460068],[19.585338,40.571651,17.219926]]}