{
  "skeleton": [
    {
      "name": "root",
      "parent": "root",
      "initpos": [
        0,
        0,
        0
      ],
      "initquaternion": [
        0.707106,
        0,
        0,
        0.707106
      ],
      "initscale": [
        1,
        0.999999,
        0.999999
      ],
      "offmtx": [
        [
          1,
          0,
          0,
          0
        ],
        [
          0,
          1,
          0,
          0
        ],
        [
          0,
          0,
          1,
          0
        ]
      ],
      "boundingbox": [
        [
          0,
          0,
          0
        ],
        [
          0,
          0,
          0
        ]
      ]
    },
    {
      "name": "Bone001",
      "parent": "root",
      "initpos": [
        0,
        0,
        4.828817
      ],
      "initquaternion": [
        0,
        0.707106,
        0,
        0.707106
      ],
      "initscale": [
        1,
        1,
        1
      ],
      "offmtx": [
        [
          3.1391647326017846e-7,
          0.999999,
          0,
          4.828817
        ],
        [
          -1.7624294912366167e-7,
          0,
          0.999999,
          0
        ],
        [
          1,
          -3.1391644483846903e-7,
          1.7624293491280696e-7,
          -0.000001
        ]
      ],
      "boundingbox": [
        [
          -0.197317,
          -2.242812,
          -0.91955
        ],
        [
          25.932851,
          0.948807,
          0.919682
        ]
      ]
    },
    {
      "name": "Bone002",
      "parent": "Bone001",
      "initpos": [
        7.748445,
        2.453762,
        4.76837158203125e-7
      ],
      "initquaternion": [
        2.519889790164598e-7,
        -1.341997233339498e-7,
        -0.329378,
        0.944198
      ],
      "initscale": [
        1,
        1,
        1
      ],
      "offmtx": [
        [
          1.9704825149347016e-7,
          0.783019,
          -0.621996,
          -0.759893
        ],
        [
          4.262605841631739e-7,
          0.621996,
          0.783019,
          -3.737344
        ],
        [
          1,
          -4.194253051537089e-7,
          -2.1120717974554282e-7,
          0.000001
        ]
      ],
      "boundingbox": [
        [
          -1.217163,
          -4.954759,
          -1.958882
        ],
        [
          7.122824,
          2.215215,
          1.958886
        ]
      ]
    },
    {
      "name": "Bone003",
      "parent": "Bone002",
      "initpos": [
        3.646519,
        -1.621459,
        4.76837158203125e-7
      ],
      "initquaternion": [
        0,
        0,
        -0.123191,
        0.992382
      ],
      "initscale": [
        1,
        1,
        1
      ],
      "offmtx": [
        [
          0,
          0.607171,
          -0.79457,
          -3.755323
        ],
        [
          3.128955938791478e-7,
          0.79457,
          0.607171,
          -3.129056
        ],
        [
          1,
          -3.013470006862917e-7,
          -1.209775177812844e-7,
          7.565758437522163e-7
        ]
      ],
      "boundingbox": [
        [
          0.014262,
          -0.598887,
          -1.871706
        ],
        [
          3.012735,
          0.576139,
          1.871841
        ]
      ]
    },
    {
      "name": "Bone004",
      "parent": "Bone002",
      "initpos": [
        3.133547,
        1.77875,
        0
      ],
      "initquaternion": [
        -1.6807273084396002e-7,
        1.6910048827867286e-7,
        0.704948,
        0.709258
      ],
      "initscale": [
        0.999999,
        0.999999,
        1
      ],
      "offmtx": [
        [
          0,
          0.626758,
          0.779213,
          -5.539728
        ],
        [
          -1.9444604504315066e-7,
          -0.779213,
          0.626758,
          3.859741
        ],
        [
          1,
          -1.2056356979428529e-7,
          1.6035080818710412e-7,
          -9.43137649755954e-7
        ]
      ],
      "boundingbox": [
        [
          0.391506,
          -1.10393,
          -0.459741
        ],
        [
          1.349164,
          0.744464,
          0.459876
        ]
      ]
    },
    {
      "name": "Bone006",
      "parent": "Bone002",
      "initpos": [
        0.989347,
        1.723602,
        0
      ],
      "initquaternion": [
        0,
        2.2360718787695077e-7,
        0.937876,
        0.346969
      ],
      "initscale": [
        1,
        1,
        1
      ],
      "offmtx": [
        [
          1.2781877956058452e-7,
          -0.189674,
          0.981846,
          -2.226074
        ],
        [
          0,
          -0.981846,
          -0.189674,
          5.28454
        ],
        [
          1,
          0,
          -1.207632465138886e-7,
          -8.214544777729316e-7
        ]
      ],
      "boundingbox": [
        [
          -0.440819,
          -1.307766,
          -0.459742
        ],
        [
          2.063531,
          1.055509,
          0.459876
        ]
      ]
    },
    {
      "name": "Bone008",
      "parent": "Bone002",
      "initpos": [
        0.567457,
        -0.278916,
        -4.76837158203125e-7
      ],
      "initquaternion": [
        0,
        1.521835173434738e-7,
        0.997799,
        -0.066297
      ],
      "initscale": [
        0.999999,
        0.999999,
        1
      ],
      "offmtx": [
        [
          -2.0586004723099904e-7,
          -0.858429,
          0.512932,
          1.773245
        ],
        [
          0,
          -0.512932,
          -0.858429,
          3.252413
        ],
        [
          1,
          -2.2516343278766726e-7,
          0,
          0.000001
        ]
      ],
      "boundingbox": [
        [
          -0.014712,
          -0.781919,
          -0.45974
        ],
        [
          2.666405,
          0.950908,
          0.459876
        ]
      ]
    },
    {
      "name": "Bone010",
      "parent": "Bone001",
      "initpos": [
        7.476043,
        -0.673544,
        -2.163977
      ],
      "initquaternion": [
        0.5,
        0.499999,
        0.5,
        -0.499999
      ],
      "initscale": [
        1,
        1,
        1
      ],
      "offmtx": [
        [
          1,
          0,
          1.7624293491280696e-7,
          2.163977
        ],
        [
          0,
          0.999999,
          -5.046552473686461e-7,
          -2.647226
        ],
        [
          -1.7624302017793525e-7,
          5.046552473686461e-7,
          0.999999,
          0.67354
        ]
      ],
      "boundingbox": [
        [
          -0.158294,
          -1.354174,
          -1.355809
        ],
        [
          5.565348,
          1.057797,
          0.943233
        ]
      ]
    }
  ],
  "boundingbox": [
    [
      -2.322272,
      -5.026134,
      -3.825939
    ],
    [
      3.40137,
      21.104034,
      5.209998
    ]
  ]
}
