{"skeleton":[{"name":"root","parent":"root","initpos":[0.0,0.0,-0.0],"initquaternion":[0.707106,0.0,0.0,0.707106],"initscale":[1.0,0.999999,0.999999],"offmtx":[[1.0,0.0,0.0,0.0],[0.0,1.0,0.0,0.0],[0.0,0.0,1.0,0.0]],"boundingbox":[[0.0,0.0,0.0],[0.0,0.0,0.0]]},{"name":"Bone008","parent":"root","initpos":[-6.288182,-0.0,-24.697366],"initquaternion":[-0.499999,-0.5,-0.499999,0.5],"initscale":[1.0,1.0,1.0],"offmtx":[[0.0,-0.999999,0.0,24.697366],[1.0,0.0,3e-06,6.288181],[-3e-06,-0.0,0.999999,-2e-05]],"boundingbox":[[-0.047934,-2.181855,-2.539796],[5.031665,2.591761,2.539808]]},{"name":"Bone011","parent":"Bone008","initpos":[1.690397,-1.152792,-1.595632],"initquaternion":[5.913344125474396e-07,1e-06,0.890617,-0.454752],"initscale":[0.999999,1.0,0.999999],"offmtx":[[-0.810021,0.586399,-5.859382099515642e-07,-19.518623],[-0.586399,-0.810021,-5.711872290703468e-07,14.272771],[-8.095668135865708e-07,-1.1908046104736059e-07,0.999999,1.595632]],"boundingbox":[[-0.004249,-0.54099,-0.29136],[3.01722,0.322272,0.422641]]},{"name":"Bone012","parent":"Bone011","initpos":[2.569286,0.148161,-1.1920928955078125e-07],"initquaternion":[-0.0,0.0,-0.454752,0.890617],"initscale":[1.0,0.999999,0.999999],"offmtx":[[8.429186664216104e-07,0.999999,0.0,-24.393575],[-1.0,8.429186095781915e-07,-9.531867704026808e-07,-9.609051],[-9.531868272460997e-07,0.0,0.999999,1.595628]],"boundingbox":[[0.004916,-0.516798,-0.342359],[2.248916,0.401203,0.371642]]},{"name":"Bone009","parent":"Bone008","initpos":[1.690399,-1.152786,1e-06],"initquaternion":[5.913344125474396e-07,1e-06,0.890617,-0.454752],"initscale":[0.999999,1.0,0.999999],"offmtx":[[-0.810021,0.586399,-5.859382099515642e-07,-19.518621],[-0.586399,-0.810021,-5.711872290703468e-07,14.272769],[-8.095668135865708e-07,-1.1908046104736059e-07,0.999999,-1e-06]],"boundingbox":[[-0.00746,-0.540992,-0.356995],[3.01722,0.526242,0.357007]]},{"name":"Bone010","parent":"Bone009","initpos":[2.569284,0.148159,-0.0],"initquaternion":[-0.0,0.0,-0.454752,0.890617],"initscale":[1.0,0.999999,0.999999],"offmtx":[[8.429186664216104e-07,0.999999,0.0,-24.393573],[-1.0,8.429186095781915e-07,-9.531867704026808e-07,-9.609049],[-9.531868272460997e-07,0.0,0.999999,-5e-06]],"boundingbox":[[0.004918,-0.516798,-0.407993],[2.503919,0.503203,0.408007]]},{"name":"Bone013","parent":"Bone008","initpos":[1.690397,-1.152781,1.532994],"initquaternion":[5.913344125474396e-07,1e-06,0.890617,-0.454752],"initscale":[0.999999,1.0,0.999999],"offmtx":[[-0.810021,0.586399,-5.859382099515642e-07,-19.518621],[-0.586399,-0.810021,-5.711872290703468e-07,14.272771],[-8.095668135865708e-07,-1.1908046104736059e-07,0.999999,-1.532994]],"boundingbox":[[-0.00425,-0.540991,-0.359988],[3.01722,0.322271,0.354013]]},{"name":"Bone014","parent":"Bone013","initpos":[2.569284,0.148162,1.1920928955078125e-07],"initquaternion":[-0.0,0.0,-0.454752,0.890617],"initscale":[1.0,0.999999,0.999999],"offmtx":[[8.429186664216104e-07,0.999999,0.0,-24.393575],[-1.0,8.429186095781915e-07,-9.531867704026808e-07,-9.609047],[-9.531868272460997e-07,0.0,0.999999,-1.532999]],"boundingbox":[[0.004916,-0.516798,-0.308987],[2.248916,0.401204,0.405014]]}],"boundingbox":[[-10.18057,19.6657,-2.5398],[-3.696429,26.897499,2.539799]]}