{"skeleton":[{"name":"root","parent":"root","initpos":[0.0,0.0,-0.0],"initquaternion":[0.707106,0.0,0.0,0.707106],"initscale":[1.0,0.999999,0.999999],"offmtx":[[1.0,0.0,0.0,0.0],[0.0,1.0,0.0,0.0],[0.0,0.0,1.0,0.0]],"boundingbox":[[0.0,0.0,0.0],[0.0,0.0,0.0]]},{"name":"Bone001","parent":"root","initpos":[-0.070847,5.236877314018784e-07,-12.197314],"initquaternion":[-0.499999,0.5,0.499999,0.5],"initscale":[1.0,0.999999,0.999999],"offmtx":[[1.0,0.0,0.0,0.0],[0.0,1.0,0.0,0.0],[0.0,0.0,1.0,0.0]],"boundingbox":[[0.0,0.0,0.0],[0.0,0.0,0.0]]},{"name":"Bone062","parent":"Bone001","initpos":[0.039889,-0.070846,9.5367431640625e-07],"initquaternion":[0.707105,-1.6858506057815248e-07,1.6858439266798086e-07,0.707108],"initscale":[1.0,0.999999,0.999999],"offmtx":[[4.910000370728085e-07,0.999999,0.0,-12.237203],[-5.285057795845205e-07,0.0,0.999999,-1.835763896451681e-07],[1.0,-4.909999802293896e-07,5.285057227411016e-07,6e-06]],"boundingbox":[[1.174414,1.397954,-3.059856],[3.750717,2.546726,3.123266]]},{"name":"Bone055","parent":"Bone062","initpos":[1.919695,1.798575,-0.0],"initquaternion":[0.0,-1.7773673732790485e-07,0.957906,0.287079],"initscale":[1.0,1.0,1.0],"offmtx":[[-0.0,-0.835171,0.54999,10.834232],[1.8290697312295379e-07,-0.54999,-0.835171,9.288277],[1.0,0.0,1.7580168787389994e-07,1.7621563586089906e-07]],"boundingbox":[[0.00989,-1.818428,-1.963632],[4.011519,1.036145,2.027049]]},{"name":"Bone056","parent":"Bone055","initpos":[2.789035,0.521751,-9.5367431640625e-07],"initquaternion":[-0.0,0.0,-0.103081,0.994672],"initscale":[0.999999,0.999999,1.0],"offmtx":[[-1.65329737455977e-07,-0.704638,0.709566,6.076515],[0.0,-0.709566,-0.704638,10.230012],[1.0,-0.0,1.7537588803406834e-07,2e-06]],"boundingbox":[[-0.00247,-1.838833,-2.033423],[4.442096,1.244239,2.096841]]},{"name":"Bone057","parent":"Bone056","initpos":[3.436478,0.251786,-0.0],"initquaternion":[-0.0,0.0,-0.116052,0.993243],"initscale":[1.0,1.0,1.0],"offmtx":[[-2.667661362920626e-07,-0.522076,0.852898,0.268574],[-0.0,-0.852898,-0.522076,10.318075],[1.0,-1.782322414101145e-07,2.0367625097605924e-07,3e-06]],"boundingbox":[[-0.005777,-1.592178,-1.378216],[4.002627,1.341895,1.441635]]},{"name":"Bone058","parent":"Bone057","initpos":[3.214825,0.209705,-0.0],"initquaternion":[-0.0,0.0,-0.098758,0.995111],"initscale":[0.999999,0.999999,1.0],"offmtx":[[-2.5220842303497193e-07,-0.344254,0.938876,-4.875593],[-2.7220485776524583e-07,-0.938876,-0.344254,9.332101],[1.0,-3.423905639010627e-07,1.4308464812984312e-07,5e-06]],"boundingbox":[[0.005512,-2.252078,-1.256442],[4.19484,1.714568,1.31986]]},{"name":"Bone059","parent":"Bone058","initpos":[4.128307,-9.5367431640625e-07,3.3884771255543455e-07],"initquaternion":[-0.0,-0.0,-0.00797,0.999968],"initscale":[0.999999,0.999999,1.0],"offmtx":[[-1.6545101289011654e-07,-0.329244,0.944244,-9.151516],[-2.9306048077160085e-07,-0.944244,-0.329244,9.187385],[1.0,-3.311945420136908e-07,0.0,5e-06]],"boundingbox":[[0.004106,-0.495622,-0.741182],[2.607561,1.095852,0.804601]]},{"name":"Bone060","parent":"Bone059","initpos":[3.117377,0.040845,-0.0],"initquaternion":[-0.0,-0.0,0.00997,0.99995],"initscale":[1.0,1.0,1.0],"offmtx":[[-1.7129643481439416e-07,-0.348008,0.937491,-12.08407],[-4.645358160360047e-07,-0.937491,-0.348008,9.389374],[1.0,-4.951107825945655e-07,-0.0,7e-06]],"boundingbox":[[-2.640782,-2.703098,-0.228797],[3.139794,3.019099,0.286467]]},{"name":"Bone063","parent":"Bone001","initpos":[7.408078,-0.070848,-0.064599],"initquaternion":[0.707105,-1.4610904486289655e-07,0.0,0.707107],"initscale":[1.0,1.0,1.0],"offmtx":[[1.0,0.0,0.0,0.0],[0.0,1.0,0.0,0.0],[0.0,0.0,1.0,0.0]],"boundingbox":[[0.0,0.0,0.0],[0.0,0.0,0.0]]},{"name":"Bone071","parent":"Bone063","initpos":[-0.504396,2.979202,2.513],"initquaternion":[0.434243,-0.079651,0.228638,0.867647],"initscale":[0.999999,0.999999,0.999999],"offmtx":[[0.336788,0.882759,0.327579,-18.662706],[0.717117,-0.465932,0.518314,5.586976],[0.610177,0.06035,-0.789963,-0.383703]],"boundingbox":[[-0.141426,-2.314549,-0.803184],[14.880171,2.741093,0.774224]]},{"name":"Bone074","parent":"Bone071","initpos":[13.434911,0.45071,-0.225982],"initquaternion":[-0.020173,0.003843,0.694311,0.719381],"initscale":[0.999999,0.999999,0.999999],"offmtx":[[0.707854,-0.435763,0.555925,3.985232],[-0.325807,-0.899729,-0.290408,32.252639],[0.626731,0.024442,-0.778851,0.740555]],"boundingbox":[[-0.245215,-0.492942,-0.505468],[16.249711,6.165213,0.609196]]},{"name":"Bone073","parent":"Bone071","initpos":[13.267223,0.621525,-0.212326],"initquaternion":[-0.017858,-0.010807,0.889032,0.457367],"initscale":[0.999999,0.999999,1.0],"offmtx":[[0.374443,-0.893285,0.248662,22.594722],[-0.712379,-0.4488,-0.539531,23.073247],[0.593555,0.024881,-0.804408,1.144041]],"boundingbox":[[-0.732373,-3.774704,-0.570545],[16.420307,2.537878,0.530314]]},{"name":"Bone072","parent":"Bone071","initpos":[13.073297,0.36007,-0.192493],"initquaternion":[0.001991,0.022664,0.962586,0.270016],"initscale":[0.999999,0.999999,0.999999],"offmtx":[[0.080038,-0.996784,-0.003688,29.827239],[-0.759574,-0.058594,-0.647775,12.026531],[0.645476,0.054648,-0.761822,-0.478688]],"boundingbox":[[-0.542715,-2.390962,-0.6189],[16.316987,2.321317,0.448279]]},{"name":"Bone064","parent":"Bone063","initpos":[-0.504394,2.979202,-2.512884],"initquaternion":[-0.434243,0.079651,0.228638,0.867647],"initscale":[0.999999,0.999999,1.0],"offmtx":[[-0.336788,0.882759,0.327579,-18.662668],[-0.717117,-0.465932,0.518313,5.58706],[0.610176,-0.06035,0.789963,0.383633]],"boundingbox":[[-0.153923,-2.341144,-0.751597],[14.86768,2.714499,0.825816]]},{"name":"Bone070","parent":"Bone064","initpos":[13.073297,0.360071,0.192491],"initquaternion":[-0.001991,-0.022664,0.962586,0.270016],"initscale":[0.999999,1.0,0.999999],"offmtx":[[-0.080037,-0.996784,-0.003688,29.827253],[0.759574,-0.058593,-0.647775,12.026423],[0.645476,-0.054648,0.761822,0.478599]],"boundingbox":[[-0.545684,-2.362792,-0.424341],[16.314016,2.349484,0.642843]]},{"name":"Bone066","parent":"Bone064","initpos":[13.434911,0.45071,0.225982],"initquaternion":[0.020173,-0.003843,0.694311,0.719381],"initscale":[0.999999,0.999999,0.999999],"offmtx":[[-0.707854,-0.435763,0.555924,3.985316],[0.325807,-0.899729,-0.290408,32.252601],[0.626731,-0.024442,0.778851,-0.740619]],"boundingbox":[[-0.271463,-0.480853,-0.585951],[16.223464,6.177307,0.528713]]},{"name":"Bone068","parent":"Bone064","initpos":[13.267221,0.621525,0.212321],"initquaternion":[0.017858,0.010807,0.889032,0.457367],"initscale":[0.999999,0.999999,0.999999],"offmtx":[[-0.374443,-0.893285,0.248662,22.594776],[0.712379,-0.4488,-0.539531,23.073158],[0.593555,-0.024881,0.804407,-1.144103]],"boundingbox":[[-0.746258,-3.748283,-0.508296],[16.406427,2.564304,0.592562]]}],"boundingbox":[[-19.157634,1.060068,1.10817],[19.194839,32.519573,17.722581]]}