{"skeleton":[{"name":"root","parent":"root","initpos":[0.0,0.0,-0.0],"initquaternion":[0.707106,0.0,0.0,0.707106],"initscale":[1.0,0.999999,0.999999],"offmtx":[[1.0,0.0,0.0,0.0],[0.0,1.0,0.0,0.0],[0.0,0.0,1.0,0.0]],"boundingbox":[[0.0,0.0,0.0],[0.0,0.0,0.0]]},{"name":"Bone002","parent":"root","initpos":[0.0,1.859861,-10.48764],"initquaternion":[-0.5,0.5,-0.5,0.499999],"initscale":[1.0,1.0,1.0],"offmtx":[[1.7934479501491296e-07,0.0,-0.999999,1.859861],[-2.821299744937278e-07,0.999999,-0.0,-10.48764],[1.0,2.8212994607201836e-07,1.7934478080405825e-07,-3e-06]],"boundingbox":[[-19.860277,-10.33057,-11.522925],[42.084171,14.298494,11.522925]]},{"name":"Bone004","parent":"Bone002","initpos":[-12.047216,-0.680584,-1e-06],"initquaternion":[-0.0,-3.258396930050367e-07,0.999994,0.003174],"initscale":[1.0,1.0,1.0],"offmtx":[[1.536757423536983e-07,0.006349,0.999979,-13.969063],[-3.685713636514265e-07,-0.999979,0.006349,9.718562],[1.0,-3.695396344483015e-07,-1.5133255715227278e-07,5e-06]],"boundingbox":[[4.789934,-7.082722,-8.469813],[8.599061,8.010394,8.469815]]},{"name":"Bone003","parent":"Bone004","initpos":[17.975326,-6.645434,1e-06],"initquaternion":[0.999994,0.003174,-0.0,1.9484500057842524e-07],"initscale":[0.999999,0.999999,0.999999],"offmtx":[[1.6213853371027653e-07,0.0,0.999999,-31.839849],[5.443852160169627e-07,0.999999,-0.0,-16.566482],[-1.0,5.443851591735438e-07,1.6213851949942182e-07,-6e-06]],"boundingbox":[[0.014488,-2.061932,-1.982169],[4.130805,2.054265,2.134031]]},{"name":"Bone017","parent":"Bone004","initpos":[-0.158615,-0.090257,-9.5367431640625e-07],"initquaternion":[1.5099506356364145e-07,0.0,0.003174,0.999994],"initscale":[0.999999,0.999999,1.0],"offmtx":[[1.5666147135107167e-07,0.0,0.999999,-13.747894],[-0.0,-0.999999,0.0,9.896305],[1.0,-0.0,-1.5666145714021695e-07,3e-06]],"boundingbox":[[0.064676,-6.222193,-6.764757],[13.442338,6.640947,6.612907]]},{"name":"Bone001","parent":"Bone002","initpos":[12.857151,12.60217,3e-06],"initquaternion":[1.685874053691805e-07,-1.6858739115832577e-07,0.707106,0.707106],"initscale":[0.999999,0.999999,1.0],"offmtx":[[3.677127153878246e-07,0.999999,0.0,-23.089809],[1.554702748762793e-07,-0.0,0.999999,10.997291],[1.0,-3.6771268696611514e-07,-1.5547026066542458e-07,8e-06]],"boundingbox":[[0.021196,-1.387647,-1.412437],[2.846074,1.437309,1.41244]]},{"name":"Bind","parent":"Bone002","initpos":[0.053996,6.241468,1e-06],"initquaternion":[0.499999,0.5,-0.499999,-0.499999],"initscale":[1.0,1.0,1.0],"offmtx":[[1.2842276930769003e-07,0.999999,0.0,-16.729108],[-1.0,1.2842275509683532e-07,-1.266597990934315e-07,-2e-06],[-1.2665981330428622e-07,0.0,0.999999,-1.805864]],"boundingbox":[[-0.980618,2.883784,-3.362131],[-0.980618,2.883784,-3.362131]]},{"name":"Bone016","parent":"Bone002","initpos":[42.453216,5.77201,7e-06],"initquaternion":[-1.0677014472548763e-07,-1.2363443602225743e-07,0.707106,0.707106],"initscale":[1.0,1.0,1.0],"offmtx":[[3.61078804189674e-07,0.999999,0.0,-16.259647],[-1.7037123711816093e-07,0.0,0.999999,40.593353],[1.0,-3.6107877576796454e-07,1.7037122290730622e-07,1.3e-05]],"boundingbox":[[-3.269667,-4.198291,-0.682862],[11.632502,4.225664,0.68286]]},{"name":"Bone015","parent":"Bone002","initpos":[-21.030941,11.093162,-1e-06],"initquaternion":[0.0,-3.258350602663995e-07,0.99998,-0.00621],"initscale":[0.999999,0.999999,1.0],"offmtx":[[1.5896249294655718e-07,-0.012421,0.999922,-22.620979],[-3.715056777764403e-07,-0.999922,-0.012421,21.863468],[1.0,-3.695025156957854e-07,-1.6356474930034892e-07,1.3e-05]],"boundingbox":[[0.031471,-0.253716,-0.637123],[7.418867,0.284296,0.54274]]},{"name":"Bone005","parent":"Bone002","initpos":[17.385639,-2.657093,-18.239887],"initquaternion":[0.0,-3.2584136988589307e-07,1.0,-1.9470719792025193e-07],"initscale":[0.999999,0.999999,1.0],"offmtx":[[1.6722486861908692e-07,0.0,0.999999,15.525776],[-3.6955276527805836e-07,-0.999999,0.0,7.830534],[1.0,-3.6955273685634893e-07,-1.672248544082322e-07,18.239889]],"boundingbox":[[0.001588,-2.874562,-2.825176],[8.227428,2.785224,2.834606]]},{"name":"Bone018","parent":"Bone005","initpos":[3.228662,-0.099576,-1.066089],"initquaternion":[-0.658389,0.257922,0.257922,0.658389],"initscale":[0.999999,0.999999,1.0],"offmtx":[[-0.679252,0.0,0.733904,-4.088725],[-0.733904,1.6463248186937562e-07,-0.679252,-22.521593],[-1.3916803709435044e-07,-0.999999,-0.0,7.930114]],"boundingbox":[[-0.078706,-1.761253,-0.303492],[4.182654,1.497261,0.437545]]},{"name":"Bone019","parent":"Bone005","initpos":[3.228662,-0.099577,0.933908],"initquaternion":[-0.658388,-0.257921,-0.257922,0.658389],"initscale":[0.999999,0.999999,1.0],"offmtx":[[0.679252,0.0,0.733904,20.780038],[-0.733904,0.0,0.679252,-4.348099],[0.0,-0.999999,0.0,7.930119]],"boundingbox":[[-0.015785,-1.56524,-0.303496],[4.245572,1.69327,0.437549]]},{"name":"Bone006","parent":"Bone002","initpos":[17.385631,-2.657102,18.496429],"initquaternion":[-1.9470719792025193e-07,1.0,3.1391647326017846e-07,-0.0],"initscale":[0.999999,0.999999,0.999999],"offmtx":[[2.8297034759816597e-07,0.0,0.999999,15.525769],[2.821299744937278e-07,0.999999,-0.0,-7.830547],[-1.0,2.8212994607201836e-07,2.8297031917645654e-07,18.496429]],"boundingbox":[[0.001589,-2.785218,-2.568637],[8.227427,2.874567,3.091145]]},{"name":"Bone020","parent":"Bone006","initpos":[3.228668,0.099575,1.302408],"initquaternion":[0.658389,-0.257922,0.257922,0.658388],"initscale":[1.0,1.0,1.0],"offmtx":[[-0.679252,0.0,0.733904,20.703981],[-0.733904,2.0473444806157204e-07,-0.679252,4.265929],[-1.625617755962594e-07,-0.999999,-1.257700574797127e-07,7.930118]],"boundingbox":[[-0.091844,-1.775439,-0.303503],[4.169513,1.483074,0.43754]]},{"name":"Bone021","parent":"Bone006","initpos":[3.228668,0.099576,-0.697593],"initquaternion":[0.658389,0.257922,-0.257922,0.658389],"initscale":[0.999999,0.999999,1.0],"offmtx":[[0.679252,0.0,0.733904,-4.012689],[-0.733904,2.421162719201675e-07,0.679252,22.43942],[-1.6256171875284053e-07,-0.999999,1.808038661010869e-07,7.930123]],"boundingbox":[[-0.002664,-1.579431,-0.3035],[4.258698,1.679084,0.437539]]},{"name":"Bone008","parent":"Bone002","initpos":[2.165753,-0.581786,16.26968],"initquaternion":[-1.947072689745255e-07,1.0,3.139165301035973e-07,2.3841852225814364e-07],"initscale":[0.999999,0.999999,0.999999],"offmtx":[[3.989711956364772e-07,0.0,0.999999,0.305887],[2.821300881805655e-07,0.999999,-0.0,-9.905863],[-1.0,2.821300597588561e-07,3.989711672147678e-07,16.269678]],"boundingbox":[[0.007251,-4.922862,-4.127492],[24.369461,2.762775,2.800117]]},{"name":"Bone012","parent":"Bone008","initpos":[23.042861,-1.399051,-0.433496],"initquaternion":[0.693835,-0.136355,0.136355,0.693834],"initscale":[0.999999,0.999999,1.0],"offmtx":[[-0.378433,-1.1208303618559512e-07,0.925628,-14.724936],[-0.925628,1.877016870821535e-07,-0.378433,24.065361],[-1.3132601850429637e-07,-0.999999,-1.747799132090222e-07,8.506808]],"boundingbox":[[0.03795,-2.135595,-1.531206],[6.299943,2.612731,1.55595]]},{"name":"Bone014","parent":"Bone012","initpos":[5.091499,-1.042396,-0.117515],"initquaternion":[0.728492,-0.515238,-0.21337,-0.39787],"initscale":[1.0,0.999999,1.0],"offmtx":[[0.394654,0.720873,0.569727,-28.293035],[0.489461,0.359817,-0.794329,11.309625],[-0.777609,0.592344,-0.210836,13.002558]],"boundingbox":[[-0.271266,-0.638099,-1.955545],[13.291395,0.137029,2.039113]]},{"name":"Bone010","parent":"Bone008","initpos":[19.565629,-1.001316,-1.858589],"initquaternion":[0.6717,0.22095,-0.22095,0.671699],"initscale":[1.0,1.0,1.0],"offmtx":[[0.593649,-2.087391948180084e-07,0.804723,-26.260593],[-0.804723,0.0,0.593649,3.154723],[-1.510238973878586e-07,-0.999999,-1.479812112847867e-07,8.904544]],"boundingbox":[[-0.332057,-2.147917,-0.119319],[13.868709,3.347101,0.137205]]},{"name":"Bone007","parent":"Bone002","initpos":[2.165758,-0.581775,-16.013145],"initquaternion":[0.0,-1.6292067073209182e-07,1.0,-3.1391647326017846e-07],"initscale":[0.999999,0.999999,1.0],"offmtx":[[4.5727358610747615e-07,0.0,0.999999,0.305901],[-0.0,-0.999999,0.0,9.905858],[1.0,-0.0,-4.572735576857667e-07,16.013145]],"boundingbox":[[0.00725,-2.762769,-4.353361],[24.369459,4.922868,2.543567]]},{"name":"Bone011","parent":"Bone007","initpos":[23.04286,1.399055,-0.433494],"initquaternion":[-0.693835,-0.136355,-0.136355,0.693834],"initscale":[0.999999,0.999999,1.0],"offmtx":[[0.378433,-3.7515829376388865e-07,0.925628,-14.822019],[-0.925628,0.0,0.378433,-23.827911],[-1.9451549349014385e-07,-0.999999,-3.2577545994172397e-07,8.506801]],"boundingbox":[[-0.059129,-2.37528,-1.531209],[6.202863,2.373044,1.555946]]},{"name":"Bone013","parent":"Bone011","initpos":[5.0915,1.042392,-0.117521],"initquaternion":[0.728493,0.515238,-0.21337,0.397869],"initscale":[1.0,0.999999,0.999999],"offmtx":[[-0.394654,0.720873,0.569727,-28.191799],[0.489461,-0.359817,0.794328,-11.435166],[0.777608,0.592344,-0.210836,12.803058]],"boundingbox":[[-0.170024,-0.262598,-2.155031],[13.392631,0.512542,1.839624]]},{"name":"Bone009","parent":"Bone007","initpos":[19.565631,1.001317,-1.858592],"initquaternion":[-0.6717,0.22095,0.22095,0.6717],"initscale":[1.0,0.999999,0.999999],"offmtx":[[-0.593649,-2.8582502409335575e-07,0.804723,-26.108312],[-0.804724,3.088846369792009e-07,-0.593649,-2.948287],[-0.0,-0.999999,-4.1337943912367336e-07,8.904541]],"boundingbox":[[-0.054313,-2.970599,-0.119316],[14.146459,2.524421,0.137204]]}],"boundingbox":[[-27.915124,0.157073,-44.791645],[27.703792,27.892143,35.970657]]}