{
  "skeleton": [
    {
      "name": "root",
      "parent": "root",
      "initpos": [
        0,
        0,
        0
      ],
      "initquaternion": [
        0.707106,
        0,
        0,
        0.707106
      ],
      "initscale": [
        1,
        0.999999,
        0.999999
      ],
      "offmtx": [
        [
          1,
          0,
          0,
          0
        ],
        [
          0,
          1,
          0,
          0
        ],
        [
          0,
          0,
          1,
          0
        ]
      ],
      "boundingbox": [
        [
          0,
          0,
          0
        ],
        [
          0,
          0,
          0
        ]
      ]
    },
    {
      "name": "Bone028",
      "parent": "root",
      "initpos": [
        -6.182647,
        -0.000076,
        -24.434585
      ],
      "initquaternion": [
        -0.499999,
        -0.499947,
        -0.499999,
        0.500052
      ],
      "initscale": [
        0.999999,
        0.999999,
        0.999999
      ],
      "offmtx": [
        [
          -0.000148,
          -0.999999,
          -6.208527452145063e-7,
          24.433662
        ],
        [
          1,
          -0.000148,
          -0.0002,
          6.186287
        ],
        [
          0.0002,
          -6.5073697896878e-7,
          0.999999,
          0.001332
        ]
      ],
      "boundingbox": [
        [
          7.908432,
          -1.963389,
          -2.273796
        ],
        [
          12.602982,
          2.471884,
          2.147482
        ]
      ]
    },
    {
      "name": "Bone029",
      "parent": "Bone028",
      "initpos": [
        0.650257,
        -0.802886,
        -2.824822
      ],
      "initquaternion": [
        0.090067,
        0.427888,
        0.750839,
        -0.495013
      ],
      "initscale": [
        1,
        1,
        1
      ],
      "offmtx": [
        [
          -0.666087,
          0.493797,
          0.559008,
          -14.819074
        ],
        [
          -0.143756,
          -0.820408,
          0.55341,
          20.071893
        ],
        [
          0.731888,
          0.288259,
          0.61745,
          0.001168
        ]
      ],
      "boundingbox": [
        [
          -1.677872,
          -0.299705,
          -1.587613
        ],
        [
          2.546347,
          0.152986,
          1.625658
        ]
      ]
    },
    {
      "name": "Bone030",
      "parent": "Bone029",
      "initpos": [
        1.28635,
        -0.000688,
        1.055622
      ],
      "initquaternion": [
        -0.005218,
        -0.202046,
        -0.009966,
        0.979311
      ],
      "initscale": [
        0.999999,
        0.999999,
        0.999999
      ],
      "offmtx": [
        [
          -0.31936,
          0.581772,
          0.74803,
          -15.554197
        ],
        [
          -0.162659,
          -0.811305,
          0.561538,
          19.725671
        ],
        [
          0.933568,
          0.057658,
          0.353729,
          5.689454
        ]
      ],
      "boundingbox": [
        [
          -0.018642,
          -0.232244,
          -1.639595
        ],
        [
          3.995451,
          0.120694,
          1.608082
        ]
      ]
    },
    {
      "name": "Bone031",
      "parent": "Bone030",
      "initpos": [
        4.115918,
        0.130115,
        -0.977247
      ],
      "initquaternion": [
        -0.040125,
        -0.387553,
        -0.054129,
        0.919381
      ],
      "initscale": [
        0.999999,
        0.999999,
        0.999999
      ],
      "offmtx": [
        [
          0.45891,
          0.500458,
          0.734127,
          -10.207179
        ],
        [
          -0.232611,
          -0.729775,
          0.642899,
          16.635915
        ],
        [
          0.857492,
          -0.465799,
          -0.218488,
          20.842367
        ]
      ],
      "boundingbox": [
        [
          -0.046384,
          -0.27544,
          -0.98526
        ],
        [
          4.266117,
          0.120117,
          0.987632
        ]
      ]
    },
    {
      "name": "Bone032",
      "parent": "Bone028",
      "initpos": [
        7.621858,
        -2.165928,
        -2.175893
      ],
      "initquaternion": [
        -2.3817575822704384e-7,
        -0.000003,
        1,
        -0.000074
      ],
      "initscale": [
        0.999999,
        0.999999,
        1
      ],
      "offmtx": [
        [
          2.075958462910421e-7,
          0.999999,
          0,
          -16.813043
        ],
        [
          -1,
          2.075958320801874e-7,
          -0.000005,
          -8.34973
        ],
        [
          -0.000005,
          0,
          0.999999,
          2.175925
        ]
      ],
      "boundingbox": [
        [
          0.119388,
          -0.188385,
          0.003143
        ],
        [
          0.521503,
          0.212843,
          0.023145
        ]
      ]
    },
    {
      "name": "Bone033",
      "parent": "Bone028",
      "initpos": [
        10.906875,
        -2.164908,
        -2.180757
      ],
      "initquaternion": [
        0.170674,
        0.459633,
        0.820219,
        -0.294699
      ],
      "initscale": [
        1,
        1,
        1
      ],
      "offmtx": [
        [
          -0.326426,
          0.768093,
          0.550888,
          -11.914784
        ],
        [
          -0.403873,
          -0.640271,
          0.653405,
          6.714567
        ],
        [
          0.854594,
          -0.0092,
          0.519214,
          8.391954
        ]
      ],
      "boundingbox": [
        [
          -0.035863,
          -0.58673,
          -0.213303
        ],
        [
          3.351058,
          0.880392,
          0.281329
        ]
      ]
    },
    {
      "name": "Bone034",
      "parent": "Bone028",
      "initpos": [
        10.952865,
        0.76098,
        -2.230194
      ],
      "initquaternion": [
        -1.0857808518949241e-7,
        -6.740486924172728e-7,
        0.980657,
        -0.195732
      ],
      "initscale": [
        1,
        1,
        1
      ],
      "offmtx": [
        [
          -0.383756,
          0.923434,
          3.6359406863084587e-7,
          -14.530598
        ],
        [
          -0.923434,
          -0.383756,
          -5.508618983185443e-7,
          0.165582
        ],
        [
          -3.691534686822706e-7,
          -5.471519557431748e-7,
          0.999999,
          2.230283
        ]
      ],
      "boundingbox": [
        [
          -0.020391,
          -1.066479,
          -0.170929
        ],
        [
          3.637867,
          1.114742,
          0.083347
        ]
      ]
    }
  ],
  "boundingbox": [
    [
      -10.177208,
      11.831895,
      -3.912969
    ],
    [
      -3.712665,
      29.420152,
      4.528989
    ]
  ]
}
