{
  "skeleton": [
    {
      "name": "root",
      "parent": "root",
      "initpos": [
        0,
        0,
        0
      ],
      "initquaternion": [
        0.707106,
        0,
        0,
        0.707106
      ],
      "initscale": [
        1,
        0.999999,
        0.999999
      ],
      "offmtx": [
        [
          1,
          0,
          0,
          0
        ],
        [
          0,
          1,
          0,
          0
        ],
        [
          0,
          0,
          1,
          0
        ]
      ],
      "boundingbox": [
        [
          0,
          0,
          0
        ],
        [
          0,
          0,
          0
        ]
      ]
    },
    {
      "name": "Bone064",
      "parent": "root",
      "initpos": [
        -33.341232,
        -10.188016,
        -52.24018
      ],
      "initquaternion": [
        0.707086,
        -0.005406,
        0.005406,
        0.707086
      ],
      "initscale": [
        0.999999,
        0.999999,
        1
      ],
      "offmtx": [
        [
          0.999883,
          -0.01529,
          2.4106418550218223e-7,
          34.136119
        ],
        [
          -0.01529,
          -0.999883,
          1.831044187383668e-7,
          51.724269
        ],
        [
          2.3823626804642117e-7,
          -1.867690144763401e-7,
          -0.999999,
          -10.188006
        ]
      ],
      "boundingbox": [
        [
          -2.462176,
          -3.204568,
          -2.004668
        ],
        [
          7.374637,
          2.408574,
          2.017528
        ]
      ]
    },
    {
      "name": "Bone065",
      "parent": "Bone064",
      "initpos": [
        6.581796,
        0,
        -9.5367431640625e-7
      ],
      "initquaternion": [
        0,
        0,
        -0.021625,
        0.999766
      ],
      "initscale": [
        0.999999,
        0.999999,
        1
      ],
      "offmtx": [
        [
          0.999608,
          0.02796,
          0,
          25.291879
        ],
        [
          0.02796,
          -0.999608,
          1.0593441857054131e-7,
          52.867374
        ],
        [
          0,
          -1.036023604683578e-7,
          -0.999999,
          -10.188016
        ]
      ],
      "boundingbox": [
        [
          0.022012,
          -4.506224,
          -1.773679
        ],
        [
          6.927757,
          1.770294,
          1.775266
        ]
      ]
    },
    {
      "name": "Bone066",
      "parent": "Bone065",
      "initpos": [
        5.41875,
        0.000003,
        9.5367431640625e-7
      ],
      "initquaternion": [
        0,
        0,
        0.020517,
        0.999789
      ],
      "initscale": [
        0.999999,
        0.999999,
        1
      ],
      "offmtx": [
        [
          0.999914,
          -0.013072,
          0,
          22.025321
        ],
        [
          -0.013072,
          -0.999914,
          1.7384363104611111e-7,
          52.007587
        ],
        [
          0,
          -1.7484551051438757e-7,
          -0.999999,
          -10.188013
        ]
      ],
      "boundingbox": [
        [
          0.066298,
          -4.24459,
          -1.934996
        ],
        [
          6.080863,
          1.79739,
          1.93658
        ]
      ]
    },
    {
      "name": "Bone067",
      "parent": "Bone066",
      "initpos": [
        5.796028,
        0.000236,
        0.000001
      ],
      "initquaternion": [
        0,
        0,
        -0.009642,
        0.999953
      ],
      "initscale": [
        1,
        1,
        1
      ],
      "offmtx": [
        [
          0.99998,
          0.006211,
          0,
          15.223394
        ],
        [
          0.006211,
          -0.99998,
          1.7531112916913116e-7,
          52.310619
        ],
        [
          0,
          -1.74845538936097e-7,
          -0.999999,
          -10.188012
        ]
      ],
      "boundingbox": [
        [
          0.094532,
          -3.899513,
          -2.015648
        ],
        [
          6.576492,
          1.753441,
          2.017244
        ]
      ]
    },
    {
      "name": "Bone068",
      "parent": "Bone067",
      "initpos": [
        6.136404,
        -0.000003,
        -0.000001
      ],
      "initquaternion": [
        0,
        0,
        0.000112,
        1
      ],
      "initscale": [
        1,
        1,
        1
      ],
      "offmtx": [
        [
          0.999982,
          0.005986,
          0,
          9.098752
        ],
        [
          0.005986,
          -0.999982,
          1.7529438878227666e-7,
          52.308597
        ],
        [
          0,
          -1.74845538936097e-7,
          -0.999999,
          -10.188013
        ]
      ],
      "boundingbox": [
        [
          0.031642,
          -3.377726,
          -2.096304
        ],
        [
          7.185375,
          1.793946,
          2.097904
        ]
      ]
    },
    {
      "name": "Bone069",
      "parent": "Bone068",
      "initpos": [
        6.325937,
        0,
        0
      ],
      "initquaternion": [
        0,
        0,
        -0.007005,
        0.999975
      ],
      "initscale": [
        0.999999,
        0.999999,
        1
      ],
      "offmtx": [
        [
          0.999799,
          0.019995,
          0,
          2.039707
        ],
        [
          0.019995,
          -0.999799,
          1.763201851190388e-7,
          52.342281
        ],
        [
          0,
          -1.74845538936097e-7,
          -0.999999,
          -10.188013
        ]
      ],
      "boundingbox": [
        [
          0.043272,
          -2.962929,
          -1.972448
        ],
        [
          6.500377,
          1.898622,
          1.974043
        ]
      ]
    },
    {
      "name": "Bone070",
      "parent": "Bone069",
      "initpos": [
        5.683002,
        0.000164,
        0
      ],
      "initquaternion": [
        0,
        0,
        0.006136,
        0.999981
      ],
      "initscale": [
        0.999999,
        0.999999,
        1
      ],
      "offmtx": [
        [
          0.99997,
          0.007724,
          0,
          -3.000686
        ],
        [
          0.007724,
          -0.99997,
          1.7542356545163784e-7,
          52.382911
        ],
        [
          0,
          -1.74845538936097e-7,
          -0.999999,
          -10.188014
        ]
      ],
      "boundingbox": [
        [
          0.110511,
          -2.702301,
          -1.859517
        ],
        [
          5.466808,
          1.945039,
          1.861106
        ]
      ]
    },
    {
      "name": "Bone071",
      "parent": "Bone070",
      "initpos": [
        4.924352,
        0.000152,
        0.000001
      ],
      "initquaternion": [
        0,
        0,
        0.031832,
        0.999493
      ],
      "initscale": [
        1,
        1,
        1
      ],
      "offmtx": [
        [
          0.998435,
          -0.055921,
          0,
          -4.575733
        ],
        [
          -0.055921,
          -0.998434,
          1.7034994925779756e-7,
          52.780872
        ],
        [
          0,
          -1.74845538936097e-7,
          -0.999999,
          -10.188014
        ]
      ],
      "boundingbox": [
        [
          -0.042919,
          -2.684944,
          -1.757263
        ],
        [
          4.927047,
          1.944556,
          1.758852
        ]
      ]
    },
    {
      "name": "Bone072",
      "parent": "Bone071",
      "initpos": [
        4.413638,
        -0.000015,
        0
      ],
      "initquaternion": [
        0,
        0,
        -0.026793,
        0.999641
      ],
      "initscale": [
        0.999999,
        0.999999,
        1
      ],
      "offmtx": [
        [
          0.999997,
          -0.002357,
          0,
          -11.80381
        ],
        [
          -0.002357,
          -0.999997,
          1.746670932334382e-7,
          52.223587
        ],
        [
          0,
          -1.74845538936097e-7,
          -0.999999,
          -10.188015
        ]
      ],
      "boundingbox": [
        [
          0.090652,
          -2.460973,
          -1.632893
        ],
        [
          4.509048,
          1.703082,
          1.710335
        ]
      ]
    },
    {
      "name": "Bone073",
      "parent": "Bone072",
      "initpos": [
        3.948932,
        0.000221,
        0
      ],
      "initquaternion": [
        0,
        0,
        -0.003278,
        0.999994
      ],
      "initscale": [
        0.999999,
        0.999999,
        1
      ],
      "offmtx": [
        [
          0.999991,
          0.004199,
          0,
          -16.094837
        ],
        [
          0.004199,
          -0.999991,
          1.7516109096504806e-7,
          52.118942
        ],
        [
          0,
          -1.74845538936097e-7,
          -0.999999,
          -10.188014
        ]
      ],
      "boundingbox": [
        [
          0.028244,
          -2.220147,
          -1.501264
        ],
        [
          4.291191,
          1.663689,
          1.502869
        ]
      ]
    },
    {
      "name": "Bone074",
      "parent": "Bone073",
      "initpos": [
        3.761182,
        -0.000083,
        0.000001
      ],
      "initquaternion": [
        0,
        0,
        0,
        1
      ],
      "initscale": [
        1,
        1,
        1
      ],
      "offmtx": [
        [
          0.999991,
          0.004199,
          0,
          -19.856014
        ],
        [
          0.004199,
          -0.999991,
          1.7516109096504806e-7,
          52.119018
        ],
        [
          0,
          -1.74845538936097e-7,
          -0.999999,
          -10.188015
        ]
      ],
      "boundingbox": [
        [
          0.054748,
          -1.830485,
          -1.391062
        ],
        [
          3.930637,
          1.678685,
          1.39266
        ]
      ]
    },
    {
      "name": "Bone075",
      "parent": "Bone074",
      "initpos": [
        3.477661,
        0.000007,
        0
      ],
      "initquaternion": [
        0,
        0,
        0,
        1
      ],
      "initscale": [
        1,
        1,
        1
      ],
      "offmtx": [
        [
          0.999991,
          0.004199,
          0,
          -23.333686
        ],
        [
          0.004199,
          -0.999991,
          1.7516109096504806e-7,
          52.11901
        ],
        [
          0,
          -1.74845538936097e-7,
          -0.999999,
          -10.188015
        ]
      ],
      "boundingbox": [
        [
          0.081832,
          -1.606118,
          -1.251122
        ],
        [
          3.725318,
          1.633108,
          1.252722
        ]
      ]
    },
    {
      "name": "Bone076",
      "parent": "Bone075",
      "initpos": [
        3.485054,
        -0.000003,
        0
      ],
      "initquaternion": [
        0,
        0,
        0,
        1
      ],
      "initscale": [
        1,
        1,
        1
      ],
      "offmtx": [
        [
          0.999991,
          0.004199,
          0,
          -26.818729
        ],
        [
          0.004199,
          -0.999991,
          1.7516109096504806e-7,
          52.11901
        ],
        [
          0,
          -1.74845538936097e-7,
          -0.999999,
          -10.188015
        ]
      ],
      "boundingbox": [
        [
          -0.029048,
          -1.412935,
          -1.152467
        ],
        [
          3.3661,
          1.64463,
          1.154078
        ]
      ]
    },
    {
      "name": "Bone077",
      "parent": "Bone076",
      "initpos": [
        3.127132,
        0.000213,
        0.000001
      ],
      "initquaternion": [
        0,
        0,
        0,
        1
      ],
      "initscale": [
        1,
        1,
        1
      ],
      "offmtx": [
        [
          0.999991,
          0.004199,
          0,
          -29.945869
        ],
        [
          0.004199,
          -0.999991,
          1.7516109096504806e-7,
          52.118797
        ],
        [
          0,
          -1.74845538936097e-7,
          -0.999999,
          -10.188015
        ]
      ],
      "boundingbox": [
        [
          0.029201,
          -1.393415,
          -1.043366
        ],
        [
          3.024963,
          1.610329,
          1.044968
        ]
      ]
    },
    {
      "name": "Bone078",
      "parent": "Bone077",
      "initpos": [
        2.765708,
        -0.000099,
        0
      ],
      "initquaternion": [
        0,
        0,
        0,
        1
      ],
      "initscale": [
        1,
        1,
        1
      ],
      "offmtx": [
        [
          0.999991,
          0.004199,
          0,
          -32.711563
        ],
        [
          0.004199,
          -0.999991,
          1.7516109096504806e-7,
          52.118888
        ],
        [
          0,
          -1.74845538936097e-7,
          -0.999999,
          -10.188016
        ]
      ],
      "boundingbox": [
        [
          -0.035682,
          -1.345061,
          -0.912179
        ],
        [
          11.382575,
          2.723529,
          0.913797
        ]
      ]
    },
    {
      "name": "Bone079",
      "parent": "Bone078",
      "initpos": [
        8.767234,
        -1.215915,
        0.000001
      ],
      "initquaternion": [
        0,
        0,
        0,
        1
      ],
      "initscale": [
        1,
        1,
        1
      ],
      "offmtx": [
        [
          0.999991,
          0.004199,
          0,
          -41.478805
        ],
        [
          0.004199,
          -0.999991,
          3.500065872685809e-7,
          53.334808
        ],
        [
          0,
          -3.4968945783475647e-7,
          -0.999999,
          -10.188011
        ]
      ],
      "boundingbox": [
        [
          0.038375,
          -1.677433,
          0.002706
        ],
        [
          7.466941,
          0.892758,
          0.034615
        ]
      ]
    },
    {
      "name": "Bone080",
      "parent": "Bone079",
      "initpos": [
        7.394828,
        0.000011,
        -0.000001
      ],
      "initquaternion": [
        0,
        0,
        0,
        1
      ],
      "initscale": [
        1,
        1,
        1
      ],
      "offmtx": [
        [
          0.999991,
          0.004199,
          0,
          -48.873619
        ],
        [
          0.004199,
          -0.999991,
          3.500065872685809e-7,
          53.334804
        ],
        [
          0,
          -3.4968945783475647e-7,
          -0.999999,
          -10.188011
        ]
      ],
      "boundingbox": [
        [
          0.066703,
          -1.653055,
          0.002688
        ],
        [
          7.328567,
          -0.35373,
          0.034609
        ]
      ]
    },
    {
      "name": "Bone096(mirrored)",
      "parent": "Bone072",
      "initpos": [
        2.157166,
        -0.372772,
        3.075
      ],
      "initquaternion": [
        0.707939,
        0.706272,
        -1.3751642313764023e-7,
        -1.378409564267713e-7
      ],
      "initscale": [
        0.999999,
        0.999999,
        0.999999
      ],
      "offmtx": [
        [
          3.6657729651778936e-7,
          -0.999999,
          0,
          52.563278
        ],
        [
          1,
          3.6657726809607993e-7,
          5.523351092051598e-7,
          -14.084938
        ],
        [
          -5.523351660485787e-7,
          0,
          0.999999,
          13.263031
        ]
      ],
      "boundingbox": [
        [
          -1.20027,
          -1.618839,
          -1.120021
        ],
        [
          3.886649,
          4.062095,
          1.138412
        ]
      ]
    },
    {
      "name": "Bone097(mirrored)",
      "parent": "Bone096(mirrored)",
      "initpos": [
        2.535896,
        0.364376,
        0.041637
      ],
      "initquaternion": [
        -4.0105621224029164e-7,
        1.5319322699269833e-7,
        0.222037,
        0.975038
      ],
      "initscale": [
        0.999999,
        0.999999,
        1
      ],
      "offmtx": [
        [
          0.432988,
          -0.901399,
          0,
          38.83826
        ],
        [
          0.901399,
          0.432988,
          -3.297460580142797e-7,
          -34.685897
        ],
        [
          2.9778431098748115e-7,
          1.416284050037575e-7,
          0.999999,
          13.221375
        ]
      ],
      "boundingbox": [
        [
          0.086645,
          -0.832859,
          -0.845196
        ],
        [
          3.976472,
          0.824611,
          0.767961
        ]
      ]
    },
    {
      "name": "Bone098(mirrored)",
      "parent": "Bone097(mirrored)",
      "initpos": [
        3.558277,
        1.131866,
        -0.037345
      ],
      "initquaternion": [
        0,
        0,
        -0.575672,
        0.81768
      ],
      "initscale": [
        0.999999,
        0.999999,
        1
      ],
      "offmtx": [
        [
          -0.702601,
          -0.711583,
          3.84458019198064e-7,
          45.616477
        ],
        [
          0.711583,
          -0.702601,
          -1.1238996222573405e-7,
          21.135906
        ],
        [
          3.500957745927735e-7,
          1.9460851774510957e-7,
          0.999999,
          13.258718
        ]
      ],
      "boundingbox": [
        [
          -0.752986,
          -0.50584,
          -1.155282
        ],
        [
          3.027023,
          1.576339,
          1.103138
        ]
      ]
    },
    {
      "name": "Bone104(mirrored)",
      "parent": "Bone098(mirrored)",
      "initpos": [
        2.865554,
        -0.050619,
        -0.048656
      ],
      "initquaternion": [
        0.007048,
        -0.009604,
        0.073121,
        0.997251
      ],
      "initscale": [
        0.999999,
        0.999999,
        0.999999
      ],
      "offmtx": [
        [
          -0.591277,
          -0.806215,
          0.020187,
          45.641506
        ],
        [
          0.806466,
          -0.591144,
          0.012653,
          14.885643
        ],
        [
          0.001732,
          0.023762,
          0.999716,
          12.201098
        ]
      ],
      "boundingbox": [
        [
          0.026912,
          -0.293716,
          -0.364613
        ],
        [
          1.383447,
          0.530467,
          0.317998
        ]
      ]
    },
    {
      "name": "Bone105(mirrored)",
      "parent": "Bone104(mirrored)",
      "initpos": [
        1.162605,
        0.011244,
        -0.005184
      ],
      "initquaternion": [
        0.004303,
        0.011109,
        0.479244,
        0.8776
      ],
      "initscale": [
        1,
        1,
        0.999999
      ],
      "offmtx": [
        [
          0.358897,
          -0.933356,
          0.006184,
          36.36219
        ],
        [
          0.933326,
          0.358938,
          0.008057,
          -29.146591
        ],
        [
          -0.00974,
          0.00288,
          0.999948,
          13.299608
        ]
      ],
      "boundingbox": [
        [
          0.089733,
          -0.339462,
          -0.378141
        ],
        [
          1.988306,
          0.349357,
          0.316911
        ]
      ]
    },
    {
      "name": "Bone101(mirrored)",
      "parent": "Bone098(mirrored)",
      "initpos": [
        2.878864,
        -0.03927,
        -0.783126
      ],
      "initquaternion": [
        0.004839,
        -0.010886,
        0.284002,
        0.958749
      ],
      "initscale": [
        0.999999,
        0.999999,
        0.999999
      ],
      "offmtx": [
        [
          -0.20166,
          -0.97917,
          0.023623,
          47.694232
        ],
        [
          0.979454,
          -0.201644,
          0.003095,
          -5.476493
        ],
        [
          0.001732,
          0.023762,
          0.999716,
          12.935768
        ]
      ],
      "boundingbox": [
        [
          -0.017366,
          -0.360851,
          -0.376791
        ],
        [
          1.336147,
          0.444465,
          0.302893
        ]
      ]
    },
    {
      "name": "Bone102(mirrored)",
      "parent": "Bone101(mirrored)",
      "initpos": [
        1.162601,
        0.011241,
        -0.005184
      ],
      "initquaternion": [
        0.004303,
        0.011109,
        0.479245,
        0.877599
      ],
      "initscale": [
        0.999999,
        0.999999,
        0.999999
      ],
      "offmtx": [
        [
          0.714978,
          -0.699145,
          2.1886069134779973e-7,
          20.33006
        ],
        [
          0.699146,
          0.714978,
          1.5670036646042718e-7,
          -41.867828
        ],
        [
          -2.660372899754293e-7,
          0,
          1,
          14.019543
        ]
      ],
      "boundingbox": [
        [
          -0.009128,
          -0.356609,
          -0.392511
        ],
        [
          1.896675,
          0.341186,
          0.305414
        ]
      ]
    },
    {
      "name": "Bone107(mirrored)",
      "parent": "Bone098(mirrored)",
      "initpos": [
        2.896339,
        -0.107498,
        0.727977
      ],
      "initquaternion": [
        0.004782,
        -0.010911,
        0.28903,
        0.957245
      ],
      "initscale": [
        0.999999,
        1,
        0.999999
      ],
      "offmtx": [
        [
          -0.191368,
          -0.981233,
          0.023654,
          47.621551
        ],
        [
          0.981516,
          -0.191354,
          0.002848,
          -5.914638
        ],
        [
          0.001731,
          0.023762,
          0.999716,
          11.424375
        ]
      ],
      "boundingbox": [
        [
          0.072531,
          -0.275836,
          -0.330467
        ],
        [
          1.3788,
          0.419795,
          0.350538
        ]
      ]
    },
    {
      "name": "Bone108(mirrored)",
      "parent": "Bone107(mirrored)",
      "initpos": [
        1.162609,
        0.011245,
        -0.005174
      ],
      "initquaternion": [
        0.003298,
        0.011448,
        0.399292,
        0.916746
      ],
      "initscale": [
        0.999999,
        0.999999,
        0.999999
      ],
      "offmtx": [
        [
          0.588313,
          -0.808632,
          -0.00016,
          27.08386
        ],
        [
          0.808632,
          0.588313,
          -0.00019,
          -37.871643
        ],
        [
          0.000248,
          -0.000017,
          0.999999,
          12.505506
        ]
      ],
      "boundingbox": [
        [
          0.001123,
          -0.39442,
          -0.34386
        ],
        [
          1.90489,
          0.335716,
          0.354164
        ]
      ]
    },
    {
      "name": "Bone096",
      "parent": "Bone072",
      "initpos": [
        2.157165,
        -0.372772,
        -3.075393
      ],
      "initquaternion": [
        0,
        -1.4601145892356726e-7,
        0.706272,
        0.707939
      ],
      "initscale": [
        0.999999,
        0.999999,
        1
      ],
      "offmtx": [
        [
          2.3740598464883078e-7,
          -0.999999,
          0,
          52.563278
        ],
        [
          -1,
          -2.3740597043797607e-7,
          2.503435609924054e-7,
          14.084938
        ],
        [
          -2.5034358941411483e-7,
          0,
          -0.999999,
          -7.112627
        ]
      ],
      "boundingbox": [
        [
          -1.200269,
          -4.062095,
          -1.118026
        ],
        [
          3.88665,
          1.618835,
          1.140407
        ]
      ]
    },
    {
      "name": "Bone097",
      "parent": "Bone096",
      "initpos": [
        2.535896,
        -0.364376,
        0.041641
      ],
      "initquaternion": [
        2.854049796496838e-7,
        1.795295361262106e-7,
        -0.222036,
        0.975038
      ],
      "initscale": [
        0.999999,
        0.999999,
        1
      ],
      "offmtx": [
        [
          0.432989,
          -0.901399,
          2.9624817443618667e-7,
          38.838256
        ],
        [
          -0.901399,
          -0.432989,
          -1.259016642052302e-7,
          34.685901
        ],
        [
          2.4175989210561966e-7,
          -2.12523829645761e-7,
          -0.999999,
          -7.154264
        ]
      ],
      "boundingbox": [
        [
          0.086639,
          -2.080436,
          -0.843206
        ],
        [
          4.943122,
          0.832862,
          0.794128
        ]
      ]
    },
    {
      "name": "Bone098",
      "parent": "Bone097",
      "initpos": [
        3.558277,
        -1.131877,
        -0.037349
      ],
      "initquaternion": [
        -1.9831070119380456e-7,
        -1.3961695799480367e-7,
        0.575672,
        0.81768
      ],
      "initscale": [
        0.999999,
        0.999999,
        1
      ],
      "offmtx": [
        [
          -0.702601,
          -0.711583,
          0,
          45.616497
        ],
        [
          -0.711583,
          0.702601,
          1.6370478306271252e-7,
          -21.135873
        ],
        [
          -1.0339847023033144e-7,
          1.282777617461761e-7,
          -0.999999,
          -7.116925
        ]
      ],
      "boundingbox": [
        [
          0.11697,
          -0.526157,
          -1.153289
        ],
        [
          3.02703,
          0.505855,
          1.105129
        ]
      ]
    },
    {
      "name": "Bone104",
      "parent": "Bone098",
      "initpos": [
        2.865566,
        0.050632,
        -0.048657
      ],
      "initquaternion": [
        -0.007048,
        -0.009604,
        -0.073121,
        0.997251
      ],
      "initscale": [
        0.999999,
        0.999999,
        0.999999
      ],
      "offmtx": [
        [
          -0.591277,
          -0.806215,
          -0.020187,
          45.230186
        ],
        [
          -0.806466,
          0.591144,
          0.012653,
          -14.627815
        ],
        [
          0.001731,
          0.023762,
          -0.999716,
          -8.168756
        ]
      ],
      "boundingbox": [
        [
          0.026964,
          -0.494987,
          -0.362618
        ],
        [
          1.383502,
          0.293693,
          0.319997
        ]
      ]
    },
    {
      "name": "Bone105",
      "parent": "Bone104",
      "initpos": [
        1.162605,
        -0.011258,
        -0.005182
      ],
      "initquaternion": [
        -0.004302,
        0.011109,
        -0.479244,
        0.8776
      ],
      "initscale": [
        1,
        1,
        0.999999
      ],
      "offmtx": [
        [
          0.358898,
          -0.933355,
          -0.006183,
          36.236148
        ],
        [
          -0.933325,
          -0.35894,
          0.008057,
          29.31085
        ],
        [
          -0.00974,
          0.002879,
          -0.999948,
          -7.074971
        ]
      ],
      "boundingbox": [
        [
          0.089748,
          -0.349353,
          -0.376146
        ],
        [
          1.988327,
          0.339458,
          0.318908
        ]
      ]
    },
    {
      "name": "Bone107",
      "parent": "Bone098",
      "initpos": [
        2.89635,
        0.107498,
        0.727976
      ],
      "initquaternion": [
        -0.004782,
        -0.010911,
        -0.28903,
        0.957245
      ],
      "initscale": [
        0.999999,
        0.999999,
        1
      ],
      "offmtx": [
        [
          -0.191368,
          -0.981233,
          -0.023654,
          47.139572
        ],
        [
          -0.981517,
          0.191354,
          0.002848,
          5.972686
        ],
        [
          0.001731,
          0.023762,
          -0.999716,
          -8.945482
        ]
      ],
      "boundingbox": [
        [
          0.072575,
          -0.419788,
          -0.328474
        ],
        [
          1.378837,
          0.275848,
          0.352542
        ]
      ]
    },
    {
      "name": "Bone108",
      "parent": "Bone107",
      "initpos": [
        1.162597,
        -0.011254,
        -0.005183
      ],
      "initquaternion": [
        -0.003297,
        0.011448,
        -0.399292,
        0.916746
      ],
      "initscale": [
        0.999999,
        0.999999,
        0.999999
      ],
      "offmtx": [
        [
          0.588313,
          -0.808632,
          0.00016,
          27.087125
        ],
        [
          -0.808633,
          -0.588313,
          -0.00019,
          37.867767
        ],
        [
          0.000248,
          -0.000017,
          -1,
          -7.870139
        ]
      ],
      "boundingbox": [
        [
          0.001113,
          -0.327739,
          -0.341861
        ],
        [
          1.326055,
          0.39442,
          0.356164
        ]
      ]
    },
    {
      "name": "Bone101",
      "parent": "Bone098",
      "initpos": [
        2.878875,
        0.039279,
        -0.783127
      ],
      "initquaternion": [
        -0.004839,
        -0.010886,
        -0.284002,
        0.958749
      ],
      "initscale": [
        0.999999,
        0.999999,
        0.999999
      ],
      "offmtx": [
        [
          -0.201658,
          -0.979171,
          -0.023623,
          47.212879
        ],
        [
          -0.979454,
          0.201642,
          0.003096,
          5.539676
        ],
        [
          0.001731,
          0.023762,
          -0.999716,
          -7.434081
        ]
      ],
      "boundingbox": [
        [
          -0.017307,
          -0.444469,
          -0.37479
        ],
        [
          1.336208,
          0.360847,
          0.304892
        ]
      ]
    },
    {
      "name": "Bone102",
      "parent": "Bone101",
      "initpos": [
        1.162605,
        -0.011256,
        -0.005182
      ],
      "initquaternion": [
        -0.004302,
        0.011109,
        -0.479244,
        0.8776
      ],
      "initscale": [
        0.999999,
        0.999999,
        0.999999
      ],
      "offmtx": [
        [
          0.714978,
          -0.699146,
          -2.0605506279025576e-7,
          20.33006
        ],
        [
          -0.699146,
          -0.714978,
          4.099064199181157e-7,
          41.867858
        ],
        [
          -4.3390951987021253e-7,
          -1.4901162614933128e-7,
          -0.999999,
          -6.356099
        ]
      ],
      "boundingbox": [
        [
          -0.009136,
          -0.341171,
          -0.39051
        ],
        [
          1.896663,
          0.356628,
          0.307415
        ]
      ]
    },
    {
      "name": "Bone081",
      "parent": "Bone067",
      "initpos": [
        2.107256,
        -1.078399,
        -2.892852
      ],
      "initquaternion": [
        -0.008013,
        -0.00807,
        0.709553,
        0.704559
      ],
      "initscale": [
        0.999999,
        0.999999,
        0.999999
      ],
      "offmtx": [
        [
          -0.000852,
          -0.999999,
          2.6222372184747655e-7,
          53.295047
        ],
        [
          -0.999741,
          0.000851,
          0.022745,
          -13.323511
        ],
        [
          -0.022745,
          0.000019,
          -0.999741,
          -7.600175
        ]
      ],
      "boundingbox": [
        [
          -1.411006,
          -4.750762,
          -1.345077
        ],
        [
          3.299195,
          1.931604,
          1.000886
        ]
      ]
    },
    {
      "name": "Bone082",
      "parent": "Bone081",
      "initpos": [
        2.423522,
        -1.221891,
        -0.212265
      ],
      "initquaternion": [
        0.011373,
        0.000004,
        -0.000425,
        0.999935
      ],
      "initscale": [
        0.999999,
        0.999999,
        0.999999
      ],
      "offmtx": [
        [
          3.980233884703921e-7,
          -1,
          0,
          50.881969
        ],
        [
          -1,
          -3.980234168921015e-7,
          -3.8556768799935526e-7,
          -12.223163
        ],
        [
          3.8556765957764583e-7,
          0,
          -1,
          -7.110748
        ]
      ],
      "boundingbox": [
        [
          0.034237,
          -0.986389,
          -0.799686
        ],
        [
          3.90582,
          0.949403,
          0.813471
        ]
      ]
    },
    {
      "name": "Bone083",
      "parent": "Bone082",
      "initpos": [
        3.26641,
        -1.123382,
        0.005523
      ],
      "initquaternion": [
        0,
        0,
        0.506501,
        0.862239
      ],
      "initscale": [
        1,
        1,
        1
      ],
      "offmtx": [
        [
          -0.87345,
          -0.486913,
          -1.9669258222165809e-7,
          13.489507
        ],
        [
          -0.486913,
          0.87345,
          -3.004512620918831e-7,
          -46.994461
        ],
        [
          3.180948624503799e-7,
          -1.6665711655150517e-7,
          -1,
          -7.116265
        ]
      ],
      "boundingbox": [
        [
          -0.81295,
          -1.808682,
          -1.000871
        ],
        [
          2.923919,
          0.463154,
          0.954005
        ]
      ]
    },
    {
      "name": "Bone086",
      "parent": "Bone083",
      "initpos": [
        2.629514,
        -0.069789,
        -0.630561
      ],
      "initquaternion": [
        -0.103968,
        0.082817,
        0.152644,
        0.979301
      ],
      "initscale": [
        0.999999,
        0.999999,
        0.999999
      ],
      "offmtx": [
        [
          -0.957952,
          -0.211449,
          0.193947,
          -1.758163
        ],
        [
          -0.177518,
          0.967821,
          0.178349,
          -46.000598
        ],
        [
          -0.225418,
          0.136421,
          -0.964663,
          -15.581503
        ]
      ],
      "boundingbox": [
        [
          -0.022392,
          -0.361772,
          -0.337549
        ],
        [
          1.896055,
          0.29318,
          0.343005
        ]
      ]
    },
    {
      "name": "Bone087",
      "parent": "Bone086",
      "initpos": [
        1.73122,
        0.19194,
        -0.033977
      ],
      "initquaternion": [
        0.016969,
        -0.017197,
        -0.7694,
        0.638309
      ],
      "initscale": [
        0.999999,
        0.999999,
        0.999999
      ],
      "offmtx": [
        [
          0.352192,
          -0.912734,
          -0.207065,
          46.107337
        ],
        [
          -0.918463,
          -0.379595,
          0.111051,
          4.350343
        ],
        [
          -0.179961,
          0.15107,
          -0.972004,
          -15.583351
        ]
      ],
      "boundingbox": [
        [
          0.012683,
          -0.353557,
          -0.357892
        ],
        [
          2.254753,
          0.343416,
          0.314238
        ]
      ]
    },
    {
      "name": "Bone090",
      "parent": "Bone083",
      "initpos": [
        2.664372,
        -0.153709,
        -0.01366
      ],
      "initquaternion": [
        0.017313,
        0.007338,
        0.344156,
        0.938723
      ],
      "initscale": [
        0.999999,
        0.999999,
        0.999999
      ],
      "offmtx": [
        [
          -0.981182,
          0.193073,
          0.00186,
          -22.0046
        ],
        [
          0.192869,
          0.980505,
          -0.037556,
          -42.975166
        ],
        [
          -0.009075,
          -0.03649,
          -0.999293,
          -5.533486
        ]
      ],
      "boundingbox": [
        [
          0.008701,
          -0.40262,
          -0.36177
        ],
        [
          1.944553,
          0.35158,
          0.33988
        ]
      ]
    },
    {
      "name": "Bone091",
      "parent": "Bone090",
      "initpos": [
        1.73122,
        0.19194,
        -0.033977
      ],
      "initquaternion": [
        -0.035895,
        -0.014354,
        -0.713037,
        0.700059
      ],
      "initscale": [
        1,
        1,
        0.999999
      ],
      "offmtx": [
        [
          -0.176064,
          -0.983797,
          -0.033814,
          43.068412
        ],
        [
          -0.984037,
          0.174994,
          0.032357,
          -22.718563
        ],
        [
          -0.025915,
          0.038971,
          -0.998904,
          -9.274248
        ]
      ],
      "boundingbox": [
        [
          0.00011,
          -0.403974,
          -0.361815
        ],
        [
          2.218342,
          0.337614,
          0.338902
        ]
      ]
    },
    {
      "name": "Bone093",
      "parent": "Bone083",
      "initpos": [
        2.491477,
        -0.152412,
        0.551203
      ],
      "initquaternion": [
        0.046958,
        -0.068671,
        0.048943,
        0.99533
      ],
      "initscale": [
        0.999999,
        0.999999,
        0.999999
      ],
      "offmtx": [
        [
          -0.905327,
          -0.400521,
          -0.141297,
          5.496524
        ],
        [
          -0.391699,
          0.915994,
          -0.086757,
          -48.218746
        ],
        [
          0.164176,
          -0.023197,
          -0.986158,
          -4.320597
        ]
      ],
      "boundingbox": [
        [
          0.0456,
          -0.304929,
          -0.397655
        ],
        [
          2.001859,
          0.504239,
          0.368448
        ]
      ]
    },
    {
      "name": "Bone094",
      "parent": "Bone093",
      "initpos": [
        1.518709,
        0.267963,
        0.006947
      ],
      "initquaternion": [
        0.009966,
        0.045269,
        -0.676797,
        0.734708
      ],
      "initscale": [
        0.999999,
        0.999999,
        0.999999
      ],
      "offmtx": [
        [
          0.303818,
          -0.940229,
          0.153829,
          48.839794
        ],
        [
          -0.9416,
          -0.320936,
          -0.101922,
          0.103397
        ],
        [
          0.1452,
          -0.113879,
          -0.982826,
          -0.416882
        ]
      ],
      "boundingbox": [
        [
          -0.017312,
          -0.326688,
          -0.36557
        ],
        [
          2.234074,
          0.382198,
          0.338677
        ]
      ]
    },
    {
      "name": "Bone081(mirrored)",
      "parent": "Bone067",
      "initpos": [
        2.107257,
        -1.078395,
        2.892999
      ],
      "initquaternion": [
        0.704861,
        0.709253,
        -0.007765,
        -0.008318
      ],
      "initscale": [
        0.999999,
        0.999999,
        0.999999
      ],
      "offmtx": [
        [
          0.000009,
          -0.999999,
          -0.000851,
          53.295497
        ],
        [
          0.999741,
          -0.000009,
          0.022741,
          13.742048
        ],
        [
          -0.022741,
          -0.000851,
          0.999741,
          12.81721
        ]
      ],
      "boundingbox": [
        [
          -1.410435,
          -1.931686,
          -1.34639
        ],
        [
          3.298706,
          4.750572,
          1.002236
        ]
      ]
    },
    {
      "name": "Bone082(mirrored)",
      "parent": "Bone081(mirrored)",
      "initpos": [
        2.424732,
        1.219848,
        -0.210145
      ],
      "initquaternion": [
        -0.011371,
        -0.000425,
        0,
        0.999935
      ],
      "initscale": [
        1,
        0.999999,
        0.999999
      ],
      "offmtx": [
        [
          1.8323427752875432e-7,
          -0.999999,
          0,
          50.881965
