{
  "skeleton": [
    {
      "name": "root",
      "parent": "root",
      "initpos": [
        0,
        0,
        0
      ],
      "initquaternion": [
        0.707106,
        0,
        0,
        0.707106
      ],
      "initscale": [
        1,
        0.999999,
        0.999999
      ],
      "offmtx": [
        [
          1,
          0,
          0,
          0
        ],
        [
          0,
          1,
          0,
          0
        ],
        [
          0,
          0,
          1,
          0
        ]
      ],
      "boundingbox": [
        [
          0,
          0,
          0
        ],
        [
          0,
          0,
          0
        ]
      ]
    },
    {
      "name": "Bone20",
      "parent": "root",
      "initpos": [
        0,
        5.529784,
        -19.978538
      ],
      "initquaternion": [
        -0.499999,
        0.5,
        0.499999,
        0.5
      ],
      "initscale": [
        1,
        0.999999,
        0.999999
      ],
      "offmtx": [
        [
          3.597577631353488e-7,
          0.999999,
          0,
          -19.978538
        ],
        [
          -1,
          3.5975773471363937e-7,
          0.000002,
          -0.000019
        ],
        [
          0.000002,
          0,
          0.999999,
          -5.529783
        ]
      ],
      "boundingbox": [
        [
          0.098749,
          -3.552278,
          -2.490337
        ],
        [
          4.223242,
          3.321877,
          0.615124
        ]
      ]
    },
    {
      "name": "Bone21",
      "parent": "Bone20",
      "initpos": [
        0.142353,
        -0.11063,
        0.264858
      ],
      "initquaternion": [
        0,
        0.000001,
        1,
        -3.1391644483846903e-7
      ],
      "initscale": [
        0.999999,
        0.999999,
        1
      ],
      "offmtx": [
        [
          1.4611798349051242e-7,
          -0.999999,
          0,
          20.120891
        ],
        [
          1,
          1.461179692796577e-7,
          5.523359050130239e-7,
          -0.110637
        ],
        [
          -5.523359618564427e-7,
          0,
          0.999999,
          -5.794641
        ]
      ],
      "boundingbox": [
        [
          0.043602,
          -1.024013,
          -0.357878
        ],
        [
          1.418432,
          1.038233,
          0.350263
        ]
      ]
    },
    {
      "name": "Bone22",
      "parent": "Bone21",
      "initpos": [
        1.092876,
        1.037702,
        0.015185
      ],
      "initquaternion": [
        1,
        0,
        0,
        0.000002
      ],
      "initscale": [
        1,
        1,
        1
      ],
      "offmtx": [
        [
          2.690583755793341e-7,
          -0.999999,
          0,
          19.028015
        ],
        [
          -1,
          -2.6905834715762467e-7,
          0.000004,
          1.148312
        ],
        [
          -0.000004,
          0,
          -0.999999,
          5.809832
        ]
      ],
      "boundingbox": [
        [
          0.002876,
          -0.344236,
          -0.037238
        ],
        [
          1.033999,
          0.343177,
          0.078665
        ]
      ]
    },
    {
      "name": "Bone23",
      "parent": "Bone22",
      "initpos": [
        1.029014,
        0,
        0
      ],
      "initquaternion": [
        0,
        0,
        0,
        1
      ],
      "initscale": [
        1,
        1,
        1
      ],
      "offmtx": [
        [
          3.0473484002868645e-7,
          -0.999999,
          0,
          17.999
        ],
        [
          -1,
          -3.04734811606977e-7,
          0,
          1.148339
        ],
        [
          0,
          0,
          -0.999999,
          5.809826
        ]
      ],
      "boundingbox": [
        [
          0.003134,
          -0.156322,
          -0.037236
        ],
        [
          2.466178,
          0.155274,
          0.078663
        ]
      ]
    },
    {
      "name": "Bone24",
      "parent": "Bone23",
      "initpos": [
        2.453565,
        4.76837158203125e-7,
        0
      ],
      "initquaternion": [
        0,
        0,
        0,
        1
      ],
      "initscale": [
        1,
        1,
        1
      ],
      "offmtx": [
        [
          4.480502298065403e-7,
          -0.999999,
          0,
          15.545433
        ],
        [
          -1,
          -4.4805020138483087e-7,
          0,
          1.148341
        ],
        [
          0,
          0,
          -0.999999,
          5.809826
        ]
      ],
      "boundingbox": [
        [
          0.009116,
          -0.519649,
          -0.037236
        ],
        [
          1.909767,
          0.511473,
          0.078664
        ]
      ]
    },
    {
      "name": "Bone25",
      "parent": "Bone24",
      "initpos": [
        1.712697,
        0,
        9.5367431640625e-7
      ],
      "initquaternion": [
        0,
        0,
        0,
        1
      ],
      "initscale": [
        1,
        1,
        1
      ],
      "offmtx": [
        [
          4.514303952873888e-7,
          -1,
          0,
          13.832736
        ],
        [
          -1,
          -4.514303668656794e-7,
          1.8676951185625512e-7,
          1.14834
        ],
        [
          -1.8676952606710984e-7,
          0,
          -0.999999,
          5.809825
        ]
      ],
      "boundingbox": [
        [
          0.014956,
          -0.519648,
          -0.037237
        ],
        [
          1.124211,
          0.511479,
          0.078663
        ]
      ]
    },
    {
      "name": "Bone26",
      "parent": "Bone21",
      "initpos": [
        1.092876,
        -1.030029,
        0.015188
      ],
      "initquaternion": [
        0,
        0,
        0,
        1
      ],
      "initscale": [
        1,
        1,
        1
      ],
      "offmtx": [
        [
          1.4611798349051242e-7,
          -0.999999,
          0,
          19.028015
        ],
        [
          1,
          1.461179692796577e-7,
          0.000004,
          0.919369
        ],
        [
          -0.000004,
          0,
          0.999999,
          -5.809833
        ]
      ],
      "boundingbox": [
        [
          0.002876,
          -0.337692,
          -0.078667
        ],
        [
          1.033998,
          0.349724,
          0.037235
        ]
      ]
    },
    {
      "name": "Bone27",
      "parent": "Bone26",
      "initpos": [
        1.029016,
        2.384185791015625e-7,
        0
      ],
      "initquaternion": [
        0,
        0,
        0,
        1
      ],
      "initscale": [
        1,
        1,
        1
      ],
      "offmtx": [
        [
          2.064403332724396e-7,
          -1,
          0,
          17.999
        ],
        [
          1,
          2.064403190615849e-7,
          0,
          0.919394
        ],
        [
          0,
          0,
          0.999999,
          -5.809829
        ]
      ],
      "boundingbox": [
        [
          0.003132,
          -0.149782,
          -0.078667
        ],
        [
          2.466177,
          0.161812,
          0.037233
        ]
      ]
    },
    {
      "name": "Bone28",
      "parent": "Bone27",
      "initpos": [
        2.453564,
        0,
        0
      ],
      "initquaternion": [
        0,
        0,
        0,
        1
      ],
      "initscale": [
        1,
        1,
        1
      ],
      "offmtx": [
        [
          0,
          -0.999999,
          0,
          15.545433
        ],
        [
          1,
          0,
          0,
          0.919396
        ],
        [
          0,
          0,
          0.999999,
          -5.809829
        ]
      ],
      "boundingbox": [
        [
          0.009116,
          -0.505987,
          -0.078666
        ],
        [
          1.727653,
          0.525134,
          0.037233
        ]
      ]
    },
    {
      "name": "Bone29",
      "parent": "Bone28",
      "initpos": [
        1.712698,
        -2.384185791015625e-7,
        0
      ],
      "initquaternion": [
        0,
        0,
        0,
        1
      ],
      "initscale": [
        1,
        1,
        1
      ],
      "offmtx": [
        [
          0,
          -0.999999,
          0,
          13.832734
        ],
        [
          1,
          0,
          0,
          0.919396
        ],
        [
          0,
          0,
          0.999999,
          -5.809829
        ]
      ],
      "boundingbox": [
        [
          0.014954,
          -0.505992,
          -0.078668
        ],
        [
          1.124208,
          0.525138,
          0.037233
        ]
      ]
    },
    {
      "name": "Bone30",
      "parent": "Bone20",
      "initpos": [
        2.889034,
        0.000002,
        0.635498
      ],
      "initquaternion": [
        0,
        0,
        0,
        1
      ],
      "initscale": [
        1,
        1,
        1
      ],
      "offmtx": [
        [
          1.1707940217320356e-7,
          0.999999,
          0,
          -22.867572
        ],
        [
          -1,
          1.170793950677762e-7,
          0.000014,
          -0.000089
        ],
        [
          0.000014,
          0,
          0.999999,
          -6.165281
        ]
      ],
      "boundingbox": [
        [
          -0.728075,
          -2.177477,
          -2.094734
        ],
        [
          3.396413,
          1.947071,
          2.029815
        ]
      ]
    },
    {
      "name": "Bone31",
      "parent": "Bone20",
      "initpos": [
        3.454187,
        2.483188,
        0.005174
      ],
      "initquaternion": [
        0.261536,
        -0.18488,
        0.239557,
        0.916531
      ],
      "initscale": [
        0.999999,
        0.999999,
        0.999999
      ],
      "offmtx": [
        [
          -0.342416,
          0.816863,
          0.464204,
          -22.560966
        ],
        [
          -0.74842,
          -0.535829,
          0.390836,
          8.53421
        ],
        [
          0.567994,
          -0.213591,
          0.794833,
          2.016086
        ]
      ],
      "boundingbox": [
        [
          -0.107469,
          -0.688594,
          -0.691617
        ],
        [
          15.134683,
          0.704395,
          0.695206
        ]
      ]
    },
    {
      "name": "Bone32",
      "parent": "Bone31",
      "initpos": [
        6.46194,
        0.420755,
        -0.016448
      ],
      "initquaternion": [
        0.001944,
        -0.004,
        0.708046,
        0.706152
      ],
      "initscale": [
        0.999999,
        0.999999,
        0.999999
      ],
      "offmtx": [
        [
          -0.742697,
          -0.539801,
          0.39625,
          8.208317
        ],
        [
          0.342751,
          -0.814804,
          -0.467562,
          28.995113
        ],
        [
          0.575258,
          -0.211442,
          0.79017,
          2.048273
        ]
      ],
      "boundingbox": [
        [
          -0.109345,
          -2.830913,
          -0.070858
        ],
        [
          4.038185,
          2.685566,
          0.066651
        ]
      ]
    },
    {
      "name": "Bone33",
      "parent": "Bone32",
      "initpos": [
        4.048501,
        -0.000003,
        0.000002
      ],
      "initquaternion": [
        -1.83869744319054e-7,
        -3.4004099802587007e-7,
        -0.014809,
        0.99989
      ],
      "initscale": [
        0.999999,
        0.999999,
        1
      ],
      "offmtx": [
        [
          -0.752521,
          -0.515434,
          0.409924,
          3.299306
        ],
        [
          0.320605,
          -0.830433,
          -0.455622,
          29.105581
        ],
        [
          0.575258,
          -0.211441,
          0.79017,
          2.048278
        ]
      ],
      "boundingbox": [
        [
          -0.112918,
          -2.812853,
          -0.077663
        ],
        [
          3.508127,
          2.799456,
          0.058491
        ]
      ]
    },
    {
      "name": "Bone34",
      "parent": "Bone33",
      "initpos": [
        3.371726,
        0.000001,
        0
      ],
      "initquaternion": [
        2.1514451020721026e-7,
        1.9103372039808164e-7,
        0.004841,
        0.999988
      ],
      "initscale": [
        0.999999,
        0.999999,
        1
      ],
      "offmtx": [
        [
          -0.749382,
          -0.523451,
          0.405493,
          0.209413
        ],
        [
          0.327877,
          -0.825403,
          -0.45957,
          29.104919
        ],
        [
          0.575258,
          -0.211441,
          0.79017,
          2.048269
        ]
      ],
      "boundingbox": [
        [
          -0.005864,
          -2.968614,
          -0.083099
        ],
        [
          4.895803,
          2.129144,
          0.051263
        ]
      ]
    },
    {
      "name": "Bone36",
      "parent": "Bone20",
      "initpos": [
        2.10839,
        2.382263,
        -2.084375
      ],
      "initquaternion": [
        0.127234,
        -0.121132,
        0.44639,
        0.877424
      ],
      "initscale": [
        0.999999,
        1,
        0.999999
      ],
      "offmtx": [
        [
          -0.752522,
          0.572125,
          0.326163,
          -15.552968
        ],
        [
          -0.569093,
          -0.814172,
          0.115134,
          16.23014
        ],
        [
          0.331424,
          -0.098976,
          0.938275,
          -0.257129
        ]
      ],
      "boundingbox": [
        [
          -0.001201,
          -0.683995,
          -0.696976
        ],
        [
          14.435698,
          0.712596,
          0.699842
        ]
      ]
    },
    {
      "name": "Bone37",
      "parent": "Bone36",
      "initpos": [
        5.890901,
        0.419246,
        -0.018116
      ],
      "initquaternion": [
        0.004377,
        -0.006426,
        0.708028,
        0.70614
      ],
      "initscale": [
        0.999999,
        0.999999,
        0.999999
      ],
      "offmtx": [
        [
          -0.561937,
          -0.817125,
          0.128574,
          15.863063
        ],
        [
          0.753056,
          -0.569676,
          -0.329203,
          21.402542
        ],
        [
          0.342246,
          -0.088168,
          0.935464,
          -0.4189
        ]
      ],
      "boundingbox": [
        [
          -0.059296,
          -2.715429,
          -0.053959
        ],
        [
          4.075619,
          2.791926,
          0.083146
        ]
      ]
    },
    {
      "name": "Bone38",
      "parent": "Bone37",
      "initpos": [
        4.048501,
        0.000001,
        0.000001
      ],
      "initquaternion": [
        0,
        -1.747108342442516e-7,
        -0.014809,
        0.99989
      ],
      "initscale": [
        0.999999,
        0.999999,
        1
      ],
      "offmtx": [
        [
          -0.583992,
          -0.799896,
          0.138267,
          11.175536
        ],
        [
          0.736083,
          -0.593626,
          -0.325251,
          21.743043
        ],
        [
          0.342246,
          -0.088168,
          0.935464,
          -0.418904
        ]
      ],
      "boundingbox": [
        [
          -0.055364,
          -2.713744,
          -0.054369
        ],
        [
          3.532858,
          2.878978,
          0.082656
        ]
      ]
    },
    {
      "name": "Bone39",
      "parent": "Bone38",
      "initpos": [
        3.371722,
        0.000001,
        -1.1920928955078125e-7
      ],
      "initquaternion": [
        0,
        0,
        0.004841,
        0.999988
      ],
      "initscale": [
        1,
        1,
        1
      ],
      "offmtx": [
        [
          -0.576837,
          -0.805607,
          0.135111,
          8.013994
        ],
        [
          0.741704,
          -0.585852,
          -0.326574,
          21.66646
        ],
        [
          0.342246,
          -0.088168,
          0.935464,
          -0.418904
        ]
      ],
      "boundingbox": [
        [
          0.048948,
          -2.907192,
          -0.054695
        ],
        [
          4.919879,
          2.203858,
          0.080915
        ]
      ]
    },
    {
      "name": "Bone41",
      "parent": "Bone36",
      "initpos": [
        9.84148,
        0.321347,
        0.008271
      ],
      "initquaternion": [
        0.005139,
        -0.004957,
        0.709408,
        0.704761
      ],
      "initscale": [
        0.999999,
        1,
        0.999999
      ],
      "offmtx": [
        [
          -0.559346,
          -0.819244,
          0.126374,
          16.069906
        ],
        [
          0.756317,
          -0.566781,
          -0.326716,
          25.289257
        ],
        [
          0.339287,
          -0.087168,
          0.936635,
          -0.500217
        ]
      ],
      "boundingbox": [
        [
          -0.062224,
          -0.518065,
          -0.073446
        ],
        [
          9.567482,
          0.568761,
          0.062869
        ]
      ]
    },
    {
      "name": "Bone42",
      "parent": "Bone41",
      "initpos": [
        9.54903,
        -0.000001,
        -0.000002
      ],
      "initquaternion": [
        0.007325,
        -0.250199,
        -0.077968,
        0.965021
      ],
      "initscale": [
        0.999999,
        0.999999,
        0.999999
      ],
      "offmtx": [
        [
          -0.435647,
          -0.661339,
          0.610607,
          1.485891
        ],
        [
          0.682953,
          -0.684741,
          -0.254368,
          25.909849
        ],
        [
          0.586332,
          0.306201,
          0.749969,
          -2.964773
        ]
      ],
      "boundingbox": [
        [
          -0.106544,
          -0.769515,
          -0.096602
        ],
        [
          4.554104,
          0.833357,
          0.135572
        ]
      ]
    },
    {
      "name": "Bone43",
      "parent": "Bone20",
      "initpos": [
        3.454183,
        -2.482999,
        0.005186
      ],
      "initquaternion": [
        0.91653,
        -0.239556,
        0.184881,
        0.261539
      ],
      "initscale": [
        0.999999,
        0.999999,
        0.999999
      ],
      "offmtx": [
        [
          0.342416,
          0.816862,
          0.464204,
          -22.560899
        ],
        [
          0.74842,
          -0.535829,
          0.390836,
          8.534351
        ],
        [
          0.567994,
          0.213591,
          -0.794833,
          -2.015978
        ]
      ],
      "boundingbox": [
        [
          0.224889,
          -0.641168,
          -0.659216
        ],
        [
          15.156381,
          0.751821,
          0.727607
        ]
      ]
    },
    {
      "name": "Bone44",
      "parent": "Bone43",
      "initpos": [
        6.461942,
        0.420753,
        0.016452
      ],
      "initquaternion": [
        -0.001944,
        0.004,
        0.708046,
        0.706152
      ],
      "initscale": [
        0.999999,
        0.999999,
        0.999999
      ],
      "offmtx": [
        [
          0.742696,
          -0.539801,
          0.396251,
          8.208455
        ],
        [
          -0.342751,
          -0.814804,
          -0.467562,
          28.995044
        ],
        [
          0.575258,
          0.211441,
          -0.79017,
          -2.048156
        ]
      ],
      "boundingbox": [
        [
          -0.06228,
          -2.852629,
          -0.030195
        ],
        [
          4.085248,
          2.663846,
          0.107308
        ]
      ]
    },
    {
      "name": "Bone45",
      "parent": "Bone44",
      "initpos": [
        4.048502,
        0,
        -0.000004
      ],
      "initquaternion": [
        0,
        2.7213710040996375e-7,
        -0.014809,
        0.99989
      ],
      "initscale": [
        1,
        1,
        1
      ],
      "offmtx": [
        [
          0.752521,
          -0.515434,
          0.409925,
          3.299432
        ],
        [
          -0.320605,
          -0.830433,
          -0.455622,
          29.105533
        ],
        [
          0.575258,
          0.211441,
          -0.79017,
          -2.048151
        ]
      ],
      "boundingbox": [
        [
          -0.065235,
          -2.833164,
          -0.022035
        ],
        [
          3.555811,
          2.779142,
          0.114115
        ]
      ]
    },
    {
      "name": "Bone46",
      "parent": "Bone45",
      "initpos": [
        3.371725,
        0,
        4.76837158203125e-7
      ],
      "initquaternion": [
        0,
        -2.2724007919805445e-7,
        0.004841,
        0.999988
      ],
      "initscale": [
        0.999999,
        0.999999,
        1
      ],
      "offmtx": [
        [
          0.749382,
          -0.523451,
          0.405493,
          0.209549
        ],
        [
          -0.327877,
          -0.825403,
          -0.45957,
          29.104864
        ],
        [
          0.575258,
          0.211441,
          -0.79017,
          -2.048153
        ]
      ],
      "boundingbox": [
        [
          0.04162,
          -2.98939,
          -0.01481
        ],
        [
          4.943287,
          2.108366,
          0.119553
        ]
      ]
    },
    {
      "name": "Bone48",
      "parent": "Bone20",
      "initpos": [
        2.108386,
        -2.382004,
        -2.084363
      ],
      "initquaternion": [
        0.877424,
        -0.446389,
        0.121133,
        0.127236
      ],
      "initscale": [
        0.999999,
        0.999999,
        0.999999
      ],
      "offmtx": [
        [
          0.752522,
          0.572125,
          0.326162,
          -15.552766
        ],
        [
          0.569093,
          -0.814172,
          0.115134,
          16.230291
        ],
        [
          0.331424,
          0.098976,
          -0.938275,
          0.25722
        ]
      ],
      "boundingbox": [
        [
          -0.000999,
          -0.683846,
          -0.699755
        ],
        [
          14.435903,
          0.712745,
          0.697063
        ]
      ]
    },
    {
      "name": "Bone49",
      "parent": "Bone48",
      "initpos": [
        9.841482,
        0.321343,
        -0.008273
      ],
      "initquaternion": [
        -0.005138,
        0.004957,
        0.709408,
        0.704761
      ],
      "initscale": [
        0.999999,
        0.999999,
        0.999999
      ],
      "offmtx": [
        [
          0.559346,
          -0.819244,
          0.126374,
          16.070056
        ],
        [
          -0.756317,
          -0.56678,
          -0.326716,
          25.289039
        ],
        [
          0.339287,
          0.087167,
          -0.936635,
          0.50031
        ]
      ],
      "boundingbox": [
        [
          -0.062079,
          -0.518273,
          -0.062776
        ],
        [
          9.567629,
          0.568556,
          0.073537
        ]
      ]
    },
    {
      "name": "Bone50",
      "parent": "Bone49",
      "initpos": [
        9.54903,
        -0.000003,
        0.000002
      ],
      "initquaternion": [
        -0.007325,
        0.2502,
        -0.077968,
        0.965021
      ],
      "initscale": [
        1,
        0.999999,
        0.999999
      ],
      "offmtx": [
        [
          0.435647,
          -0.661339,
          0.610607,
          1.486011
        ],
        [
          -0.682953,
          -0.684741,
          -0.254369,
          25.909667
        ],
        [
          0.586333,
          -0.306201,
          -0.749969,
          2.964921
        ]
      ],
      "boundingbox": [
        [
          -0.10643,
          -0.769696,
          -0.135415
        ],
        [
          4.55422,
          0.833176,
          0.09676
        ]
      ]
    },
    {
      "name": "Bone51",
      "parent": "Bone48",
      "initpos": [
        5.890899,
        0.419247,
        0.018113
      ],
      "initquaternion": [
        -0.004377,
        0.006426,
        0.708028,
        0.70614
      ],
      "initscale": [
        1,
        0.999999,
        0.999999
      ],
      "offmtx": [
        [
          0.561937,
          -0.817126,
          0.128574,
          15.863212
        ],
        [
          -0.753056,
          -0.569676,
          -0.329203,
          21.402341
        ],
        [
          0.342246,
          0.088168,
          -0.935464,
          0.418997
        ]
      ],
      "boundingbox": [
        [
          -0.059154,
          -2.715636,
          -0.083053
        ],
        [
          4.075763,
          2.791723,
          0.054052
        ]
      ]
    },
    {
      "name": "Bone52",
      "parent": "Bone51",
      "initpos": [
        4.048497,
        0,
        0.000002
      ],
      "initquaternion": [
        0,
        2.3483299571580574e-7,
        -0.014809,
        0.99989
      ],
      "initscale": [
        0.999999,
        0.999999,
        1
      ],
      "offmtx": [
        [
          0.583992,
          -0.799896,
          0.138267,
          11.175692
        ],
        [
          -0.736083,
          -0.593625,
          -0.325251,
          21.742847
        ],
        [
          0.342246,
          0.088167,
          -0.935464,
          0.418999
        ]
      ],
      "boundingbox": [
        [
          -0.055187,
          -2.71394,
          -0.082566
        ],
        [
          3.533015,
          2.878781,
          0.054461
        ]
      ]
    },
    {
      "name": "Bone53",
      "parent": "Bone52",
      "initpos": [
        3.371723,
        0.000003,
        -0.000001
      ],
      "initquaternion": [
        0,
        -1.825370787855718e-7,
        0.004841,
        0.999988
      ],
      "initscale": [
        0.999999,
        0.999999,
        1
      ],
      "offmtx": [
        [
          0.576838,
          -0.805606,
          0.135111,
          8.014141
        ],
        [
          -0.741704,
          -0.585852,
          -0.326574,
          21.666257
        ],
        [
          0.342246,
          0.088168,
          -0.935464,
          0.418998
        ]
      ],
      "boundingbox": [
        [
          0.049101,
          -2.907391,
          -0.080821
        ],
        [
          4.920032,
          2.203658,
          0.054789
        ]
      ]
    }
  ],
  "boundingbox": [
    [
      -17.505134,
      12.708524,
      3.039447
    ],
    [
      17.505134,
      36.031764,
      15.029929
    ]
  ]
}
