{
  "skeleton": [
    {
      "name": "root",
      "parent": "root",
      "initpos": [
        0,
        0,
        0
      ],
      "initquaternion": [
        -0.013234,
        0.706982,
        -0.706982,
        -0.013234
      ],
      "initscale": [
        0.999999,
        0.999999,
        0.999999
      ],
      "offmtx": [
        [
          1,
          0,
          0,
          0
        ],
        [
          0,
          1,
          0,
          0
        ],
        [
          0,
          0,
          1,
          0
        ]
      ],
      "boundingbox": [
        [
          0,
          0,
          0
        ],
        [
          0,
          0,
          0
        ]
      ]
    },
    {
      "name": "Bone004",
      "parent": "root",
      "initpos": [
        2.55159,
        -68.129325,
        -3.552318
      ],
      "initquaternion": [
        0,
        0,
        0.999824,
        -0.018716
      ],
      "initscale": [
        0.999999,
        0.999999,
        1
      ],
      "offmtx": [
        [
          -0.999299,
          0,
          0.037426,
          -10.842465
        ],
        [
          -0.037426,
          0,
          -0.999299,
          -13.763216
        ],
        [
          0,
          -0.999999,
          0,
          0
        ]
      ],
      "boundingbox": [
        [
          -13.416448,
          -14.94502,
          -39.981571
        ],
        [
          15.710547,
          11.457571,
          3.495429
        ]
      ]
    },
    {
      "name": "Bone001",
      "parent": "Bone004",
      "initpos": [
        12.712265,
        -12.414459,
        -18.664554
      ],
      "initquaternion": [
        -0.008767,
        0.707052,
        -0.707052,
        0.008767
      ],
      "initscale": [
        1,
        1,
        1
      ],
      "offmtx": [
        [
          0.243923,
          -1.0756774315723305e-7,
          0.969794,
          5.977218
        ],
        [
          0,
          0.999999,
          0,
          -18.66455
        ],
        [
          -0.969794,
          0,
          0.243923,
          -21.801723
        ]
      ],
      "boundingbox": [
        [
          -0.004035,
          -18.662879,
          -1.038166
        ],
        [
          23.000038,
          17.33711,
          1.009281
        ]
      ]
    },
    {
      "name": "Bone002",
      "parent": "Bone001",
      "initpos": [
        20.436891,
        -3.905899,
        0.943702
      ],
      "initquaternion": [
        0.003997,
        -0.703703,
        0.004036,
        0.71047
      ],
      "initscale": [
        0.999999,
        0.999999,
        0.999999
      ],
      "offmtx": [
        [
          -0.967415,
          0.000108,
          0.253192,
          -22.884368
        ],
        [
          -0.002771,
          0.999935,
          -0.011018,
          -14.593405
        ],
        [
          -0.253177,
          -0.011361,
          -0.967352,
          14.408066
        ]
      ],
      "boundingbox": [
        [
          0.031177,
          -1.040576,
          -1.105599
        ],
        [
          2.732133,
          0.996253,
          0.954476
        ]
      ]
    },
    {
      "name": "Bone003",
      "parent": "Bone001",
      "initpos": [
        20.390377,
        -3.924821,
        -1.02172
      ],
      "initquaternion": [
        -0.004049,
        0.712728,
        0.003985,
        0.701416
      ],
      "initscale": [
        0.999999,
        1,
        0.999999
      ],
      "offmtx": [
        [
          0.965768,
          -0.000181,
          -0.259404,
          21.010574
        ],
        [
          -0.002771,
          0.999935,
          -0.01102,
          -14.574997
        ],
        [
          0.259389,
          0.011361,
          0.965705,
          -14.24545
        ]
      ],
      "boundingbox": [
        [
          -0.089639,
          -1.021159,
          -0.962746
        ],
        [
          2.619783,
          1.015673,
          1.110076
        ]
      ]
    }
  ],
  "boundingbox": [
    [
      -26.530799,
      -3.495429,
      -24.356281
    ],
    [
      2.5,
      39.981571,
      22.068769
    ]
  ]
}
