{"skeleton":[{"name":"root","parent":"root","initpos":[0.0,0.0,-0.0],"initquaternion":[0.707106,0.0,0.0,0.707106],"initscale":[1.0,0.999999,0.999999],"offmtx":[[1.0,0.0,0.0,0.0],[0.0,1.0,0.0,0.0],[0.0,0.0,1.0,0.0]],"boundingbox":[[0.0,0.0,0.0],[0.0,0.0,0.0]]},{"name":"Bone001","parent":"root","initpos":[0.0,0.395467,-4.970436],"initquaternion":[2.528810796320613e-07,0.707106,-2.5288105121035187e-07,0.707106],"initscale":[1.0,1.0,1.0],"offmtx":[[0.0,0.999999,0.0,-4.970436],[2.384185791015625e-07,-0.0,0.999999,-0.395467],[1.0,-0.0,-2.3841856489070778e-07,4.5225800704429275e-07]],"boundingbox":[[0.020535,-8.555501,-7.497179],[16.703601,8.444705,7.49723]]},{"name":"Bone003","parent":"Bone001","initpos":[4.599103,5.290484,-9.403785],"initquaternion":[0.0,-1.7722724976465543e-07,0.963113,0.269095],"initscale":[1.0,1.0,1.0],"offmtx":[[2.745773599599488e-07,-0.855175,0.518338,5.236387],[-5.297310963214841e-07,-0.518338,-0.855175,9.822746],[1.0,-0.0,-5.953370418865234e-07,9.403788]],"boundingbox":[[0.04737,-2.019987,-2.091655],[4.048532,1.981358,2.068387]]},{"name":"Bone004","parent":"Bone003","initpos":[3.004,0.436047,-2e-06],"initquaternion":[0.0,2.4125199615809834e-07,-0.274785,0.961505],"initscale":[0.999999,0.999999,1.0],"offmtx":[[1.8718877470291773e-07,-0.452134,0.891949,-3.064805],[-3.920664823908737e-07,-0.891949,-0.452134,9.148802],[1.0,-2.6506907602197316e-07,-3.4422973271830415e-07,9.40379]],"boundingbox":[[-0.023568,-2.016674,-2.044435],[5.002307,2.016078,2.013518]]},{"name":"Bone005","parent":"Bone001","initpos":[3.904368,-6.586255,-8.714402],"initquaternion":[0.118186,-0.015544,0.934107,-0.336501],"initscale":[1.0,1.0,0.999999],"offmtx":[[0.210335,-0.745597,-0.632331,4.535353],[-0.108581,0.624982,-0.77305,-11.278606],[0.97158,0.231259,0.050498,6.72699]],"boundingbox":[[0.076642,-2.035762,-2.127323],[4.114716,2.024049,1.955233]]},{"name":"Bone006","parent":"Bone005","initpos":[3.71847,0.062986,-0.066767],"initquaternion":[-0.00946,0.005489,-0.008572,0.999903],"initscale":[0.999999,0.999999,0.999999],"offmtx":[[0.201656,-0.758722,-0.619414,0.938831],[-0.123434,0.607677,-0.784532,-11.453149],[0.971647,0.234663,0.028889,6.587726]],"boundingbox":[[0.352587,-1.636823,-2.0393],[4.423631,1.500434,2.075225]]},{"name":"Bone019","parent":"Bone006","initpos":[5.352297,-1.745793,6.904945],"initquaternion":[0.100111,0.064452,0.431437,0.894251],"initscale":[1.0,1.0,0.999999],"offmtx":[[3.282696354744985e-07,0.0,-0.999999,-10.340333],[0.0,0.999999,0.0,-2.624789],[1.0,-0.0,3.2826966389620793e-07,3e-06]],"boundingbox":[[0.056266,-2.625977,-4.689004],[9.490715,2.614632,4.746377]]},{"name":"Bone007","parent":"Bone001","initpos":[4.059979,-6.602805,8.757161],"initquaternion":[-0.117537,0.046971,0.939145,-0.31935],"initscale":[0.999999,0.999999,0.999999],"offmtx":[[-0.190769,-0.7684,-0.610874,4.817662],[0.163297,0.588791,-0.791617,-11.660894],[0.967957,-0.25077,0.013154,-6.130334]],"boundingbox":[[0.129981,-2.23083,-2.168376],[4.298087,2.120554,2.231986]]},{"name":"Bone008","parent":"Bone007","initpos":[3.71847,0.062986,-0.066768],"initquaternion":[-0.00946,0.005489,-0.008572,0.999903],"initscale":[0.999999,0.999999,0.999999],"offmtx":[[-0.204015,-0.775683,-0.597238,1.366739],[0.141589,0.580274,-0.802018,-11.586044],[0.968674,-0.248186,-0.008556,-6.270574]],"boundingbox":[[0.426721,-1.678379,-2.080746],[4.580479,1.664388,2.111415]]},{"name":"Bone009","parent":"Bone001","initpos":[4.599103,5.290478,9.492333],"initquaternion":[0.0,-1.7722724976465543e-07,0.963113,0.269095],"initscale":[1.0,1.0,1.0],"offmtx":[[2.745773599599488e-07,-0.855175,0.518338,5.236389],[-5.297310963214841e-07,-0.518338,-0.855175,9.822748],[1.0,-0.0,-5.953370418865234e-07,-9.49233]],"boundingbox":[[0.047374,-2.01999,-2.15693],[4.048537,1.981352,2.003108]]},{"name":"Bone010","parent":"Bone009","initpos":[3.004,0.436049,-2e-06],"initquaternion":[0.0,2.4125199615809834e-07,-0.274785,0.961505],"initscale":[0.999999,0.999999,1.0],"offmtx":[[1.8718877470291773e-07,-0.452134,0.891949,-3.064799],[-3.920664823908737e-07,-0.891949,-0.452134,9.148806],[1.0,-2.6506907602197316e-07,-3.4422973271830415e-07,-9.492328]],"boundingbox":[[-0.02356,-2.016675,-2.102058],[5.002315,2.016077,1.955891]]},{"name":"Bone011","parent":"Bone001","initpos":[9.302549,5.637743,-9.536744300930877e-07],"initquaternion":[0.833177,0.553004,-0.0,3.9339496993306966e-07],"initscale":[0.999999,0.999999,0.999999],"offmtx":[[-2.5713364948387607e-07,0.388371,0.921503,-11.102838],[4.7166503236439894e-07,0.921503,-0.388371,-10.809474],[-1.0,3.3477741112619697e-07,-4.201305330298055e-07,-1e-06]],"boundingbox":[[0.006566,-1.726127,-1.784474],[5.018467,1.790267,1.776066]]},{"name":"Bone012","parent":"Bone011","initpos":[4.949236,-0.390495,0.0],"initquaternion":[0.0,0.0,0.003178,0.999994],"initscale":[0.999999,0.999999,1.0],"offmtx":[[-2.5412981585759553e-07,0.394221,0.919015,-16.117982],[4.732933405193762e-07,0.919015,-0.394221,-10.316715],[-1.0,3.3478048067081545e-07,-4.201318120067299e-07,-1e-06]],"boundingbox":[[0.045118,-2.565494,-2.675293],[7.059829,3.675757,2.753165]]},{"name":"Bone021","parent":"Bone012","initpos":[7.040548,-1e-06,-1e-06],"initquaternion":[0.999983,0.005686,-0.0,-1.9470405732135987e-07],"initscale":[1.0,0.999999,0.999999],"offmtx":[[-2.6430814159539295e-07,0.404648,0.914472,-23.274372],[-0.0,-0.914472,0.404648,10.052668],[1.0,0.0,2.768011313492025e-07,-3e-06]],"boundingbox":[[-0.359992,-3.261733,-2.030602],[5.692115,2.007993,2.027372]]},{"name":"Bone013","parent":"Bone001","initpos":[11.700473,8.843157,2.179191],"initquaternion":[0.0,0.0,0.0,1.0],"initscale":[1.0,1.0,1.0],"offmtx":[[0.0,0.999999,0.0,-16.670911],[-2.384185791015625e-07,0.0,0.999999,-9.238622],[1.0,-0.0,2.3841856489070778e-07,-2.179195]],"boundingbox":[[-0.012604,-0.341933,-0.307013],[14.618161,0.420733,0.211014]]},{"name":"Bone014","parent":"Bone013","initpos":[14.538831,-0.000206,-0.0],"initquaternion":[0.0,0.0,0.0,1.0],"initscale":[1.0,1.0,1.0],"offmtx":[[2.18556948539117e-07,0.999999,0.0,-31.209743],[-2.384185791015625e-07,0.0,0.999999,-9.238414],[1.0,-2.1855693432826229e-07,2.3841856489070778e-07,-2.179189]],"boundingbox":[[-0.212092,-3.564428,-3.906197],[7.070729,3.928696,3.593884]]},{"name":"Bone002","parent":"Bone001","initpos":[8.006525,-8.543848,1e-06],"initquaternion":[-0.0,0.0,-0.707106,0.707106],"initscale":[1.0,1.0,1.0],"offmtx":[[2.887673531404289e-07,0.0,-0.999999,-8.148381],[-1.6292067073209182e-07,0.999999,-0.0,-12.976961],[1.0,1.629206565212371e-07,2.8876732471871946e-07,3.511482589146908e-07]],"boundingbox":[[-0.22655,-5.982069,-6.225224],[15.02531,6.13693,6.130978]]},{"name":"Bone017","parent":"Bone002","initpos":[4.439194,5.467858,3.900745],"initquaternion":[0.500001,0.500001,-0.499998,-0.499998],"initscale":[0.999999,1.0,0.999999],"offmtx":[[3.2579208664174075e-07,0.999999,0.0,-18.444822],[-1.0,3.257920582200313e-07,-7e-06,3.900649],[-7e-06,0.0,0.999999,12.587603]],"boundingbox":[[-0.040652,-1.027308,-1.572461],[1.980463,0.972711,1.427551]]},{"name":"Bone018","parent":"Bone017","initpos":[1.231933,0.013172,-0.028098],"initquaternion":[0.0,0.0,0.0,1.0],"initscale":[1.0,1.0,1.0],"offmtx":[[3.2579208664174075e-07,0.999999,0.0,-19.676755],[-1.0,3.257920582200313e-07,-1e-06,3.887542],[-1e-06,0.0,0.999999,12.61568]],"boundingbox":[[0.016205,-1.445321,-2.040843],[3.867895,1.448544,1.813595]]},{"name":"Bone020","parent":"Bone018","initpos":[3.844476,-0.135235,-0.103738],"initquaternion":[0.0,0.0,0.0,1.0],"initscale":[1.0,1.0,1.0],"offmtx":[[3.2579208664174075e-07,0.999999,0.0,-23.52123],[-1.0,3.257920582200313e-07,1.1920928244535389e-07,4.022799],[1.1920928955078125e-07,-0.0,0.999999,12.719408]],"boundingbox":[[0.017526,-0.704547,-1.223634],[2.93367,0.7413,1.182191]]},{"name":"Bone015","parent":"Bone002","initpos":[4.439253,5.467856,-4.079931],"initquaternion":[0.500001,0.500001,-0.499998,-0.499998],"initscale":[0.999999,1.0,0.999999],"offmtx":[[3.2579208664174075e-07,0.999999,0.0,-18.444816],[-1.0,3.257920582200313e-07,-7e-06,-4.080027],[-7e-06,0.0,0.999999,12.587604]],"boundingbox":[[-0.040648,-1.012402,-1.572403],[1.980467,0.987617,1.427608]]},{"name":"Bone016","parent":"Bone015","initpos":[2.00406,-4.76837158203125e-07,-0.0],"initquaternion":[0.0,0.0,0.0,1.0],"initscale":[1.0,1.0,1.0],"offmtx":[[2.8348222258500755e-07,0.999999,0.0,-20.448877],[-1.0,2.834821941632981e-07,1.1920928244535389e-07,-4.079936],[1.1920928955078125e-07,-0.0,0.999999,12.587633]],"boundingbox":[[-0.043377,-1.491542,-2.0724],[3.456623,1.508458,1.927602]]},{"name":"Bone022","parent":"Bone001","initpos":[12.963346,-4.848712,6.504585],"initquaternion":[0.649267,0.548117,0.276605,-0.448897],"initscale":[1.0,1.0,1.0],"offmtx":[[0.851278,0.246113,0.463414,-7.887264],[-0.279683,0.960084,0.003881,-15.381429],[-0.443961,-0.132914,0.886133,9.217607]],"boundingbox":[[-1.160796,-0.465469,-3.631776],[10.713476,0.590812,4.25319]]},{"name":"Bone023","parent":"Bone001","initpos":[12.920761,-5.124075,-6.259071],"initquaternion":[-0.432026,0.254301,0.559779,0.659795],"initscale":[0.999999,1.0,1.0],"offmtx":[[-0.819252,0.243955,0.51895,-7.038502],[-0.285393,-0.95841,-3.650783924058487e-07,15.360803],[0.497368,-0.148105,0.854803,9.804881]],"boundingbox":[[-1.026655,-0.57083,-3.875187],[10.903072,0.53192,4.039115]]},{"name":"bind","parent":"Bone001","initpos":[16.636497,-1.431498,2.4700909762032097e-07],"initquaternion":[-0.707107,-0.0,0.0,0.707106],"initscale":[1.0,1.0,1.0],"offmtx":[[0.0,0.999999,0.0,-21.606929],[-0.999999,0.0,-1e-06,-1e-06],[-1e-06,0.0,0.999999,1.036032]],"boundingbox":[[-1.052968,-0.474339,-0.521132],[-1.052968,-0.474339,-0.521132]]}],"boundingbox":[[-16.728477,-0.00119,-23.17369],[16.728477,38.280471,23.174028]]}