{
  "skeleton": [
    {
      "name": "root",
      "parent": "root",
      "initpos": [
        0,
        0,
        0
      ],
      "initquaternion": [
        0.707106,
        0,
        0,
        0.707106
      ],
      "initscale": [
        1,
        0.999999,
        0.999999
      ],
      "offmtx": [
        [
          1,
          0,
          0,
          0
        ],
        [
          0,
          1,
          0,
          0
        ],
        [
          0,
          0,
          1,
          0
        ]
      ],
      "boundingbox": [
        [
          0,
          0,
          0
        ],
        [
          0,
          0,
          0
        ]
      ]
    },
    {
      "name": "Bone001",
      "parent": "root",
      "initpos": [
        0,
        0,
        0
      ],
      "initquaternion": [
        0.5,
        -0.499999,
        -0.5,
        -0.499999
      ],
      "initscale": [
        1,
        1,
        1
      ],
      "offmtx": [
        [
          1.9495851688589028e-7,
          0.999999,
          0,
          0
        ],
        [
          -0.999999,
          1.94958531096745e-7,
          -1.6111876277591364e-7,
          -9.397259645993472e-7
        ],
        [
          -1.6111877698676835e-7,
          0,
          0.999999,
          0
        ]
      ],
      "boundingbox": [
        [
          5.607853,
          -9.626687,
          -7.0995
        ],
        [
          18.772224,
          9.626687,
          11.145567
        ]
      ]
    },
    {
      "name": "Bone011",
      "parent": "Bone001",
      "initpos": [
        5.268071,
        -4.287263,
        -1.273599
      ],
      "initquaternion": [
        -0.566943,
        0.254396,
        0.717741,
        -0.314174
      ],
      "initscale": [
        0.999999,
        0.999999,
        0.999999
      ],
      "offmtx": [
        [
          0.739448,
          -0.15974,
          -0.653986,
          -3.161604
        ],
        [
          0.673153,
          0.162535,
          0.721419,
          -2.823434
        ],
        [
          -0.008943,
          -0.973686,
          0.227716,
          5.457813
        ]
      ],
      "boundingbox": [
        [
          -0.04284,
          -1.875016,
          -2.091198
        ],
        [
          10.135272,
          2.088731,
          1.696306
        ]
      ]
    },
    {
      "name": "Bone012",
      "parent": "Bone001",
      "initpos": [
        6.427187,
        1.777318,
        -3.290386
      ],
      "initquaternion": [
        -0.517182,
        -0.10956,
        0.847048,
        0.055012
      ],
      "initscale": [
        0.999999,
        0.999999,
        0.999999
      ],
      "offmtx": [
        [
          -0.206522,
          -0.458991,
          -0.864103,
          -0.260269
        ],
        [
          0.969939,
          0.020129,
          -0.242509,
          0.796568
        ],
        [
          0.128703,
          -0.888212,
          0.441036,
          7.388638
        ]
      ],
      "boundingbox": [
        [
          -0.353933,
          -1.944239,
          -2.354959
        ],
        [
          10.028761,
          1.867366,
          2.260323
        ]
      ]
    },
    {
      "name": "Bone013",
      "parent": "Bone001",
      "initpos": [
        6.427188,
        -1.692589,
        -3.115798
      ],
      "initquaternion": [
        -0.528979,
        0.106474,
        0.838436,
        -0.076596
      ],
      "initscale": [
        0.999999,
        1,
        0.999999
      ],
      "offmtx": [
        [
          0.241087,
          -0.428626,
          -0.87072,
          -0.36619
        ],
        [
          0.965592,
          0.015795,
          0.25958,
          -0.927073
        ],
        [
          -0.097509,
          -0.903343,
          0.417686,
          7.27243
        ]
      ],
      "boundingbox": [
        [
          -0.191917,
          -2.088486,
          -2.06499
        ],
        [
          10.206838,
          1.929605,
          2.134709
        ]
      ]
    },
    {
      "name": "bind",
      "parent": "Bone001",
      "initpos": [
        18.892543,
        -9.536742595628311e-7,
        -0.000003
      ],
      "initquaternion": [
        0,
        0,
        0,
        1
      ],
      "initscale": [
        1,
        1,
        1
      ],
      "offmtx": [
        [
          2.8054310519110004e-7,
          1,
          0,
          -18.892549
        ],
        [
          -1,
          2.805430483476812e-7,
          3.576278402306343e-7,
          -0.000005
        ],
        [
          3.5762786865234375e-7,
          0,
          0.999999,
          0.000007
        ]
      ],
      "boundingbox": [
        [
          -0.120318,
          -4.123098,
          3.391374
        ],
        [
          -0.120318,
          -4.123098,
          3.391374
        ]
      ]
    },
    {
      "name": "Bone004",
      "parent": "Bone001",
      "initpos": [
        16.3311,
        8.486867,
        -3.045704
      ],
      "initquaternion": [
        0.064932,
        -0.372156,
        0.151114,
        0.913481
      ],
      "initscale": [
        0.999999,
        0.999999,
        0.999999
      ],
      "offmtx": [
        [
          -0.22775,
          0.677327,
          0.69954,
          -10.863806
        ],
        [
          -0.945896,
          -0.32441,
          0.006152,
          -2.710977
        ],
        [
          0.231105,
          -0.660291,
          0.714566,
          14.921008
        ]
      ],
      "boundingbox": [
        [
          0.036302,
          -0.973562,
          -1.05321
        ],
        [
          8.361343,
          0.927126,
          1.027027
        ]
      ]
    },
    {
      "name": "Bone005",
      "parent": "Bone001",
      "initpos": [
        16.331108,
        -8.486991,
        -3.045723
      ],
      "initquaternion": [
        -0.064932,
        -0.372155,
        -0.151114,
        0.913481
      ],
      "initscale": [
        1,
        0.999999,
        1
      ],
      "offmtx": [
        [
          0.22775,
          0.677328,
          0.699538,
          -10.863848
        ],
        [
          -0.945896,
          0.32441,
          -0.006152,
          2.711091
        ],
        [
          -0.231104,
          -0.660289,
          0.714567,
          14.921031
        ]
      ],
      "boundingbox": [
        [
          0.03628,
          -0.927014,
          -1.053151
        ],
        [
          8.361316,
          0.973674,
          1.027072
        ]
      ]
    },
    {
      "name": "Bone006",
      "parent": "Bone001",
      "initpos": [
        4.594225,
        2.847411,
        4.065894
      ],
      "initquaternion": [
        -0.232457,
        -0.758431,
        0.206682,
        0.572736
      ],
      "initscale": [
        0.999999,
        0.999999,
        1
      ],
      "offmtx": [
        [
          -0.589355,
          -0.235872,
          0.772672,
          -3.736088
        ],
        [
          -0.80649,
          0.115857,
          -0.579783,
          -0.471349
        ],
        [
          0.047235,
          -0.964852,
          -0.25851,
          5.618325
        ]
      ],
      "boundingbox": [
        [
          -0.198565,
          -1.885541,
          -2.019395
        ],
        [
          10.036008,
          1.956856,
          1.759579
        ]
      ]
    },
    {
      "name": "Bone007",
      "parent": "Bone001",
      "initpos": [
        4.594228,
        -2.762697,
        4.24048
      ],
      "initquaternion": [
        0.217713,
        -0.751992,
        -0.22984,
        0.57817
      ],
      "initscale": [
        0.999998,
        1,
        1
      ],
      "offmtx": [
        [
          0.593212,
          -0.236638,
          0.769481,
          -3.814661
        ],
        [
          -0.799547,
          -0.061663,
          0.597428,
          -0.041181
        ],
        [
          -0.093926,
          -0.969638,
          -0.225783,
          5.671661
        ]
      ],
      "boundingbox": [
        [
          -0.288495,
          -2.212186,
          -2.090176
        ],
        [
          9.957635,
          1.860391,
          1.878798
        ]
      ]
    },
    {
      "name": "Bone008",
      "parent": "Bone001",
      "initpos": [
        5.455441,
        3.915693,
        1.197951
      ],
      "initquaternion": [
        0.381609,
        0.59881,
        -0.586143,
        -0.390173
      ],
      "initscale": [
        1,
        0.999999,
        1
      ],
      "offmtx": [
        [
          -0.914418,
          -0.404277,
          0.019923,
          -1.39894
        ],
        [
          -0.021619,
          -0.000371,
          -0.999765,
          1.115044
        ],
        [
          0.40419,
          -0.914635,
          -0.0084,
          6.582493
        ]
      ],
      "boundingbox": [
        [
          0.07352,
          -2.087062,
          -2.228631
        ],
        [
          10.337168,
          1.793641,
          1.745728
        ]
      ]
    },
    {
      "name": "Bone009",
      "parent": "Bone001",
      "initpos": [
        5.455444,
        -3.830973,
        1.372533
      ],
      "initquaternion": [
        -0.390044,
        0.594459,
        0.583071,
        -0.393078
      ],
      "initscale": [
        1,
        0.999999,
        0.999998
      ],
      "offmtx": [
        [
          0.922116,
          -0.386708,
          0.01249,
          -1.440081
        ],
        [
          -0.015785,
          -0.005345,
          0.999861,
          -1.282709
        ],
        [
          -0.386588,
          -0.922186,
          -0.011033,
          6.52709
        ]
      ],
      "boundingbox": [
        [
          0.196969,
          -1.89794,
          -2.069131
        ],
        [
          10.370406,
          1.917793,
          1.722584
        ]
      ]
    },
    {
      "name": "Bone010",
      "parent": "Bone001",
      "initpos": [
        5.268065,
        4.371988,
        -1.448184
      ],
      "initquaternion": [
        -0.236242,
        0.190508,
        0.684769,
        0.662561
      ],
      "initscale": [
        0.999999,
        0.999999,
        0.999999
      ],
      "offmtx": [
        [
          -0.81739,
          -0.010405,
          -0.575989,
          -4.352948
        ],
        [
          0.049438,
          -0.997415,
          -0.052141,
          5.395085
        ],
        [
          -0.573958,
          -0.071096,
          0.815792,
          -0.95338
        ]
      ],
      "boundingbox": [
        [
          -0.625532,
          -2.456386,
          -3.170997
        ],
        [
          10.283548,
          3.600954,
          2.479285
        ]
      ]
    },
    {
      "name": "Bone002",
      "parent": "Bone010",
      "initpos": [
        8.887016,
        1.136796,
        -0.699403
      ],
      "initquaternion": [
        0.049331,
        0.002222,
        -0.732843,
        0.678602
      ],
      "initscale": [
        0.999999,
        0.999999,
        0.999999
      ],
      "offmtx": [
        [
          0.05466,
          0.997956,
          0.0331,
          -3.233854
        ],
        [
          -0.853635,
          0.063901,
          -0.516935,
          -13.524147
        ],
        [
          -0.517994,
          2.682206172721635e-7,
          0.855383,
          0.365663
        ]
      ],
      "boundingbox": [
        [
          -0.048621,
          -1.45541,
          -1.690577
        ],
        [
          6.35077,
          3.708269,
          1.47703
        ]
      ]
    },
    {
      "name": "Bone003",
      "parent": "Bone002",
      "initpos": [
        4.691345,
        -0.000002,
        -4.172325134277344e-7
      ],
      "initquaternion": [
        0,
        0,
        0.707106,
        0.707106
      ],
      "initscale": [
        0.999999,
        0.999999,
        1
      ],
      "offmtx": [
        [
          -0.853635,
          0.063901,
          -0.516935,
          -13.524141
        ],
        [
          -0.05466,
          -0.997956,
          -0.0331,
          7.925203
        ],
        [
          -0.517994,
          2.5704474637677777e-7,
          0.855383,
          0.365666
        ]
      ],
      "boundingbox": [
        [
          3.371082,
          -3.008788,
          -3.305448
        ],
        [
          8.147614,
          2.896667,
          2.989489
        ]
      ]
    }
  ],
  "boundingbox": [
    [
      -17.980279,
      -0.022965,
      -13.099859
    ],
    [
      14.132268,
      22.780782,
      13.323433
    ]
  ]
}
