{"skeleton":[{"name":"root","parent":"root","initpos":[0.0,0.0,-0.0],"initquaternion":[0.707106,0.0,0.0,0.707106],"initscale":[1.0,0.999999,0.999999],"offmtx":[[1.0,0.0,0.0,0.0],[0.0,1.0,0.0,0.0],[0.0,0.0,1.0,0.0]],"boundingbox":[[0.0,0.0,0.0],[0.0,0.0,0.0]]},{"name":"Bone001","parent":"root","initpos":[4.76837158203125e-07,8.116451,-5.37542],"initquaternion":[-0.339215,0.620429,-0.339215,0.620429],"initscale":[0.999999,0.999999,1.0],"offmtx":[[-1.3715273894376878e-07,0.539731,-0.841837,3.931449],[0.0,0.841837,0.539731,-8.90593],[1.0,0.0,-1.3932826448126434e-07,9.330468628832023e-07]],"boundingbox":[[-0.0286,-2.178384,-2.919836],[11.640668,2.693083,2.920146]]},{"name":"Bone016","parent":"Bone001","initpos":[0.955154,-1.180118,-1.351379],"initquaternion":[-4.025308442123787e-07,3.329421360831475e-07,-0.699599,0.714535],"initscale":[1.0,1.0,1.0],"offmtx":[[0.0,-0.830249,-0.557391,7.786955],[-1e-06,0.557391,-0.830249,2.812448],[1.0,6.896792115185235e-07,-9.549702326694387e-07,1.351382]],"boundingbox":[[0.004641,-0.949285,-1.019185],[2.927356,1.007368,0.827127]]},{"name":"Bone017","parent":"Bone016","initpos":[2.976241,8e-06,-0.0],"initquaternion":[0.0,-0.0,-0.686605,0.72703],"initscale":[0.999999,0.999999,1.0],"offmtx":[[1e-06,-0.603926,0.797039,-2.532936],[1.4781576851419231e-07,-0.797039,-0.603926,4.96357],[1.0,8.290381856568274e-07,-8.493761924910359e-07,1.351381]],"boundingbox":[[-1.126713,-1.015263,-1.069327],[2.765526,0.939739,0.877327]]},{"name":"Bone014","parent":"Bone001","initpos":[0.955154,-1.180118,1.351],"initquaternion":[0.714535,-0.699599,5.615507348011306e-07,-5.56855809463741e-07],"initscale":[1.0,1.0,0.999999],"offmtx":[[-0.0,-0.830249,-0.557391,7.786952],[-1e-06,-0.557391,0.830249,-2.812448],[-1.0,6.763930855413491e-07,-9.229893862539029e-07,1.351002]],"boundingbox":[[0.00464,-1.00737,-1.019565],[2.927357,0.949285,0.826748]]},{"name":"Bone015","parent":"Bone014","initpos":[2.976241,-9e-06,-0.0],"initquaternion":[-0.0,-0.0,0.686605,0.72703],"initscale":[1.0,1.0,1.0],"offmtx":[[-1e-06,-0.603926,0.797039,-2.532937],[0.0,0.797039,0.603926,-4.963569],[-1.0,7.539546231782879e-07,-9.83516770247661e-07,1.351003]],"boundingbox":[[-1.126716,-0.939738,-1.069706],[2.765525,1.015264,0.876947]]},{"name":"Bone002","parent":"Bone001","initpos":[6.70364,-0.06434,1.792],"initquaternion":[-0.319434,-0.601011,-0.201894,0.704262],"initscale":[0.999999,0.999999,1.0],"offmtx":[[0.975523,0.189654,-0.111285,-3.172185],[-0.207248,0.962133,-0.177051,-7.797812],[0.073493,0.195781,0.977889,-4.266305]],"boundingbox":[[0.002223,-1.477503,-0.964305],[4.879136,1.461192,0.886744]]},{"name":"Bone003","parent":"Bone002","initpos":[5.735824,0.180961,0.727563],"initquaternion":[-0.256662,0.593661,-0.395489,0.652133],"initscale":[1.0,0.999999,0.999998],"offmtx":[[0.110817,-0.904694,-0.411396,9.557562],[0.031691,0.416952,-0.908375,-2.295188],[0.993335,0.087626,0.074876,-8.446105]],"boundingbox":[[-0.744299,-1.486229,-1.592808],[8.400542,1.536477,1.430229]]},{"name":"Bone004","parent":"Bone003","initpos":[7.798011,0.656336,-0.002447],"initquaternion":[-0.015511,0.055562,0.000836,0.998334],"initscale":[0.999999,0.999998,1.0],"offmtx":[[-9.5e-05,-0.908852,-0.417117,2.685829],[0.000626,0.417117,-0.908852,-2.695365],[1.0,-0.000347,0.00053,-8.283989]],"boundingbox":[[0.068476,-1.828819,-2.889528],[1.056256,2.069355,1.552429]]},{"name":"Bone007","parent":"Bone004","initpos":[1.052508,1.068258,0.56126],"initquaternion":[0.0,0.0,0.0,1.0],"initscale":[1.0,1.0,1.0],"offmtx":[[-9.5e-05,-0.908852,-0.417117,1.633327],[0.000626,0.417117,-0.908852,-3.763625],[0.999999,-0.000348,0.000529,-8.845242]],"boundingbox":[[-0.068088,-0.982922,-0.981103],[2.885442,0.981511,0.967822]]},{"name":"Bone006","parent":"Bone004","initpos":[1.052506,1.068261,-1.904338],"initquaternion":[0.0,0.0,0.0,1.0],"initscale":[1.0,1.0,1.0],"offmtx":[[-9.5e-05,-0.908852,-0.417117,1.633326],[0.000626,0.417117,-0.908852,-3.763625],[0.999999,-0.000348,0.000529,-6.379649]],"boundingbox":[[-0.067854,-0.98446,-0.97037],[2.885677,0.979972,0.978555]]},{"name":"Bone005","parent":"Bone004","initpos":[0.749802,-0.84897,-2.180345],"initquaternion":[0.977417,-0.211318,0.000118,0.00027],"initscale":[1.0,1.0,0.999999],"offmtx":[[-4.917384899272292e-07,-0.99999,-0.004424,2.523748],[-4.5e-05,-0.004424,0.99999,0.878763],[-1.0,6.928779043846589e-07,-4.5e-05,6.104938]],"boundingbox":[[-0.023751,-0.73659,-1.151594],[2.414629,0.733427,1.281723]]},{"name":"Bone008","parent":"Bone001","initpos":[6.70364,-0.064341,-1.791569],"initquaternion":[0.704262,-0.201894,-0.601011,-0.319434],"initscale":[1.0,0.999998,0.999999],"offmtx":[[-0.975523,0.189654,-0.111285,-3.171765],[-0.207248,-0.962133,0.177051,7.797904],[-0.073493,0.195781,0.977889,-4.266275]],"boundingbox":[[0.002642,-1.4611,-0.964274],[4.879552,1.477595,0.886773]]},{"name":"Bone009","parent":"Bone008","initpos":[5.735824,-0.180961,0.727562],"initquaternion":[0.256663,0.593661,0.395489,0.652133],"initscale":[0.999999,0.999998,1.0],"offmtx":[[-0.110817,-0.904694,-0.411396,9.557611],[0.031691,-0.416952,0.908376,2.295179],[-0.993334,0.087626,0.074877,-8.44567]],"boundingbox":[[-0.735109,-1.536493,-1.592379],[8.400588,1.483599,1.512606]]},{"name":"Bone010","parent":"Bone009","initpos":[7.79802,-0.656333,-0.002448],"initquaternion":[0.015511,0.055562,-0.000837,0.998334],"initscale":[0.999999,0.999999,0.999999],"offmtx":[[9.5e-05,-0.908852,-0.417117,2.685829],[0.000627,-0.417117,0.908852,2.695369],[-0.999999,-0.000348,0.00053,-8.283552]],"boundingbox":[[0.068477,-2.069358,-2.889095],[1.056256,1.82882,1.552861]]},{"name":"Bone011","parent":"Bone010","initpos":[0.749791,0.848968,-2.180346],"initquaternion":[0.977417,0.211318,0.000118,-0.00027],"initscale":[0.999999,1.000001,0.999999],"offmtx":[[7.908088264230173e-07,-0.999989,-0.004424,2.523748],[-5.4e-05,0.004424,-0.999989,-0.878818],[0.999999,1e-06,-5.4e-05,6.104496]],"boundingbox":[[-0.023752,-0.733417,-1.15203],[2.414628,0.7366,1.2813]]},{"name":"Bone013","parent":"Bone010","initpos":[1.052497,-1.068262,0.56126],"initquaternion":[0.0,0.0,0.0,1.0],"initscale":[1.0,1.0,1.0],"offmtx":[[9.5e-05,-0.908851,-0.417117,1.633324],[0.000627,-0.417117,0.908852,3.763628],[-0.999999,-0.000348,0.00053,-8.844809]],"boundingbox":[[-0.068088,-0.981512,-0.980674],[2.885442,0.982922,0.968249]]},{"name":"Bone012","parent":"Bone010","initpos":[1.052496,-1.068264,-1.90434],"initquaternion":[0.0,0.0,0.0,1.0],"initscale":[1.0,1.0,1.0],"offmtx":[[9.5e-05,-0.908851,-0.417117,1.633324],[0.000627,-0.417117,0.908852,3.763627],[-0.999999,-0.000348,0.00053,-6.379216]],"boundingbox":[[-0.067854,-0.979973,-0.96994],[2.885677,0.984461,0.978985]]},{"name":"Bone018","parent":"Bone001","initpos":[9.174484,-0.187651,2e-06],"initquaternion":[-2.1944570960386045e-07,-0.0,0.390926,0.920421],"initscale":[1.0,1.0,1.0],"offmtx":[[-0.0,0.980579,-0.196123,-9.914474],[-3.4743163723760517e-07,0.196123,0.980579,-2.280494],[1.0,1.3031676360242272e-07,3.282483191924257e-07,-3e-06]],"boundingbox":[[-0.094632,-7.002639,-7.786409],[15.487332,6.640669,7.786504]]},{"name":"bind","parent":"Bone018","initpos":[15.858647,0.874317,1e-06],"initquaternion":[-0.703664,-0.069679,0.069679,0.703666],"initscale":[0.999999,0.999999,0.999998],"offmtx":[[4.559009880722442e-07,1.0,0.0,-25.89134],[-1.0,4.5590081754198764e-07,3e-06,-4e-06],[3e-06,-0.0,1.0,1.96116]],"boundingbox":[[0.747325,7.786316,5.729301],[0.747325,7.786316,5.729301]]}],"boundingbox":[[-9.83712,0.009815,-9.59048],[9.837121,26.63902,9.59048]]}