{"skeleton":[{"name":"root","parent":"root","initpos":[0.0,0.0,-0.0],"initquaternion":[0.707106,0.0,0.0,0.707106],"initscale":[1.0,0.999999,0.999999],"offmtx":[[1.0,0.0,0.0,0.0],[0.0,1.0,0.0,0.0],[0.0,0.0,1.0,0.0]],"boundingbox":[[0.0,0.0,0.0],[0.0,0.0,0.0]]},{"name":"Bone001","parent":"root","initpos":[-0.035444,-0.331665,-1.402693],"initquaternion":[0.5,-0.499999,-0.5,-0.499999],"initscale":[1.0,1.0,1.0],"offmtx":[[1.6292068494294654e-07,0.999999,0.0,-1.402693],[-1.0,1.6292067073209182e-07,-2.411524917533825e-07,-0.035444],[-2.411525201750919e-07,0.0,0.999999,0.331665]],"boundingbox":[[0.14653,-3.650303,-3.283193],[5.827023,3.579415,3.688321]]},{"name":"Bone005","parent":"Bone001","initpos":[0.504536,1.845934,-0.194007],"initquaternion":[-0.0,-1e-06,0.99999,0.004464],"initscale":[0.999999,0.999999,1.0],"offmtx":[[-0.008928,-0.99996,-0.0,1.890355],[0.99996,-0.008928,-3e-06,1.898331],[3e-06,-1.2013381933684286e-07,0.999999,0.525679]],"boundingbox":[[0.350413,-0.692834,-1.281757],[1.91341,1.381949,1.816699]]},{"name":"Bone004","parent":"Bone001","initpos":[0.471741,-1.826972,-0.194019],"initquaternion":[-0.0,-1e-06,0.99999,0.004464],"initscale":[0.999999,0.999999,1.0],"offmtx":[[-0.008928,-0.99996,-0.0,1.890356],[0.99996,-0.008928,-3e-06,-1.774722],[3e-06,-1.2013381933684286e-07,0.999999,0.525678]],"boundingbox":[[0.322749,-1.26756,-1.281748],[1.885745,0.807222,1.816709]]},{"name":"Bone014","parent":"Bone001","initpos":[2.813661,0.010367,0.331665],"initquaternion":[-4e-06,-0.0,0.006493,0.999978],"initscale":[0.999999,0.999999,1.0],"offmtx":[[-0.012985,0.999915,-0.0,-4.216594],[-0.999915,-0.012985,-9e-06,0.008944],[-9e-06,-1.2027742002373998e-07,0.999999,0.0]],"boundingbox":[[-1.691772,-4.956898,-7.487931],[1.999901,4.874191,5.422292]]},{"name":"Bone010","parent":"Bone001","initpos":[5.431089,-3.798653,0.331664],"initquaternion":[0.0,-0.0,0.943764,-0.330618],"initscale":[0.999999,0.999999,1.0],"offmtx":[[0.624052,-0.781382,1.5048932766603684e-07,2.991359],[0.781382,0.624052,-0.0,-7.205144],[-0.0,1.2488595757531584e-07,0.999999,-5.046059641244938e-07]],"boundingbox":[[-0.492684,0.182716,-1.015183],[-0.47342,0.698765,1.05045]]},{"name":"Bone011","parent":"Bone010","initpos":[1.211996,-1e-06,0.0],"initquaternion":[-0.0,-0.0,-0.002027,0.999997],"initscale":[1.0,1.0,1.0],"offmtx":[[0.620878,-0.783906,2.0326140770521306e-07,1.808568],[0.783906,0.620878,-0.0,-7.197869],[-1.1751390616154822e-07,1.6621812903849786e-07,0.999999,-6.05895081662311e-07]],"boundingbox":[[2.939699,0.021277,-1.015184],[2.956868,0.537399,1.050449]]},{"name":"Bone012","parent":"Bone011","initpos":[2.284446,4.76837158203125e-07,-0.0],"initquaternion":[0.0,0.0,0.200113,0.979772],"initscale":[1.0,1.0,1.0],"offmtx":[[0.878546,-0.477656,1.8263661161199707e-07,-3.260277],[0.477656,0.878546,-0.0,-6.434776],[-1.1751390616154822e-07,1.6621812903849786e-07,0.999999,-6.058951385057298e-07]],"boundingbox":[[0.615839,-0.295445,-1.009617],[1.664493,0.253417,1.045763]]},{"name":"Bone007","parent":"Bone001","initpos":[5.511116,3.734734,0.331665],"initquaternion":[0.0,-3.2873231248231605e-07,0.950284,0.311383],"initscale":[1.0,1.0,1.0],"offmtx":[[-0.591805,-0.80608,2.466962314429111e-07,3.341872],[0.80608,-0.591805,-3.698734190038522e-07,7.1307],[4.44144177436101e-07,-0.0,0.999999,2e-06]],"boundingbox":[[-0.441026,-0.625985,-1.015182],[-0.439316,-0.109579,1.05045]]},{"name":"Bone008","parent":"Bone007","initpos":[1.295034,-1e-06,-3.198201738996431e-07],"initquaternion":[2.447971780838998e-07,2.3186454711776605e-07,-0.027121,0.999632],"initscale":[0.999999,0.999999,1.0],"offmtx":[[-0.634643,-0.772805,-2.104480074649473e-07,1.657178],[0.772805,-0.634643,1.2088437983948097e-07,7.231198],[-2.2697955159856065e-07,-0.0,0.999999,-1.0781695891637355e-07]],"boundingbox":[[2.915789,-0.482555,-1.015182],[2.942082,0.033182,1.05045]]},{"name":"Bone009","parent":"Bone008","initpos":[2.444465,0.0,5.1844386916855e-07],"initquaternion":[-0.0,-1.2225359569129068e-07,-0.251553,0.967843],"initscale":[0.999999,0.999999,1.0],"offmtx":[[-0.930624,-0.365974,0.0,-4.208723],[0.365974,-0.930624,-0.0,5.93268],[0.0,-0.0,0.999999,6.686425422230968e-07]],"boundingbox":[[0.397084,-0.225986,-1.009616],[1.497235,0.443663,1.045764]]},{"name":"Bone006","parent":"Bone001","initpos":[5.567185,0.001381,0.053802],"initquaternion":[-9e-06,0.0,-0.002336,0.999997],"initscale":[1.0,1.0,1.0],"offmtx":[[0.004672,0.999989,0.0,-6.969631],[-0.999989,0.004672,-1.9e-05,-0.0694],[-1.9e-05,0.0,0.999999,0.277861]],"boundingbox":[[0.245527,-4.219699,-3.595209],[7.51903,4.174812,5.235452]]},{"name":"Bone013","parent":"Bone006","initpos":[2.446554,-0.00056,-3.296844],"initquaternion":[9e-06,0.0,0.002336,0.999997],"initscale":[1.0,1.0,1.0],"offmtx":[[1.859436764561906e-07,0.999999,0.0,-9.416404],[-1.0,1.8594366224533587e-07,1.5386648044568574e-07,-0.024771],[1.5386649465654045e-07,-0.0,0.999999,3.574707]],"boundingbox":[[-0.637464,-3.171079,0.364744],[0.911763,3.12154,3.04335]]}],"boundingbox":[[-7.505674,-6.002164809615351e-07,-7.487921],[7.505674,14.474143,5.422286]]}