{"skeleton":[{"name":"root","parent":"root","initpos":[0.0,0.0,-0.0],"initquaternion":[0.707106,0.0,0.0,0.707106],"initscale":[1.0,0.999999,0.999999],"offmtx":[[1.0,0.0,0.0,0.0],[0.0,1.0,0.0,0.0],[0.0,0.0,1.0,0.0]],"boundingbox":[[0.0,0.0,0.0],[0.0,0.0,0.0]]},{"name":"Bone011","parent":"root","initpos":[-0.106582,-0.225847,-24.197708],"initquaternion":[-0.5,0.5,0.499999,0.5],"initscale":[1.0,1.0,1.0],"offmtx":[[1.6292052862354467e-07,0.999999,0.0,-24.197706],[-1.0,1.6292054283439938e-07,1.3510248209058773e-07,-0.106588],[1.3510249630144244e-07,-0.0,1.0,0.225847]],"boundingbox":[[-0.10727,-6.454357,0.782719],[7.748297,6.301525,6.413453]]},{"name":"Bone023","parent":"Bone011","initpos":[1.738327,-0.041732,3.988234],"initquaternion":[0.095196,2.558711571509775e-07,0.995458,-2.165194530334702e-07],"initscale":[0.999999,0.999999,0.999999],"offmtx":[[3.45541508295355e-07,-0.981875,0.189527,24.752882],[1.0,4.162153572906391e-07,3.3309214586552116e-07,0.064839],[-4.0593926087240106e-07,0.189527,0.981875,-8.609788]],"boundingbox":[[-0.326451,-2.525151,-1.718089],[2.29147,2.654852,2.110927]]},{"name":"Bone104","parent":"Bone023","initpos":[1.732995,3.725290298461914e-07,1e-06],"initquaternion":[0.0,0.0,0.0,1.0],"initscale":[1.0,1.0,1.0],"offmtx":[[3.4554136618680786e-07,-0.981875,0.189527,23.019882],[1.0,5.175716069061309e-07,8.581829433751409e-07,0.064834],[-9.407228844793281e-07,0.189527,0.981875,-8.609792]],"boundingbox":[[-0.112379,-1.349364,-1.195103],[2.127755,1.479064,1.050468]]},{"name":"Bone027","parent":"Bone104","initpos":[2.106952,3.650784492492676e-07,9.5367431640625e-07],"initquaternion":[4.677511640238663e-07,0.068906,0.0,0.997623],"initscale":[1.0,1.0,1.0],"offmtx":[[7.002278721301991e-07,-0.998608,0.052734,21.898054],[1.0,7.945036486489698e-07,1e-06,0.064823],[-1e-06,0.052734,0.998608,-5.652809]],"boundingbox":[[-0.384965,-1.206444,-0.886533],[3.970309,1.336133,0.782744]]}],"boundingbox":[[-6.408107,18.192625,0.556868],[6.347773,31.946001,6.242825]]}