{"skeleton":[{"name":"root","parent":"root","initpos":[0.0,0.0,-0.0],"initquaternion":[0.707106,0.0,0.0,0.707106],"initscale":[1.0,0.999999,0.999999],"offmtx":[[1.0,0.0,0.0,0.0],[0.0,1.0,0.0,0.0],[0.0,0.0,1.0,0.0]],"boundingbox":[[0.0,0.0,0.0],[0.0,0.0,0.0]]},{"name":"Bone123_NTES","parent":"root","initpos":[-0.088986,12.442654,-38.041404],"initquaternion":[-0.499999,-0.5,-0.499999,0.5],"initscale":[0.999999,0.999999,1.0],"offmtx":[[4.33125848076088e-07,-0.999999,0.0,38.041404],[1.0,4.331258196543786e-07,2e-06,0.088935],[-2e-06,-0.0,0.999999,-12.442657]],"boundingbox":[[0.020806,-4.758152,-3.20152],[7.445428,4.93613,3.420908]]},{"name":"Bone124_NTES","parent":"Bone123_NTES","initpos":[7.820434,0.100261,-0.050954],"initquaternion":[0.0,0.0,0.0,1.0],"initscale":[1.0,1.0,1.0],"offmtx":[[2.5828026650742686e-07,-0.999999,0.0,30.220968],[1.0,2.5828023808571743e-07,2e-06,-0.011318],[-2e-06,-0.0,0.999999,-12.391702]],"boundingbox":[[-1.784231,-2.2618,-1.515651],[12.97927,2.239241,1.48436]]},{"name":"Bone125_NTES","parent":"Bone124_NTES","initpos":[12.651485,0.0,2e-06],"initquaternion":[-0.0,0.170533,0.0,0.985351],"initscale":[0.999999,1.0,0.999999],"offmtx":[[1e-06,-0.941836,-0.33607,20.712074],[1.0,3.063512679091218e-07,2e-06,-0.011318],[-2e-06,-0.33607,0.941836,-5.766381]],"boundingbox":[[-0.946702,-1.163072,-0.958614],[4.551242,1.140509,1.499983]]},{"name":"Bone126_NTES","parent":"Bone123_NTES","initpos":[4.646274,-1.567416,2.531116],"initquaternion":[0.316508,-0.594083,-0.273699,0.687004],"initscale":[1.0,0.999999,0.999999],"offmtx":[[-0.752133,-0.144306,0.643017,-6.055087],[0.649819,-1e-06,0.760088,-10.304979],[-0.109685,0.989532,0.093774,-34.63142]],"boundingbox":[[0.168766,-0.883553,-0.870116],[3.223213,0.633965,0.997199]]},{"name":"Bone127_NTES","parent":"Bone126_NTES","initpos":[2.839181,-0.116952,-0.368804],"initquaternion":[0.03533,-0.257127,-0.118385,0.958447],"initscale":[0.999999,0.999999,0.999999],"offmtx":[[-0.844013,0.358269,0.399104,-21.572732],[0.458858,0.097132,0.883184,-16.14019],[0.277652,0.928551,-0.246375,-25.118555]],"boundingbox":[[0.094713,-0.520535,-0.667975],[4.618915,0.287045,0.718744]]},{"name":"Bone128_NTES","parent":"Bone127_NTES","initpos":[2.839729,5e-06,0.208732],"initquaternion":[0.003663,0.028457,0.03589,0.998943],"initscale":[0.999999,0.999999,0.999999],"offmtx":[[-0.823186,0.311202,0.474886,-24.03742],[0.520607,0.079957,0.850043,-14.589886],[0.226565,0.946973,-0.227834,-26.594812]],"boundingbox":[[-0.154053,-0.382956,-1.212961],[5.826982,0.480185,1.529314]]},{"name":"Bone129_NTES","parent":"Bone128_NTES","initpos":[5.604173,-9e-06,7e-06],"initquaternion":[-0.006645,-0.102893,0.064108,0.992602],"initscale":[0.999999,0.999999,0.999999],"offmtx":[[-0.685935,0.504966,0.523928,-36.056797],[0.613943,0.015126,0.789204,-10.035069],[0.390597,0.863006,-0.320397,-19.949378]],"boundingbox":[[-0.15089,-0.277741,-0.214415],[2.87112,0.343332,0.55033]]},{"name":"Bone134_NTES","parent":"Bone123_NTES","initpos":[2.124931,1.349271,1.695948],"initquaternion":[0.259277,0.905431,0.321317,-0.098611],"initscale":[1.0,1.0,1.0],"offmtx":[[0.406144,0.846101,0.345193,-35.78141],[0.659059,-0.532887,0.530727,10.805071],[0.632998,0.01195,-0.77406,9.717143]],"boundingbox":[[-0.506484,-1.308581,-0.627753],[6.075041,1.664936,0.417701]]},{"name":"Bone135_NTES","parent":"Bone134_NTES","initpos":[4.637714,0.068973,-0.181251],"initquaternion":[-0.017826,-0.035763,-0.445748,0.894265],"initscale":[0.999999,1.0,0.999999],"offmtx":[[-0.230326,0.932821,-0.277114,-32.008911],[0.721051,0.354833,0.595128,-25.81216],[0.653478,-0.06274,-0.75434,12.494375]],"boundingbox":[[-0.494514,-1.834251,-0.359659],[6.053887,1.200102,0.440334]]},{"name":"Bone136_NTES","parent":"Bone135_NTES","initpos":[4.845657,0.389425,-0.164244],"initquaternion":[-2.5110284695983864e-07,-0.0,0.079395,0.996843],"initscale":[1.0,1.0,1.0],"offmtx":[[-0.113288,0.977228,-0.179419,-40.537361],[0.748418,0.202704,0.63149,-20.037597],[0.653478,-0.06274,-0.754339,12.658613]],"boundingbox":[[0.563488,-0.234781,-0.279398],[3.332604,0.748722,0.344885]]},{"name":"Bone140_NTES","parent":"Bone123_NTES","initpos":[2.931888,-2.876561,-3.579448],"initquaternion":[-0.346258,0.088083,-0.025165,0.933655],"initscale":[0.999999,0.999999,0.999999],"offmtx":[[-0.107989,-0.983215,-0.147052,35.503341],[0.758944,0.014008,-0.651004,7.528817],[0.642137,-0.181906,0.744693,1.690573]],"boundingbox":[[0.09254,-2.90256,-0.589264],[5.72488,3.77942,0.779336]]},{"name":"Bone142_NTES","parent":"Bone123_NTES","initpos":[5.343662,10.766863,-0.045871],"initquaternion":[-0.000452,-0.0,7.152555667744309e-07,0.999999],"initscale":[1.0,1.0,1.0],"offmtx":[[1e-06,-0.999999,0.0,32.697723],[0.999999,1e-06,-0.000901,-10.666761],[0.000901,0.0,0.999999,-12.406435]],"boundingbox":[[0.024346,-0.909658,-0.944354],[1.914448,0.982147,0.947451]]},{"name":"Bone143_NTES","parent":"Bone142_NTES","initpos":[0.233245,0.343165,9.5367431640625e-07],"initquaternion":[1e-06,-7.1e-05,0.132301,0.991209],"initscale":[0.999999,0.999999,1.0],"offmtx":[[0.262279,-0.964991,-9.3e-05,28.438558],[0.964991,0.262279,-0.000884,-19.139003],[0.000878,0.000141,0.999999,-12.410778]],"boundingbox":[[0.520657,-1.987345,-1.522159],[1.03527,2.017075,1.481424]]},{"name":"Bone144_NTES","parent":"Bone123_NTES","initpos":[5.343692,-10.642739,-0.026512],"initquaternion":[-0.000452,-0.0,7.152555667744309e-07,0.999999],"initscale":[1.0,1.0,1.0],"offmtx":[[1e-06,-0.999999,0.0,32.697723],[0.999999,1e-06,-0.000901,10.742849],[0.000901,0.0,0.999999,-12.406436]],"boundingbox":[[0.024304,-0.928292,-0.963663],[1.914409,0.963513,0.928143]]},{"name":"Bone145_NTES","parent":"Bone144_NTES","initpos":[0.182693,-0.222583,2.1e-05],"initquaternion":[-1.6e-05,-6.9e-05,-0.132193,0.991223],"initscale":[1.0,1.0,1.0],"offmtx":[[-0.262063,-0.96505,0.000378,28.503194],[0.965049,-0.262064,-0.000884,19.10346],[0.000953,0.000133,0.999999,-12.410231]],"boundingbox":[[0.586893,-2.06831,-1.542521],[1.101472,1.935999,1.46121]]},{"name":"Bone141_NTES","parent":"Bone123_NTES","initpos":[2.931892,3.054975,-3.579469],"initquaternion":[0.346256,0.088083,0.025164,0.933656],"initscale":[0.999999,0.999999,0.999999],"offmtx":[[0.107989,-0.983215,-0.147053,35.503295],[0.758944,-0.014008,0.651004,-7.529159],[-0.642137,-0.181907,0.744693,1.690887]],"boundingbox":[[0.092478,-3.779775,-0.588964],[5.724822,2.902208,0.779639]]},{"name":"Bone130_NTES","parent":"Bone123_NTES","initpos":[4.646274,1.744992,2.531106],"initquaternion":[-0.31651,-0.594082,0.273701,0.687003],"initscale":[1.0,0.999999,0.999999],"offmtx":[[0.752133,-0.144306,0.643017,-6.054797],[0.649819,1e-06,-0.760088,10.305241],[0.109684,0.989533,0.093774,-34.631374]],"boundingbox":[[0.169073,-0.633701,-0.870076],[3.223516,0.883821,0.997242]]},{"name":"Bone131_NTES","parent":"Bone130_NTES","initpos":[2.839176,0.116953,-0.368808],"initquaternion":[-0.03533,-0.257127,0.118385,0.958447],"initscale":[0.999999,0.999999,0.999999],"offmtx":[[0.844013,0.35827,0.399104,-21.572401],[0.458858,-0.097132,-0.883184,16.140388],[-0.277652,0.928551,-0.246376,-25.118665]],"boundingbox":[[0.095059,-0.286855,-0.66809],[4.619266,0.52073,0.718632]]},{"name":"Bone132_NTES","parent":"Bone131_NTES","initpos":[2.839733,-5e-06,0.208732],"initquaternion":[-0.003663,0.028457,-0.03589,0.998943],"initscale":[0.999999,0.999999,0.999999],"offmtx":[[0.823186,0.311203,0.474886,-24.037096],[0.520607,-0.079958,-0.850043,14.590115],[-0.226565,0.946973,-0.227835,-26.594886]],"boundingbox":[[-0.153716,-0.479969,-1.213052],[5.827321,0.383175,1.529224]]},{"name":"Bone133_NTES","parent":"Bone132_NTES","initpos":[5.604173,1.2e-05,7e-06],"initquaternion":[0.006645,-0.102893,-0.064108,0.992602],"initscale":[0.999999,0.999999,0.999999],"offmtx":[[0.685935,0.504966,0.523928,-36.056503],[0.613943,-0.015126,-0.789204,10.035322],[-0.390596,0.863005,-0.320397,-19.949539]],"boundingbox":[[-0.150604,-0.343075,-0.214581],[2.871406,0.277999,0.550165]]},{"name":"Bone137_NTES","parent":"Bone123_NTES","initpos":[2.124931,-1.171009,1.695957],"initquaternion":[-0.259276,0.90543,-0.321319,-0.098612],"initscale":[0.999999,1.0,1.0],"offmtx":[[-0.406143,0.846101,0.345193,-35.781291],[0.659059,0.532886,-0.530727,-10.805253],[-0.632998,0.011951,-0.77406,9.717312]],"boundingbox":[[-0.506371,-1.665122,-0.627574],[6.075154,1.308391,0.41788]]},{"name":"Bone138_NTES","parent":"Bone137_NTES","initpos":[4.63771,-0.068969,-0.181247],"initquaternion":[0.017826,-0.035763,0.445748,0.894265],"initscale":[0.999999,0.999999,0.999999],"offmtx":[[0.230326,0.932822,-0.277114,-32.008979],[0.721051,-0.354833,-0.595129,25.811965],[-0.653479,-0.06274,-0.754339,12.494544]],"boundingbox":[[-0.494583,-1.200316,-0.359477],[6.053823,1.83404,0.440514]]},{"name":"Bone139_NTES","parent":"Bone138_NTES","initpos":[4.845657,-0.389427,-0.164245],"initquaternion":[-1.343238551498871e-07,-0.0,-0.079394,0.996843],"initscale":[1.0,1.0,1.0],"offmtx":[[0.113288,0.977227,-0.179419,-40.537376],[0.748419,-0.202704,-0.631489,20.037401],[-0.653478,-0.06274,-0.75434,12.658803]],"boundingbox":[[0.563449,-0.748941,-0.27922],[3.332563,0.234562,0.345067]]}],"boundingbox":[[-13.235972,13.061548,5.603945],[13.235972,47.77462,22.172042]]}