{"skeleton":[{"name":"root","parent":"root","initpos":[0.0,0.0,-0.0],"initquaternion":[0.707106,0.0,0.0,0.707106],"initscale":[1.0,0.999999,0.999999],"offmtx":[[1.0,0.0,0.0,0.0],[0.0,1.0,0.0,0.0],[0.0,0.0,1.0,0.0]],"boundingbox":[[0.0,0.0,0.0],[0.0,0.0,0.0]]},{"name":"Bone006_NTES","parent":"root","initpos":[-0.106587,-5.646558633998211e-07,-12.567687],"initquaternion":[-0.499999,0.5,0.499999,0.5],"initscale":[1.0,1.0,1.0],"offmtx":[[1.0,0.0,0.0,0.0],[0.0,1.0,0.0,0.0],[0.0,0.0,1.0,0.0]],"boundingbox":[[0.0,0.0,0.0],[0.0,0.0,0.0]]},{"name":"Bone012_NTES","parent":"Bone006_NTES","initpos":[14.205396,-0.106582,7.563697],"initquaternion":[3.139165301035973e-07,1.0,-6.715443987559411e-07,0.0],"initscale":[0.999999,0.999999,0.999999],"offmtx":[[1.0,0.0,0.0,0.0],[0.0,1.0,0.0,0.0],[0.0,0.0,1.0,0.0]],"boundingbox":[[0.0,0.0,0.0],[0.0,0.0,0.0]]},{"name":"Bone013_NTES","parent":"Bone012_NTES","initpos":[0.535852,5.64301,-0.941222],"initquaternion":[-0.287493,0.070775,0.214243,0.930826],"initscale":[0.999999,0.999999,0.999999],"offmtx":[[-0.358151,-0.898181,0.254946,19.376441],[-0.742894,0.439541,0.504887,-20.018539],[-0.56554,-0.008572,-0.824676,4.047361]],"boundingbox":[[-1.464482,-6.226697,-0.89728],[12.127593,10.376465,0.754496]]},{"name":"Bone015_NTES","parent":"Bone013_NTES","initpos":[2.866966,0.019506,-0.07537],"initquaternion":[-0.005062,-0.003226,-0.225608,0.974199],"initscale":[1.0,0.999999,0.999999],"offmtx":[[1e-06,-0.999999,0.0,23.671403],[-0.819921,-1e-06,0.572475,-10.774152],[-0.572475,-7.457161359525344e-07,-0.819921,3.829517]],"boundingbox":[[-1.172674,-1.203076,-1.198901],[1.214761,1.187559,1.191735]]},{"name":"Bone016_NTES","parent":"Bone015_NTES","initpos":[0.0,0.0,-0.0],"initquaternion":[0.00057,0.0,0.0,0.999999],"initscale":[1.0,0.999999,0.999999],"offmtx":[[1e-06,-0.999999,0.0,23.671403],[-0.820574,-1e-06,0.571539,-10.769769],[-0.571539,-7.444959351232683e-07,-0.820574,3.841813]],"boundingbox":[[-0.430295,-0.446453,-0.444544],[0.449448,0.435472,0.437379]]},{"name":"Bone042_NTES","parent":"Bone015_NTES","initpos":[-1.018123,-1.200152,0.489164],"initquaternion":[-0.619582,0.378589,-0.455046,0.51548],"initscale":[0.999999,0.999999,0.999999],"offmtx":[[0.669945,-0.299205,-0.679447,16.950031],[0.712068,1.1920928955078125e-07,0.702109,-1.543098],[-0.210074,-0.954188,0.213054,20.55985]],"boundingbox":[[-0.213455,-1.71858,-1.960815],[5.459095,1.935541,1.135469]]},{"name":"Bone029_NTES","parent":"Bone013_NTES","initpos":[5.167749,0.279275,-1e-06],"initquaternion":[3.264783856593567e-07,-4.546716922959604e-07,0.267816,0.96347],"initscale":[0.999999,0.999999,1.0],"offmtx":[[-0.690157,-0.542504,0.478928,1.695443],[-0.451496,0.840009,0.300891,-24.718698],[-0.565539,-0.008571,-0.824676,4.04737]],"boundingbox":[[0.322097,-1.272858,-0.360718],[7.256947,1.526808,0.189798]]},{"name":"Bone030_NTES","parent":"Bone013_NTES","initpos":[5.690844,-2.054368,-5e-06],"initquaternion":[3.0685282581544016e-07,-7.778281769788009e-07,0.123571,0.992335],"initscale":[0.999999,0.999999,1.0],"offmtx":[[-0.529408,-0.762953,0.370982,8.861947],[-0.63237,0.646396,0.426942,-20.771936],[-0.565539,-0.008571,-0.824676,4.047361]],"boundingbox":[[-0.667254,-2.488986,-0.373719],[18.483283,2.395624,0.2638]]},{"name":"Bone031_NTES","parent":"Bone013_NTES","initpos":[6.243677,-1.241537,-3e-06],"initquaternion":[3.772225625198189e-07,-8.23443542685709e-07,-0.075631,0.997135],"initscale":[1.0,1.0,1.0],"offmtx":[[-0.242005,-0.954201,0.175876,15.814654],[-0.788415,0.299041,0.537564,-16.581388],[-0.565538,-0.00857,-0.824676,4.047355]],"boundingbox":[[1.645263,-2.479389,-0.234842],[13.337236,1.944169,0.201627]]},{"name":"Bone113_NTES","parent":"Bone012_NTES","initpos":[0.535852,-5.643,-0.941222],"initquaternion":[0.930826,-0.214243,-0.070775,-0.287494],"initscale":[0.999999,0.999999,0.999999],"offmtx":[[0.358151,-0.898181,0.254946,19.376449],[0.742894,0.439541,0.504887,-20.018531],[-0.56554,0.008572,0.824676,-4.047367]],"boundingbox":[[-1.464474,-6.226696,-0.754499],[12.127601,10.376463,0.897277]]},{"name":"Bone131_NTES","parent":"Bone113_NTES","initpos":[6.24368,-1.241539,3e-06],"initquaternion":[-3.818872187366651e-07,7.434734357048001e-07,-0.075631,0.997135],"initscale":[0.999999,0.999999,1.0],"offmtx":[[0.242004,-0.954201,0.175877,15.814643],[0.788415,0.299041,0.537564,-16.581377],[-0.565539,0.008571,0.824676,-4.047361]],"boundingbox":[[1.645259,-2.479379,-0.201633],[13.337228,1.944178,0.23484]]},{"name":"Bone130_NTES","parent":"Bone113_NTES","initpos":[5.690847,-2.054363,7e-06],"initquaternion":[-2.477679856838222e-07,7.122160923245247e-07,0.123571,0.992335],"initscale":[0.999999,0.999999,1.0],"offmtx":[[0.529408,-0.762953,0.370982,8.861947],[0.632369,0.646396,0.426942,-20.771924],[-0.565539,0.008571,0.824676,-4.047367]],"boundingbox":[[-0.66725,-2.488982,-0.263809],[18.483287,2.395626,0.373715]]},{"name":"Bone129_NTES","parent":"Bone113_NTES","initpos":[5.167752,0.279275,3e-06],"initquaternion":[-3.165834812079993e-07,3.895159466082987e-07,0.267816,0.96347],"initscale":[1.0,1.0,1.0],"offmtx":[[0.690156,-0.542504,0.478928,1.695451],[0.451495,0.840009,0.300891,-24.718688],[-0.565539,0.008571,0.824676,-4.047373]],"boundingbox":[[0.322107,-1.272853,-0.189802],[7.256954,1.526816,0.360711]]},{"name":"Bone115_NTES","parent":"Bone113_NTES","initpos":[2.866968,0.019508,0.075372],"initquaternion":[0.005063,0.003227,-0.225607,0.974199],"initscale":[0.999999,0.999999,0.999999],"offmtx":[[9.177498441204079e-07,-0.999999,0.0,23.671394],[0.819921,7.52482776533725e-07,0.572475,-10.774188],[-0.572476,-5.253896802059899e-07,0.819921,-3.829492]],"boundingbox":[[-1.172669,-1.203069,-1.191737],[1.214766,1.187565,1.198898]]},{"name":"Bone142_NTES","parent":"Bone115_NTES","initpos":[-1.018121,-1.200153,-0.489164],"initquaternion":[0.619582,-0.378589,-0.455046,0.51548],"initscale":[0.999999,0.999999,1.0],"offmtx":[[-0.669945,-0.299205,-0.679448,16.950025],[-0.712068,-0.0,0.702109,-1.543102],[-0.210075,0.954188,-0.213054,-20.559852]],"boundingbox":[[-0.213464,-1.718589,-1.135471],[5.459086,1.935531,1.960813]]},{"name":"Bone116_NTES","parent":"Bone115_NTES","initpos":[0.0,0.0,-0.0],"initquaternion":[-0.00057,0.0,0.0,0.999999],"initscale":[1.0,0.999999,0.999999],"offmtx":[[8.577233074902324e-07,-0.999999,-0.0,23.671388],[0.820574,7.038260037006694e-07,0.571539,-10.769804],[-0.571539,-4.902225896330492e-07,0.820574,-3.841791]],"boundingbox":[[-0.430295,-0.446446,-0.437383],[0.449446,0.435478,0.444539]]}],"boundingbox":[[-16.550664,6.018902,4.620425],[16.550664,30.98896,16.375616]]}