{"skeleton":[{"name":"Bone010_NTES","parent":"Bone010_NTES","initpos":[-5.965815,23.989929,9.238719940185547e-07],"initquaternion":[-0.000155,-0.000155,-0.706951,0.707262],"initscale":[0.999999,1.0,1.0],"offmtx":[[1.0,0.0,0.0,0.0],[0.0,1.0,0.0,0.0],[0.0,0.0,1.0,0.0]],"boundingbox":[[0.0,0.0,0.0],[0.0,0.0,0.0]]},{"name":"bone_rightarm01_NTES","parent":"Bone010_NTES","initpos":[2.608335,0.769247,-7.2e-05],"initquaternion":[1.9e-05,4.3e-05,0.908628,-0.417605],"initscale":[1.0,1.0,1.0],"offmtx":[[-0.7593,0.650739,-3.3001552424138936e-07,-17.858695],[-0.650739,-0.7593,-1.8462006323716196e-07,12.854856],[-3.707207270053914e-07,0.0,0.999999,-5e-06]],"boundingbox":[[-2.40495,-2.388181,-5.697514],[8.805461,2.110025,5.737084]]},{"name":"bone_rightarm02_NTES","parent":"bone_rightarm01_NTES","initpos":[2.720642,1.581267,2.862671],"initquaternion":[0.208074,-0.077488,0.535648,0.814727],"initscale":[0.999999,0.999999,0.999999],"offmtx":[[-0.861457,-0.368739,0.349174,-0.046306],[0.466242,-0.846796,0.256034,21.720819],[0.201269,0.383362,0.9014,-9.32747]],"boundingbox":[[-0.07393,-1.152253,-0.272606],[5.178966,1.895493,0.200337]]},{"name":"bone_rightarm03_NTES","parent":"bone_rightarm02_NTES","initpos":[4.871421,-1e-06,2e-06],"initquaternion":[0.046746,-0.429,0.037526,0.901312],"initscale":[1.0,0.999999,0.999999],"offmtx":[[-0.372749,0.042516,0.926957,-9.741504],[0.566197,-0.781015,0.263503,21.608961],[0.735171,0.623061,0.26705,-4.597345]],"boundingbox":[[0.061055,-0.804306,-0.199374],[2.419259,0.80294,0.218126]]},{"name":"bone_rightarm04_NTES","parent":"bone_rightarm03_NTES","initpos":[2.295781,0.0,-4.76837158203125e-07],"initquaternion":[0.026107,0.303678,0.065907,0.950133],"initscale":[0.999999,0.999999,0.999999],"offmtx":[[-0.642587,-0.4333,0.631926,-4.026379],[0.667181,-0.721965,0.183398,22.296371],[0.376762,0.539458,0.753016,-10.937971]],"boundingbox":[[-0.013298,-0.862174,-0.207607],[3.50161,0.727265,0.216254]]},{"name":"bone_rightarm05_NTES","parent":"bone_rightarm01_NTES","initpos":[1.01823,1.830821,3.283085],"initquaternion":[0.100992,-0.138661,0.679754,0.713097],"initscale":[0.999999,0.999999,0.999999],"offmtx":[[-0.64105,-0.690499,0.335057,8.572336],[0.721283,-0.69121,-0.044475,19.586666],[0.262306,0.21316,0.941147,-5.614623]],"boundingbox":[[-0.218979,-1.418086,-0.397612],[5.870197,1.954559,0.089618]]},{"name":"bone_rightarm06_NTES","parent":"bone_rightarm05_NTES","initpos":[5.653965,0.0,-4.76837158203125e-07],"initquaternion":[0.235303,-0.469612,-0.18897,0.82969],"initscale":[1.0,0.999999,0.999999],"offmtx":[[-0.51702,0.180032,0.836826,-12.923825],[0.67953,-0.50816,0.529161,13.100216],[0.520508,0.842235,0.140391,-9.221575]],"boundingbox":[[0.0207,-0.884663,-0.393644],[2.459713,0.814725,0.177642]]},{"name":"bone_rightarm07_NTES","parent":"bone_rightarm06_NTES","initpos":[2.242057,0.0,-1e-06],"initquaternion":[-0.028909,0.430194,0.117106,0.894641],"initscale":[0.999999,0.999999,0.999999],"offmtx":[[-0.590168,-0.639384,0.492836,0.443285],[0.806471,-0.494279,0.324486,15.821905],[0.036127,0.58896,0.807353,-15.366452]],"boundingbox":[[0.045674,-0.840338,-0.176157],[3.581398,0.790904,0.243607]]}],"boundingbox":[[-16.19124,14.764596,-5.697514],[-3.362206,27.500247,9.051304]]}