{
  "skeleton": [
    {
      "name": "RootNode",
      "parent": "RootNode",
      "initpos": [
        0,
        0,
        0
      ],
      "initquaternion": [
        0,
        0,
        0,
        1
      ],
      "initscale": [
        1,
        1,
        1
      ],
      "offmtx": [
        [
          1,
          0,
          0,
          0
        ],
        [
          0,
          1,
          0,
          0
        ],
        [
          0,
          0,
          1,
          0
        ]
      ],
      "boundingbox": [
        [
          0,
          0,
          0
        ],
        [
          0,
          0,
          0
        ]
      ]
    },
    {
      "name": "Bone002_NTES",
      "parent": "RootNode",
      "initpos": [
        -0.018346,
        15.985971,
        0
      ],
      "initquaternion": [
        -2.5288105121035187e-7,
        -3.1469829764319e-7,
        0.707106,
        0.707106
      ],
      "initscale": [
        0.999999,
        1,
        0.999999
      ],
      "offmtx": [
        [
          1,
          0,
          0,
          0
        ],
        [
          0,
          1,
          0,
          0
        ],
        [
          0,
          0,
          1,
          0
        ]
      ],
      "boundingbox": [
        [
          0,
          0,
          0
        ],
        [
          0,
          0,
          0
        ]
      ]
    },
    {
      "name": "bone_body01_NTES",
      "parent": "Bone002_NTES",
      "initpos": [
        5.982484,
        -0.164122,
        2.71192
      ],
      "initquaternion": [
        0.276777,
        0.956924,
        0.034661,
        -0.080556
      ],
      "initscale": [
        0.999999,
        0.999999,
        0.999999
      ],
      "offmtx": [
        [
          -0.524125,
          -0.833809,
          0.173358,
          17.923778
        ],
        [
          -0.844385,
          0.535294,
          0.021744,
          -11.695475
        ],
        [
          -0.110928,
          -0.134984,
          -0.984618,
          5.651788
        ]
      ],
      "boundingbox": [
        [
          -4.811843,
          -4.391451,
          -2.480197
        ],
        [
          8.794515,
          4.03433,
          0.342037
        ]
      ]
    },
    {
      "name": "bone_body02_NTES",
      "parent": "bone_body01_NTES",
      "initpos": [
        8.638321,
        1.180372,
        0.004551
      ],
      "initquaternion": [
        0.001635,
        0.158926,
        0.024234,
        0.986991
      ],
      "initscale": [
        1,
        0.999999,
        1
      ],
      "offmtx": [
        [
          -0.503075,
          -0.722487,
          0.474263,
          6.411641
        ],
        [
          -0.8198,
          0.572642,
          0.002752,
          -13.238299
        ],
        [
          -0.273572,
          -0.387417,
          -0.880377,
          8.21807
        ]
      ],
      "boundingbox": [
        [
          -0.043925,
          -2.913877,
          -0.364509
        ],
        [
          6.162122,
          2.905567,
          0.08746
        ]
      ]
    },
    {
      "name": "bone_body03_NTES",
      "parent": "bone_body02_NTES",
      "initpos": [
        5.987194,
        -1.360818,
        -0.228818
      ],
      "initquaternion": [
        0.059804,
        0.132595,
        -0.025328,
        0.98904
      ],
      "initscale": [
        0.999999,
        0.999999,
        0.999999
      ],
      "offmtx": [
        [
          -0.384086,
          -0.612976,
          0.69046,
          -1.425389
        ],
        [
          -0.876593,
          0.476927,
          -0.064221,
          -10.806777
        ],
        [
          -0.289933,
          -0.629919,
          -0.720512,
          9.684339
        ]
      ],
      "boundingbox": [
        [
          -0.268411,
          -2.28967,
          -0.268262
        ],
        [
          7.85096,
          1.840501,
          0.348397
        ]
      ]
    },
    {
      "name": "bone_body04_NTES",
      "parent": "bone_body03_NTES",
      "initpos": [
        7.529827,
        -0.000001,
        9.5367431640625e-7
      ],
      "initquaternion": [
        0.009783,
        0.07977,
        0.117935,
        0.989763
      ],
      "initscale": [
        1,
        1,
        0.999999
      ],
      "offmtx": [
        [
          -0.529415,
          -0.378021,
          0.759485,
          -12.638806
        ],
        [
          -0.774043,
          0.581664,
          -0.250048,
          -8.057641
        ],
        [
          -0.347242,
          -0.720253,
          -0.600546,
          8.130421
        ]
      ],
      "boundingbox": [
        [
          -0.020556,
          -0.708803,
          -0.331344
        ],
        [
          5.793184,
          0.886562,
          0.237876
        ]
      ]
    },
    {
      "name": "bone_body05_NTES",
      "parent": "bone_body02_NTES",
      "initpos": [
        5.744053,
        1.30452,
        -0.316016
      ],
      "initquaternion": [
        -0.077709,
        0.037559,
        0.134586,
        0.987135
      ],
      "initscale": [
        0.999999,
        0.999999,
        0.999999
      ],
      "offmtx": [
        [
          -0.670465,
          -0.508629,
          0.540157,
          -3.949089
        ],
        [
          -0.604386,
          0.79669,
          2.682206172721635e-7,
          -15.244633
        ],
        [
          -0.430338,
          -0.326463,
          -0.841563,
          6.064306
        ]
      ],
      "boundingbox": [
        [
          -0.253283,
          -2.2477,
          -0.308324
        ],
        [
          7.003871,
          1.719992,
          0.518423
        ]
      ]
    },
    {
      "name": "bone_body06_NTES",
      "parent": "bone_body05_NTES",
      "initpos": [
        6.800816,
        0,
        9.5367431640625e-7
      ],
      "initquaternion": [
        0.006238,
        0.014377,
        0.05813,
        0.998185
      ],
      "initscale": [
        0.999999,
        0.999999,
        0.999999
      ],
      "offmtx": [
        [
          -0.723865,
          -0.403249,
          0.559827,
          -12.614342
        ],
        [
          -0.528646,
          0.845568,
          -0.074476,
          -13.809149
        ],
        [
          -0.44334,
          -0.349862,
          -0.825254,
          5.909373
        ]
      ],
      "boundingbox": [
        [
          -0.120197,
          -0.949192,
          -0.137402
        ],
        [
          6.483423,
          1.243037,
          0.339573
        ]
      ]
    },
    {
      "name": "bone_body07_NTES",
      "parent": "bone_body01_NTES",
      "initpos": [
        8.316065,
        -2.950249,
        -0.329698
      ],
      "initquaternion": [
        0.005977,
        0.079202,
        0.017464,
        0.996687
      ],
      "initscale": [
        0.999999,
        0.999999,
        0.999999
      ],
      "offmtx": [
        [
          -0.529935,
          -0.782413,
          0.327102,
          8.225464
        ],
        [
          -0.827688,
          0.561186,
          0.001402,
          -8.976832
        ],
        [
          -0.184662,
          -0.269995,
          -0.944987,
          7.504899
        ]
      ],
      "boundingbox": [
        [
          -0.058294,
          -1.208661,
          -0.144659
        ],
        [
          5.768245,
          1.179989,
          0.377412
        ]
      ]
    },
    {
      "name": "bone_body08_NTES",
      "parent": "bone_body07_NTES",
      "initpos": [
        5.68882,
        0,
        9.5367431640625e-7
      ],
      "initquaternion": [
        -0.002626,
        0.08374,
        0.007295,
        0.996457
      ],
      "initscale": [
        0.999999,
        0.999999,
        0.999999
      ],
      "offmtx": [
        [
          -0.503291,
          -0.718375,
          0.480242,
          1.121473
        ],
        [
          -0.81891,
          0.573921,
          0.000294,
          -9.04386
        ],
        [
          -0.275833,
          -0.393127,
          -0.877135,
          7.764821
        ]
      ],
      "boundingbox": [
        [
          -0.107718,
          -1.228196,
          -0.29377
        ],
        [
          5.335971,
          1.161855,
          0.465426
        ]
      ]
    },
    {
      "name": "bone_body09_NTES",
      "parent": "bone_body01_NTES",
      "initpos": [
        -1.290279,
        -0.956406,
        0.26324
      ],
      "initquaternion": [
        0.056335,
        -0.045737,
        -0.383206,
        0.920807
      ],
      "initscale": [
        0.999999,
        0.999999,
        0.999999
      ],
      "offmtx": [
        [
          0.227695,
          -0.971503,
          0.065838,
          21.345945
        ],
        [
          -0.973616,
          -0.22819,
          0.000001,
          6.691751
        ],
        [
          0.015022,
          -0.064101,
          -0.99783,
          3.621507
        ]
      ],
      "boundingbox": [
        [
          0.039649,
          -1.933997,
          -0.388168
        ],
        [
          8.57878,
          2.082501,
          0.270511
        ]
      ]
    },
    {
      "name": "bone_body10_NTES",
      "parent": "bone_body01_NTES",
      "initpos": [
        4.083494,
        2.601604,
        -1.056329
      ],
      "initquaternion": [
        0.021375,
        0.081437,
        -0.148456,
        0.985328
      ],
      "initscale": [
        0.999999,
        0.999999,
        0.999999
      ],
      "offmtx": [
        [
          -0.231473,
          -0.918216,
          0.321398,
          16.06043
        ],
        [
          -0.963546,
          0.261948,
          0.054417,
          -9.436195
        ],
        [
          -0.134157,
          -0.297086,
          -0.945378,
          9.694302
        ]
      ],
      "boundingbox": [
        [
          -0.119859,
          -0.318977,
          -0.631514
        ],
        [
          1.612754,
          0.260157,
          0.800508
        ]
      ]
    },
    {
      "name": "bone_body11_NTES",
      "parent": "bone_body10_NTES",
      "initpos": [
        1.002117,
        -9.5367431640625e-7,
        0.000003
      ],
      "initquaternion": [
        -0.00194,
        0.018427,
        0.012381,
        0.999751
      ],
      "initscale": [
        0.999999,
        0.999999,
        0.999999
      ],
      "offmtx": [
        [
          -0.250082,
          -0.899884,
          0.357303,
          14.452874
        ],
        [
          -0.957036,
          0.285682,
          0.049658,
          -9.840314
        ],
        [
          -0.146762,
          -0.329534,
          -0.932667,
          10.200822
        ]
      ],
      "boundingbox": [
        [
          -0.170076,
          -0.763204,
          -0.192976
        ],
        [
          1.535863,
          0.628441,
          0.383219
        ]
      ]
    },
    {
      "name": "bone_body12_NTES",
      "parent": "bone_body11_NTES",
      "initpos": [
        0.972464,
        9.5367431640625e-7,
        -9.5367431640625e-7
      ],
      "initquaternion": [
        0.000062,
        -0.02012,
        0.034809,
        0.999191
      ],
      "initscale": [
        0.999999,
        0.999999,
        0.999999
      ],
      "offmtx": [
        [
          -0.321746,
          -0.890354,
          0.322098,
          13.162538
        ],
        [
          -0.937133,
          0.34801,
          0.025871,
          -10.767234
        ],
        [
          -0.135128,
          -0.293524,
          -0.946352,
          9.665622
        ]
      ],
      "boundingbox": [
        [
          -0.175058,
          -0.319302,
          -0.590234
        ],
        [
          1.688492,
          0.24271,
          0.803446
        ]
      ]
    },
    {
      "name": "bone_body13_NTES",
      "parent": "bone_body12_NTES",
      "initpos": [
        1.30191,
        -9.5367431640625e-7,
        0
      ],
      "initquaternion": [
        -0.002424,
        0.01063,
        0.028674,
        0.999529
      ],
      "initscale": [
        0.999999,
        0.999999,
        0.999999
      ],
      "offmtx": [
        [
          -0.371923,
          -0.86248,
          0.34322,
          11.015052
        ],
        [
          -0.916549,
          0.399759,
          0.011359,
          -11.47083
        ],
        [
          -0.147003,
          -0.310354,
          -0.939185,
          9.854983
        ]
      ],
      "boundingbox": [
        [
          -0.191545,
          -0.70252,
          -0.160741
        ],
        [
          1.500986,
          0.686644,
          0.416376
        ]
      ]
    },
    {
      "name": "bone_body14_NTES",
      "parent": "bone_body13_NTES",
      "initpos": [
        0.955683,
        -9.5367431640625e-7,
        -0.000001
      ],
      "initquaternion": [
        0.004919,
        -0.040978,
        0.023678,
        0.998867
      ],
      "initscale": [
        0.999999,
        1,
        0.999999
      ],
      "offmtx": [
        [
          -0.425311,
          -0.865346,
          0.265112,
          10.285383
        ],
        [
          -0.898893,
          0.437989,
          -0.012435,
          -11.859571
        ],
        [
          -0.105355,
          -0.243596,
          -0.964137,
          9.135258
        ]
      ],
      "boundingbox": [
        [
          -0.154439,
          -0.309546,
          -0.644941
        ],
        [
          1.769506,
          0.248039,
          0.835385
        ]
      ]
    },
    {
      "name": "bone_body15_NTES",
      "parent": "bone_body14_NTES",
      "initpos": [
        1.346212,
        0,
        0
      ],
      "initquaternion": [
        -0.008063,
        0.052654,
        0.018364,
        0.998411
      ],
      "initscale": [
        1,
        0.999999,
        0.999999
      ],
      "offmtx": [
        [
          -0.443756,
          -0.818591,
          0.364673,
          7.495553
        ],
        [
          -0.88072,
          0.473555,
          -0.008713,
          -12.314839
        ],
        [
          -0.16556,
          -0.325042,
          -0.931094,
          9.806756
        ]
      ],
      "boundingbox": [
        [
          -0.211987,
          -0.720729,
          -0.210874
        ],
        [
          1.527235,
          0.693258,
          0.437818
        ]
      ]
    },
    {
      "name": "bone_body16_NTES",
      "parent": "bone_body15_NTES",
      "initpos": [
        1.008473,
        9.5367431640625e-7,
        -9.5367431640625e-7
      ],
      "initquaternion": [
        0.001167,
        0.000045,
        0.038452,
        0.999259
      ],
      "initscale": [
        0.999999,
        0.999999,
        0.999999
      ],
      "offmtx": [
        [
          -0.510125,
          -0.779778,
          0.362927,
          5.52151
        ],
        [
          -0.844398,
          0.5343,
          -0.038887,
          -12.753992
        ],
        [
          -0.163588,
          -0.326293,
          -0.931005,
          9.836595
        ]
      ],
      "boundingbox": [
        [
          -0.24324,
          -0.341799,
          -0.559646
        ],
        [
          1.703598,
          0.27793,
          0.937068
        ]
      ]
    },
    {
      "name": "bone_body17_NTES",
      "parent": "bone_body16_NTES",
      "initpos": [
        1.133075,
        -0.000001,
        -9.5367431640625e-7
      ],
      "initquaternion": [
        -0.000001,
        -0.000105,
        0.00642,
        0.999979
      ],
      "initscale": [
        0.999999,
        0.999999,
        0.999999
      ],
      "offmtx": [
        [
          -0.52096,
          -0.772922,
          0.362202,
          4.226379
        ],
        [
          -0.837778,
          0.54427,
          -0.04354,
          -12.809322
        ],
        [
          -0.163482,
          -0.326128,
          -0.931081,
          9.835658
        ]
      ],
      "boundingbox": [
        [
          -0.147485,
          -0.6642,
          -0.274257
        ],
        [
          0.81939,
          0.736646,
          0.634876
        ]
      ]
    },
    {
      "name": "Bone001_NTES",
      "parent": "RootNode",
      "initpos": [
        -0.018344,
        12.003652,
        0
      ],
      "initquaternion": [
        -0.000001,
        -0.000001,
        0.707106,
        0.707106
      ],
      "initscale": [
        0.999999,
        0.999999,
        0.999999
      ],
      "offmtx": [
        [
          1,
          0,
          0,
          0
        ],
        [
          0,
          1,
          0,
          0
        ],
        [
          0,
          0,
          1,
          0
        ]
      ],
      "boundingbox": [
        [
          0,
          0,
          0
        ],
        [
          0,
          0,
          0
        ]
      ]
    },
    {
      "name": "bone_body18_NTES",
      "parent": "Bone001_NTES",
      "initpos": [
        0.774622,
        -0.018346,
        2.014597
      ],
      "initquaternion": [
        -0.000001,
        0.985055,
        -0.000005,
        -0.172238
      ],
      "initscale": [
        0.999999,
        1,
        0.999999
      ],
      "offmtx": [
        [
          0,
          -0.940667,
          0.339329,
          11.336496
        ],
        [
          -0.999999,
          -0.000004,
          -0.000013,
          0.000087
        ],
        [
          0.000014,
          -0.339329,
          -0.940667,
          6.23111
        ]
      ],
      "boundingbox": [
        [
          0.007314,
          -3.980684,
          -0.125346
        ],
        [
          5.557374,
          4.2665,
          0.110651
        ]
      ]
    }
  ],
  "boundingbox": [
    [
      -18.526678,
      3.078361,
      1.913256
    ],
    [
      5.866065,
      24.637077,
      17.193675
    ]
  ]
}
