{
  "skeleton": [
    {
      "name": "root",
      "parent": "root",
      "initpos": [
        0,
        0,
        0
      ],
      "initquaternion": [
        0.707106,
        0,
        0,
        0.707106
      ],
      "initscale": [
        1,
        0.999999,
        0.999999
      ],
      "offmtx": [
        [
          1,
          0,
          0,
          0
        ],
        [
          0,
          1,
          0,
          0
        ],
        [
          0,
          0,
          1,
          0
        ]
      ],
      "boundingbox": [
        [
          0,
          0,
          0
        ],
        [
          0,
          0,
          0
        ]
      ]
    },
    {
      "name": "Bone010_NTES",
      "parent": "root",
      "initpos": [
        -2.083031,
        -0.000001,
        -12.424262
      ],
      "initquaternion": [
        0.5,
        0.499999,
        0.5,
        -0.499999
      ],
      "initscale": [
        1,
        1,
        1
      ],
      "offmtx": [
        [
          0,
          -0.999999,
          0,
          12.42426
        ],
        [
          1,
          0,
          -6.388873430296371e-7,
          2.08303
        ],
        [
          6.38887399873056e-7,
          0,
          0.999999,
          0.000002
        ]
      ],
      "boundingbox": [
        [
          0.447032,
          -0.405457,
          2.011777
        ],
        [
          5.774274,
          2.083152,
          2.063816
        ]
      ]
    },
    {
      "name": "Bone089_NTES",
      "parent": "Bone010_NTES",
      "initpos": [
        0.315151,
        -0.227969,
        2.120774
      ],
      "initquaternion": [
        -0.672935,
        0.032632,
        -0.217157,
        0.706353
      ],
      "initscale": [
        0.999999,
        0.999999,
        0.999999
      ],
      "offmtx": [
        [
          -0.350698,
          -0.903555,
          0.246165,
          9.608727
        ],
        [
          0,
          -0.26286,
          -0.964833,
          5.229202
        ],
        [
          0.936488,
          -0.338365,
          0.092184,
          6.06603
        ]
      ],
      "boundingbox": [
        [
          0.015242,
          -0.244657,
          -1.032339
        ],
        [
          9.035252,
          0.293622,
          1.051542
        ]
      ]
    },
    {
      "name": "Bone094_NTES",
      "parent": "Bone089_NTES",
      "initpos": [
        8.952987,
        -0.000002,
        0.000001
      ],
      "initquaternion": [
        2.22092921831063e-7,
        0,
        -0.196325,
        0.980538
      ],
      "initscale": [
        0.999999,
        0.999999,
        1
      ],
      "offmtx": [
        [
          -0.323663,
          -0.732698,
          0.598659,
          -1.408105
        ],
        [
          -0.135022,
          -0.590474,
          -0.79568,
          5.078562
        ],
        [
          0.936488,
          -0.338365,
          0.092185,
          6.066028
        ]
      ],
      "boundingbox": [
        [
          -0.519371,
          -0.229087,
          -0.922736
        ],
        [
          1.496542,
          0.097667,
          1.077898
        ]
      ]
    },
    {
      "name": "Bone095_NTES",
      "parent": "Bone094_NTES",
      "initpos": [
        1.493091,
        4.76837158203125e-7,
        0
      ],
      "initquaternion": [
        -0.008572,
        -0.073221,
        -0.115963,
        0.990513
      ],
      "initscale": [
        1,
        1,
        0.999999
      ],
      "offmtx": [
        [
          -0.142936,
          -0.619984,
          0.771484,
          -3.060401
        ],
        [
          -0.206131,
          -0.743747,
          -0.635884,
          4.271108
        ],
        [
          0.968028,
          -0.249918,
          -0.021489,
          6.587645
        ]
      ],
      "boundingbox": [
        [
          -0.154565,
          -0.45667,
          -1.200314
        ],
        [
          3.30413,
          0.557312,
          1.234684
        ]
      ]
    },
    {
      "name": "Bone075_NTES",
      "parent": "Bone010_NTES",
      "initpos": [
        -0.366968,
        -1.319968,
        -0.068077
      ],
      "initquaternion": [
        4.6125211383696296e-7,
        -1.2635166513064178e-7,
        -0.193552,
        0.981089
      ],
      "initscale": [
        0.999999,
        0.999999,
        1
      ],
      "offmtx": [
        [
          -0.379785,
          -0.925074,
          3.799797809733718e-7,
          10.540433
        ],
        [
          0.925074,
          -0.379785,
          4.0356252384299296e-7,
          8.005952
        ],
        [
          -2.2901464546976058e-7,
          5.047767785981705e-7,
          1,
          0.06807
        ]
      ],
      "boundingbox": [
        [
          0.037033,
          -1.196198,
          -2.063063
        ],
        [
          9.041694,
          1.081999,
          2.167054
        ]
      ]
    },
    {
      "name": "Bone076_NTES",
      "parent": "Bone075_NTES",
      "initpos": [
        8.610202,
        -0.796767,
        0.000002
      ],
      "initquaternion": [
        -1.3643570184740383e-7,
        0,
        -0.358626,
        0.933481
      ],
      "initscale": [
        0.999999,
        0.999999,
        1
      ],
      "offmtx": [
        [
          -0.901471,
          -0.432839,
          0,
          -4.460064
        ],
        [
          0.432839,
          -0.901471,
          2.24330648279647e-7,
          7.830804
        ],
        [
          -1.5628818061941274e-7,
          1.7380813233103254e-7,
          1,
          0.06807
        ]
      ],
      "boundingbox": [
        [
          0.037991,
          -0.140764,
          -2.064967
        ],
        [
          2.03869,
          0.12391,
          2.165146
        ]
      ]
    },
    {
      "name": "Bone077_NTES",
      "parent": "Bone076_NTES",
      "initpos": [
        2.004944,
        0,
        0
      ],
      "initquaternion": [
        -4.02528684162462e-7,
        0,
        0.176694,
        0.984265
      ],
      "initscale": [
        1,
        1,
        1
      ],
      "offmtx": [
        [
          -0.694627,
          -0.71937,
          0,
          -3.337534
        ],
        [
          0.71937,
          -0.694627,
          -5.684507300429686e-7,
          9.590552
        ],
        [
          3.585473677958362e-7,
          -4.470348358154297e-7,
          0.999999,
          0.068077
        ]
      ],
      "boundingbox": [
        [
          -0.101287,
          -0.153138,
          0.050088
        ],
        [
          1.146731,
          0.138983,
          2.165146
        ]
      ]
    }
  ],
  "boundingbox": [
    [
      -10.099843,
      0.649917,
      -2.133037
    ],
    [
      0.000121,
      13.200553,
      7.965513
    ]
  ]
}
