{"skeleton":[{"name":"root","parent":"root","initpos":[0.0,0.0,-0.0],"initquaternion":[0.707106,0.0,0.0,0.707106],"initscale":[1.0,0.999999,0.999999],"offmtx":[[1.0,0.0,0.0,0.0],[0.0,1.0,0.0,0.0],[0.0,0.0,1.0,0.0]],"boundingbox":[[0.0,0.0,0.0],[0.0,0.0,0.0]]},{"name":"Bone008_NTES","parent":"root","initpos":[6.017999,-8.940696147874405e-07,-24.139202],"initquaternion":[0.5,0.499999,0.5,-0.499999],"initscale":[1.0,0.999999,0.999999],"offmtx":[[1.0,0.0,0.0,0.0],[0.0,1.0,0.0,0.0],[0.0,0.0,1.0,0.0]],"boundingbox":[[0.0,0.0,0.0],[0.0,0.0,0.0]]},{"name":"Bone063_NTES","parent":"Bone008_NTES","initpos":[3.119838,0.76064,0.433046],"initquaternion":[0.0,-2.772249843019381e-07,0.798394,0.602134],"initscale":[1.0,1.0,1.0],"offmtx":[[0.961482,0.274867,2.2768868745970394e-07,-12.295082],[-0.274867,0.961482,-0.0,-18.346504],[-2.3377012325909163e-07,-0.0,0.999999,-0.433042]],"boundingbox":[[-0.229934,-0.911843,-3.081308],[6.165676,0.7038,3.243684]]},{"name":"Bone064_NTES","parent":"Bone063_NTES","initpos":[5.324699,0.0,-0.0],"initquaternion":[0.0,0.0,0.416677,0.909054],"initscale":[0.999999,0.999999,1.0],"offmtx":[[0.419387,0.907807,1.0360778190943165e-07,-25.400156],[-0.907807,0.419387,-1.9891379565706302e-07,1.372247],[-2.24027218109768e-07,-0.0,0.999999,-0.433042]],"boundingbox":[[0.483762,-0.348296,-2.587774],[3.880161,0.188291,2.802576]]},{"name":"Bone067_NTES","parent":"Bone008_NTES","initpos":[6.919311,-2.221366,0.099424],"initquaternion":[0.0,-3.280237592662161e-07,0.79335,0.608765],"initscale":[0.999999,0.999999,1.0],"offmtx":[[0.965928,0.258808,2.23134293264593e-07,-8.123935],[-0.258808,0.965928,-1.8445078353579447e-07,-15.650571],[-2.632693281157117e-07,1.2041712693644513e-07,0.999999,-0.099423]],"boundingbox":[[0.123731,-1.478351,-2.5052],[4.895533,1.54657,2.510416]]},{"name":"Bone065_NTES","parent":"Bone067_NTES","initpos":[0.675089,2.08845,-3.141283],"initquaternion":[0.0,0.0,0.178737,0.983896],"initscale":[0.999999,0.999999,1.0],"offmtx":[[0.813183,0.582007,1.4211407517450425e-07,-14.47597],[-0.582007,0.813182,-2.497944819879194e-07,-13.510807],[-2.609472176118288e-07,1.2041715535815456e-07,0.999999,3.041859]],"boundingbox":[[-0.00236,-1.031208,-0.112767],[6.510219,1.035839,0.137234]]},{"name":"Bone066_NTES","parent":"Bone067_NTES","initpos":[0.090048,1.164423,-2.742935],"initquaternion":[0.0,0.0,0.089232,0.99601],"initscale":[1.0,1.0,1.0],"offmtx":[[0.904542,0.426383,1.8629719988894067e-07,-11.072092],[-0.426383,0.904542,-2.209177978329535e-07,-15.087161],[-2.62709505705061e-07,1.2039538432873087e-07,0.999999,2.643511]],"boundingbox":[[-0.018409,-1.588516,-0.167901],[5.98147,1.448693,0.258535]]},{"name":"Bone068_NTES","parent":"Bone067_NTES","initpos":[1.096413,2.793112,-3.023088],"initquaternion":[-3e-06,5e-06,-0.792632,0.609699],"initscale":[1.0,1.0,1.0],"offmtx":[[0.002356,-0.999997,0.0,20.191793],[0.999997,0.002356,-1e-05,-4.180429],[1e-05,0.0,0.999999,2.92362]],"boundingbox":[[0.02005,-1.092099,-0.320404],[4.795105,1.204664,0.153393]]},{"name":"Bone071_NTES","parent":"Bone068_NTES","initpos":[3.697792,-0.783514,0.36707],"initquaternion":[6.5e-05,1.6174320194295433e-07,-0.001178,0.999999],"initscale":[1.0,1.0,1.0],"offmtx":[[4.5113588953427097e-07,-1.0,0.0,16.501958],[1.0,4.5113586111256154e-07,0.000117,-3.357725],[-0.000117,-0.0,0.999999,2.556979]],"boundingbox":[[0.096367,-1.032057,-0.275856],[8.715268,1.232564,0.087968]]},{"name":"Bone151_NTES","parent":"Bone068_NTES","initpos":[3.698968,-0.284276,0.367075],"initquaternion":[6.5e-05,1.6174320194295433e-07,-0.001178,0.999999],"initscale":[1.0,1.0,1.0],"offmtx":[[4.5113588953427097e-07,-1.0,0.0,16.501958],[1.0,4.5113586111256154e-07,0.000117,-3.856964],[-0.000117,-0.0,0.999999,2.557038]],"boundingbox":[[0.024516,-0.595912,0.013959],[10.524513,0.654129,0.264115]]}],"boundingbox":[[2.325993,5.977449,-3.244058],[13.83945,26.068992,3.676728]]}