{
  "skeleton": [
    {
      "name": "root",
      "parent": "root",
      "initpos": [
        0,
        0,
        0
      ],
      "initquaternion": [
        0.707106,
        0,
        0,
        0.707106
      ],
      "initscale": [
        1,
        0.999999,
        0.999999
      ],
      "offmtx": [
        [
          1,
          0,
          0,
          0
        ],
        [
          0,
          1,
          0,
          0
        ],
        [
          0,
          0,
          1,
          0
        ]
      ],
      "boundingbox": [
        [
          0,
          0,
          0
        ],
        [
          0,
          0,
          0
        ]
      ]
    },
    {
      "name": "bone_back01_NTES",
      "parent": "root",
      "initpos": [
        -0.232087,
        12.788828,
        -28.071252
      ],
      "initquaternion": [
        0.557222,
        -0.554425,
        -0.436424,
        -0.437777
      ],
      "initscale": [
        0.999999,
        0.999999,
        0.999999
      ],
      "offmtx": [
        [
          0.004293,
          0.9718,
          -0.235763,
          -24.263545
        ],
        [
          -0.99999,
          0.00395,
          -0.001926,
          -0.318349
        ],
        [
          -0.00094,
          0.235769,
          0.971808,
          -19.046844
        ]
      ],
      "boundingbox": [
        [
          -0.078219,
          -3.987798,
          -3.105822
        ],
        [
          5.891693,
          4.015577,
          2.820148
        ]
      ]
    },
    {
      "name": "bone_back02_NTES",
      "parent": "bone_back01_NTES",
      "initpos": [
        5.571456,
        -0.022536,
        0.310159
      ],
      "initquaternion": [
        0.001281,
        0.005735,
        0.01004,
        0.999932
      ],
      "initscale": [
        0.999999,
        0.999999,
        0.999999
      ],
      "offmtx": [
        [
          -0.01579,
          0.968922,
          -0.24686,
          -29.611452
        ],
        [
          -0.999874,
          -0.014917,
          0.005406,
          0.251022
        ],
        [
          0.001556,
          0.246914,
          0.969036,
          -19.69791
        ]
      ],
      "boundingbox": [
        [
          -0.067697,
          -3.240015,
          -2.169624
        ],
        [
          1.538506,
          3.31233,
          2.207583
        ]
      ]
    },
    {
      "name": "bone_back03_NTES",
      "parent": "bone_back02_NTES",
      "initpos": [
        1.150541,
        0.002837,
        -1.540996
      ],
      "initquaternion": [
        -0.000745,
        -0.125178,
        -0.010715,
        0.992076
      ],
      "initscale": [
        0.999999,
        0.999999,
        0.999999
      ],
      "offmtx": [
        [
          0.006166,
          0.999979,
          0.001516,
          -34.306064
        ],
        [
          -0.99998,
          0.006164,
          0.001266,
          -0.433384
        ],
        [
          0.001257,
          -0.001524,
          0.999997,
          -9.946891
        ]
      ],
      "boundingbox": [
        [
          -0.019098,
          -4.275823,
          -4.256264
        ],
        [
          10.165005,
          4.418943,
          5.548079
        ]
      ]
    },
    {
      "name": "bone_back04_NTES",
      "parent": "bone_back03_NTES",
      "initpos": [
        1.157135,
        -0.035599,
        2.609293
      ],
      "initquaternion": [
        0.498162,
        0.501198,
        -0.498752,
        0.501876
      ],
      "initscale": [
        0.999999,
        0.999999,
        0.999999
      ],
      "offmtx": [
        [
          -2.2200399030225526e-7,
          0.001608,
          -0.999998,
          12.553431
        ],
        [
          0.000006,
          0.999998,
          0.001608,
          -35.466041
        ],
        [
          1,
          -0.000006,
          -2.330718871235149e-7,
          0.163526
        ]
      ],
      "boundingbox": [
        [
          0.143377,
          -1.162436,
          -3.871234
        ],
        [
          6.372159,
          1.612267,
          3.737676
        ]
      ]
    },
    {
      "name": "bone_back004_NTES",
      "parent": "bone_back04_NTES",
      "initpos": [
        0,
        0,
        0
      ],
      "initquaternion": [
        0,
        0,
        0,
        1
      ],
      "initscale": [
        1,
        1,
        1
      ],
      "offmtx": [
        [
          -2.2200399030225526e-7,
          0.001608,
          -0.999998,
          12.553431
        ],
        [
          0.000006,
          0.999998,
          0.001608,
          -35.466041
        ],
        [
          1,
          -0.000006,
          -2.330718871235149e-7,
          0.163526
        ]
      ],
      "boundingbox": [
        [
          -0.007725,
          -1.231564,
          -3.954647
        ],
        [
          6.522375,
          1.677364,
          3.821088
        ]
      ]
    },
    {
      "name": "bone_back003_NTES",
      "parent": "bone_back03_NTES",
      "initpos": [
        0,
        0,
        0
      ],
      "initquaternion": [
        0,
        0,
        0,
        1
      ],
      "initscale": [
        1,
        1,
        1
      ],
      "offmtx": [
        [
          0.006166,
          0.999979,
          0.001516,
          -34.306064
        ],
        [
          -0.99998,
          0.006164,
          0.001266,
          -0.433384
        ],
        [
          0.001257,
          -0.001524,
          0.999997,
          -9.946891
        ]
      ],
      "boundingbox": [
        [
          -0.234819,
          -3.982506,
          -3.916886
        ],
        [
          7.815003,
          4.078987,
          4.016814
        ]
      ]
    },
    {
      "name": "bone_back002_NTES",
      "parent": "bone_back02_NTES",
      "initpos": [
        0,
        0,
        0
      ],
      "initquaternion": [
        0,
        0,
        0,
        1
      ],
      "initscale": [
        1,
        1,
        1
      ],
      "offmtx": [
        [
          -0.01579,
          0.968922,
          -0.24686,
          -29.611452
        ],
        [
          -0.999874,
          -0.014917,
          0.005406,
          0.251022
        ],
        [
          0.001556,
          0.246914,
          0.969036,
          -19.69791
        ]
      ],
      "boundingbox": [
        [
          -0.114315,
          -3.430197,
          -2.296672
        ],
        [
          1.585123,
          3.502511,
          2.334631
        ]
      ]
    },
    {
      "name": "bone_back05_NTES",
      "parent": "bone_back01_NTES",
      "initpos": [
        8.459041,
        0.059328,
        3.676069
      ],
      "initquaternion": [
        0.00573,
        0.001521,
        0.999931,
        -0.010101
      ],
      "initscale": [
        0.999999,
        1,
        0.999999
      ],
      "offmtx": [
        [
          0.015881,
          -0.968909,
          0.246904,
          32.460281
        ],
        [
          0.999865,
          0.016389,
          0.000004,
          -0.350558
        ],
        [
          -0.00405,
          0.246871,
          0.969039,
          -23.096496
        ]
      ],
      "boundingbox": [
        [
          -0.19118,
          -2.483193,
          -1.663616
        ],
        [
          10.323955,
          2.435252,
          2.53902
        ]
      ]
    },
    {
      "name": "bone_back06_NTES",
      "parent": "bone_back05_NTES",
      "initpos": [
        9.378286,
        -0.017658,
        -0.2464
      ],
      "initquaternion": [
        -0.000681,
        0.105555,
        -0.007151,
        0.994387
      ],
      "initscale": [
        0.999999,
        0.999999,
        0.999999
      ],
      "offmtx": [
        [
          0.002011,
          -0.999276,
          0.037961,
          27.366641
        ],
        [
          0.999997,
          0.002039,
          0.000704,
          0.057548
        ],
        [
          -0.000781,
          0.037959,
          0.999278,
          -17.495121
        ]
      ],
      "boundingbox": [
        [
          -0.144091,
          -1.915804,
          -1.273158
        ],
        [
          2.545192,
          1.754397,
          1.439653
        ]
      ]
    },
    {
      "name": "bone_back07_NTES",
      "parent": "bone_back06_NTES",
      "initpos": [
        2.009462,
        0,
        0
      ],
      "initquaternion": [
        -0.000207,
        -0.048057,
        -0.004044,
        0.998836
      ],
      "initscale": [
        0.999999,
        0.999999,
        0.999999
      ],
      "offmtx": [
        [
          -0.006132,
          -0.991,
          0.133713,
          23.559167
        ],
        [
          0.999981,
          -0.006055,
          0.000985,
          0.263399
        ],
        [
          -0.000167,
          0.133717,
          0.991019,
          -19.848566
        ]
      ],
      "boundingbox": [
        [
          -0.128243,
          -1.557982,
          -1.103123
        ],
        [
          2.167799,
          1.405668,
          0.929759
        ]
      ]
    },
    {
      "name": "bone_back08_NTES",
      "parent": "bone_back07_NTES",
      "initpos": [
        1.779623,
        0.000002,
        -0.000001
      ],
      "initquaternion": [
        0.006207,
        0.170959,
        0.0034,
        0.985252
      ],
      "initscale": [
        0.999999,
        0.999999,
        0.999999
      ],
      "offmtx": [
        [
          0.003104,
          -0.978143,
          -0.207906,
          27.193937
        ],
        [
          0.999907,
          0.000272,
          0.013648,
          -0.102204
        ],
        [
          -0.013293,
          -0.207929,
          0.978053,
          -11.351759
        ]
      ],
      "boundingbox": [
        [
          -0.034951,
          -1.150065,
          -0.581159
        ],
        [
          1.49612,
          1.001508,
          0.503641
        ]
      ]
    },
    {
      "name": "bone_back008_NTES",
      "parent": "bone_back08_NTES",
      "initpos": [
        0,
        0,
        0
      ],
      "initquaternion": [
        0,
        0,
        0,
        1
      ],
      "initscale": [
        1,
        1,
        1
      ],
      "offmtx": [
        [
          0.003104,
          -0.978143,
          -0.207906,
          27.193937
        ],
        [
          0.999907,
          0.000272,
          0.013648,
          -0.102204
        ],
        [
          -0.013293,
          -0.207929,
          0.978053,
          -11.351759
        ]
      ],
      "boundingbox": [
        [
          -0.115868,
          -1.245222,
          -0.629614
        ],
        [
          1.550679,
          1.096734,
          0.551176
        ]
      ]
    },
    {
      "name": "bone_back007_NTES",
      "parent": "bone_back07_NTES",
      "initpos": [
        0,
        0,
        0
      ],
      "initquaternion": [
        0,
        0,
        0,
        1
      ],
      "initscale": [
        1,
        1,
        1
      ],
      "offmtx": [
        [
          -0.006132,
          -0.991,
          0.133713,
          23.559167
        ],
        [
          0.999981,
          -0.006055,
          0.000985,
          0.263399
        ],
        [
          -0.000167,
          0.133717,
          0.991019,
          -19.848566
        ]
      ],
      "boundingbox": [
        [
          -0.255023,
          -1.68926,
          -1.209452
        ],
        [
          2.244188,
          1.53663,
          1.003313
        ]
      ]
    },
    {
      "name": "bone_back006_NTES",
      "parent": "bone_back06_NTES",
      "initpos": [
        0,
        0,
        0
      ],
      "initquaternion": [
        0,
        0,
        0,
        1
      ],
      "initscale": [
        1,
        1,
        1
      ],
      "offmtx": [
        [
          0.002011,
          -0.999276,
          0.037961,
          27.366641
        ],
        [
          0.999997,
          0.002039,
          0.000704,
          0.057548
        ],
        [
          -0.000781,
          0.037959,
          0.999278,
          -17.495121
        ]
      ],
      "boundingbox": [
        [
          -0.289916,
          -2.078153,
          -1.423151
        ],
        [
          2.637329,
          1.916807,
          1.529706
        ]
      ]
    },
    {
      "name": "bone_back09_NTES",
      "parent": "bone_back05_NTES",
      "initpos": [
        5.887056,
        -1.352109,
        0.724632
      ],
      "initquaternion": [
        0.004502,
        -0.021235,
        -0.709128,
        0.704744
      ],
      "initscale": [
        0.999999,
        0.999999,
        0.999999
      ],
      "offmtx": [
        [
          -0.999766,
          -0.004149,
          0.021176,
          -1.738288
        ],
        [
          0.009956,
          -0.959341,
          0.282071,
          25.680719
        ],
        [
          0.019144,
          0.282216,
          0.959159,
          -24.739936
        ]
      ],
      "boundingbox": [
        [
          -0.026053,
          -4.142408,
          -0.900402
        ],
        [
          5.613626,
          3.736525,
          1.004739
        ]
      ]
    },
    {
      "name": "bone_back10_NTES",
      "parent": "bone_back09_NTES",
      "initpos": [
        5.269886,
        1.203147,
        1.356716
      ],
      "initquaternion": [
        -0.639612,
        0.385898,
        0.434617,
        0.503076
      ],
      "initscale": [
        0.999999,
        0.999999,
        0.999999
      ],
      "offmtx": [
        [
          -0.342942,
          -0.21376,
          -0.914711,
          20.988817
        ],
        [
          0.922875,
          0.104933,
          -0.370525,
          9.767419
        ],
        [
          0.175187,
          -0.971233,
          0.161287,
          28.166793
        ]
      ],
      "boundingbox": [
        [
          -0.424575,
          -1.909844,
          -5.208503
        ],
        [
          5.978687,
          1.864093,
          4.829034
        ]
      ]
    },
    {
      "name": "bone_back11_NTES",
      "parent": "bone_back10_NTES",
      "initpos": [
        4.1009,
        -0.240585,
        -2.701139
      ],
      "initquaternion": [
        0.783702,
        0.007014,
        -0.621092,
        -0.00237
      ],
      "initscale": [
        1,
        0.999998,
        0.999999
      ],
      "offmtx": [
        [
          -0.236001,
          0.898109,
          -0.371084,
          -26.052495
        ],
        [
          -0.927712,
          -0.094572,
          0.361117,
          -10.254592
        ],
        [
          0.289228,
          0.429483,
          0.855506,
          -23.543638
        ]
      ],
      "boundingbox": [
        [
          -0.091574,
          -2.592645,
          -2.650153
        ],
        [
          5.158858,
          2.588256,
          2.603904
        ]
      ]
    },
    {
      "name": "bone_back011_NTES",
      "parent": "bone_back11_NTES",
      "initpos": [
        0,
        0,
        0
      ],
      "initquaternion": [
        0,
        0,
        0,
        1
      ],
      "initscale": [
        1,
        1,
        1
      ],
      "offmtx": [
        [
          -0.236001,
          0.898109,
          -0.371084,
          -26.052495
        ],
        [
          -0.927712,
          -0.094572,
          0.361117,
          -10.254592
        ],
        [
          0.289228,
          0.429483,
          0.855506,
          -23.543638
        ]
      ],
      "boundingbox": [
        [
          -7.878866,
          -2.743021,
          -2.811509
        ],
        [
          5.311255,
          2.738631,
          5.046522
        ]
      ]
    },
    {
      "name": "bone_back12_NTES",
      "parent": "bone_back10_NTES",
      "initpos": [
        0.846799,
        -0.298645,
        -0.472698
      ],
      "initquaternion": [
        0.484192,
        -0.365377,
        -0.215593,
        0.765229
      ],
      "initscale": [
        0.999999,
        1,
        1
      ],
      "offmtx": [
        [
          -0.789153,
          -0.548904,
          -0.275572,
          16.044462
        ],
        [
          0.569968,
          -0.821654,
          0.004417,
          29.664667
        ],
        [
          -0.22885,
          -0.153582,
          0.96127,
          -13.777908
        ]
      ],
      "boundingbox": [
        [
          -0.070147,
          -1.302933,
          -6.72288
        ],
        [
          11.977104,
          3.391682,
          1.34659
        ]
      ]
    },
    {
      "name": "bone_back012_NTES",
      "parent": "bone_back12_NTES",
      "initpos": [
        0,
        0,
        0
      ],
      "initquaternion": [
        0,
        0,
        0,
        1
      ],
      "initscale": [
        1,
        1,
        1
      ],
      "offmtx": [
        [
          -0.789153,
          -0.548904,
          -0.275572,
          16.044462
        ],
        [
          0.569968,
          -0.821654,
          0.004417,
          29.664667
        ],
        [
          -0.22885,
          -0.153582,
          0.96127,
          -13.777908
        ]
      ],
      "boundingbox": [
        [
          -0.308616,
          -1.403631,
          -6.89765
        ],
        [
          12.059665,
          3.530995,
          1.409549
        ]
      ]
    },
    {
      "name": "bone_back13_NTES",
      "parent": "bone_back10_NTES",
      "initpos": [
        1.107757,
        -0.584383,
        -3.511009
      ],
      "initquaternion": [
        0.664364,
        -0.465531,
        -0.181164,
        0.55595
      ],
      "initscale": [
        0.999999,
        0.999999,
        1
      ],
      "offmtx": [
        [
          -0.880036,
          -0.462062,
          -0.109704,
          10.242086
        ],
        [
          0.349632,
          -0.7867,
          0.508781,
          20.985099
        ],
        [
          -0.321393,
          0.40939,
          0.853877,
          -30.993968
        ]
      ],
      "boundingbox": [
        [
          -0.117653,
          -2.642183,
          -11.03944
        ],
        [
          13.496539,
          2.046651,
          2.135412
        ]
      ]
    },
    {
      "name": "bone_back013_NTES",
      "parent": "bone_back13_NTES",
      "initpos": [
        0,
        0,
        0
      ],
      "initquaternion": [
        0,
        0,
        0,
        1
      ],
      "initscale": [
        1,
        1,
        1
      ],
      "offmtx": [
        [
          -0.880036,
          -0.462062,
          -0.109704,
          10.242086
        ],
        [
          0.349632,
          -0.7867,
          0.508781,
          20.985099
        ],
        [
          -0.321393,
          0.40939,
          0.853877,
          -30.993968
        ]
      ],
      "boundingbox": [
        [
          -0.400279,
          -2.776557,
          -11.30304
        ],
        [
          13.569952,
          2.205813,
          2.282918
        ]
      ]
    },
    {
      "name": "bone_back14_NTES",
      "parent": "bone_back10_NTES",
      "initpos": [
        1.612836,
        -0.374947,
        2.416915
      ],
      "initquaternion": [
        0.417131,
        -0.335148,
        -0.192277,
        0.822621
      ],
      "initscale": [
        1,
        0.999999,
        0.999999
      ],
      "offmtx": [
        [
          -0.72203,
          -0.592211,
          -0.357711,
          17.614162
        ],
        [
          0.663685,
          -0.738911,
          -0.116318,
          27.565242
        ],
        [
          -0.195431,
          -0.321393,
          0.926559,
          -8.44107
        ]
      ],
      "boundingbox": [
        [
          -0.15518,
          -1.088745,
          -4.988364
        ],
        [
          9.365415,
          3.272549,
          1.211006
        ]
      ]
    },
    {
      "name": "bone_back014_NTES",
      "parent": "bone_back14_NTES",
      "initpos": [
        0,
        0,
        0
      ],
      "initquaternion": [
        0,
        0,
        0,
        1
      ],
      "initscale": [
        1,
        1,
        1
      ],
      "offmtx": [
        [
          -0.72203,
          -0.592211,
          -0.357711,
          17.614162
        ],
        [
          0.663685,
          -0.738911,
          -0.116318,
          27.565242
        ],
        [
          -0.195431,
          -0.321393,
          0.926559,
          -8.44107
        ]
      ],
      "boundingbox": [
        [
          -0.333691,
          -1.173501,
          -5.119428
        ],
        [
          9.422293,
          3.400289,
          1.26999
        ]
      ]
    },
    {
      "name": "bone_back009_NTES",
      "parent": "bone_back09_NTES",
      "initpos": [
        0,
        0,
        0
      ],
      "initquaternion": [
        0,
        0,
        0,
        1
      ],
      "initscale": [
        1,
        1,
        1
      ],
      "offmtx": [
        [
          -0.999766,
          -0.004149,
          0.021176,
          -1.738288
        ],
        [
          0.009956,
          -0.959341,
          0.282071,
          25.680719
        ],
        [
          0.019144,
          0.282216,
          0.959159,
          -24.739936
        ]
      ],
      "boundingbox": [
        [
          -0.275568,
          -4.255293,
          -0.931017
        ],
        [
          5.863141,
          3.815528,
          1.061218
        ]
      ]
    },
    {
      "name": "bone_back15_NTES",
      "parent": "bone_back05_NTES",
      "initpos": [
        5.92897,
        1.28675,
        0.713953
      ],
      "initquaternion": [
        -0.007693,
        -0.018288,
        0.697927,
        0.715893
      ],
      "initscale": [
        0.999999,
        0.999999,
        0.999999
      ],
      "offmtx": [
        [
          0.999766,
          -0.004149,
          0.021176,
          -1.33775
        ],
        [
          0.009956,
          0.959341,
          -0.282071,
          -25.676725
        ],
        [
          -0.019144,
          0.282216,
          0.959159,
          -24.747606
        ]
      ],
      "boundingbox": [
        [
          -0.079755,
          -3.737059,
          -0.899387
        ],
        [
          5.559923,
          4.14187,
          1.005753
        ]
      ]
    },
    {
      "name": "bone_back16_NTES",
      "parent": "bone_back15_NTES",
      "initpos": [
        5.670793,
        -1.199153,
        1.349031
      ],
      "initquaternion": [
        0.639612,
        0.385898,
        -0.434617,
        0.503076
      ],
      "initscale": [
        0.999999,
        0.999999,
        0.999999
      ],
      "offmtx": [
        [
          0.342942,
          -0.21376,
          -0.914711,
          20.988691
        ],
        [
          0.922875,
          -0.104934,
          0.370525,
          -9.767751
        ],
        [
          -0.175187,
          -0.971233,
          0.161287,
          28.166862
        ]
      ],
      "boundingbox": [
        [
          -0.580512,
          -2.271947,
          -5.128838
        ],
        [
          5.827129,
          1.501993,
          4.906456
        ]
      ]
    },
    {
      "name": "bone_back17_NTES",
      "parent": "bone_back16_NTES",
      "initpos": [
        3.957702,
        -0.144769,
        -2.627985
      ],
      "initquaternion": [
        0.783701,
        -0.007014,
        -0.621093,
        0.00237
      ],
      "initscale": [
        0.999999,
        0.999999,
        0.999999
      ],
      "offmtx": [
        [
          0.236,
          0.898109,
          -0.371082,
          -25.954044
        ],
        [
          -0.927712,
          0.094572,
          -0.361116,
          9.867546
        ],
        [
          -0.289228,
          0.429482,
          0.855506,
          -23.66426
        ]
      ],
      "boundingbox": [
        [
          -0.097317,
          -2.565638,
          -2.64864
        ],
        [
          5.153104,
          2.615257,
          2.610951
        ]
      ]
    },
    {
      "name": "bone_back017_NTES",
      "parent": "bone_back17_NTES",
      "initpos": [
        0,
        0,
        0
      ],
      "initquaternion": [
        0,
        0,
        0,
        1
      ],
      "initscale": [
        1,
        1,
        1
      ],
      "offmtx": [
        [
          0.236,
          0.898109,
          -0.371082,
          -25.954044
        ],
        [
          -0.927712,
          0.094572,
          -0.361116,
          9.867546
        ],
        [
          -0.289228,
          0.429482,
          0.855506,
          -23.66426
        ]
      ],
      "boundingbox": [
        [
          -0.249711,
          -2.716013,
          -2.755761
        ],
        [
          5.305496,
          2.765632,
          2.762326
        ]
      ]
    },
    {
      "name": "bone_back18_NTES",
      "parent": "bone_back16_NTES",
      "initpos": [
        0.964551,
        0.199025,
        -3.437862
      ],
      "initquaternion": [
        -0.555021,
        -0.407594,
        0.258646,
        0.677436
      ],
      "initscale": [
        0.999999,
        0.999999,
        0.999999
      ],
      "offmtx": [
        [
          0.877621,
          -0.455887,
          -0.14815,
          11.068899
        ],
        [
          0.434478,
          0.887081,
          -0.155935,
          -30.879949
        ],
        [
          0.20251,
          0.072484,
          0.976593,
          -20.56867
        ]
      ],
      "boundingbox": [
        [
          -0.187311,
          -4.184977,
          -10.207928
        ],
        [
          13.795907,
          1.402015,
          2.270637
        ]
      ]
    },
    {
      "name": "bone_back018_NTES",
      "parent": "bone_back18_NTES",
      "initpos": [
        0,
        0,
        0
      ],
      "initquaternion": [
        0,
        0,
        0,
        1
      ],
      "initscale": [
        1,
        1,
        1
      ],
      "offmtx": [
        [
          0.877621,
          -0.455887,
          -0.14815,
          11.068899
        ],
        [
          0.434478,
          0.887081,
          -0.155935,
          -30.879949
        ],
        [
          0.20251,
          0.072484,
          0.976593,
          -20.56867
        ]
      ],
      "boundingbox": [
        [
          -0.469973,
          -4.370899,
          -10.453612
        ],
        [
          13.875041,
          1.532507,
          2.400905
        ]
      ]
    },
    {
      "name": "bone_back19_NTES",
      "parent": "bone_back16_NTES",
      "initpos": [
        0.703599,
        -0.086708,
        -0.399551
      ],
      "initquaternion": [
        -0.481887,
        -0.364231,
        0.219113,
        0.76623
      ],
      "initscale": [
        0.999999,
        0.999999,
        0.999999
      ],
      "offmtx": [
        [
          0.79208,
          -0.545601,
          -0.27373,
          16.218328
        ],
        [
          0.568213,
          0.822871,
          0.004058,
          -29.601049
        ],
        [
          0.22303,
          -0.158751,
          0.961797,
          -13.490453
        ]
      ],
      "boundingbox": [
        [
          -0.094874,
          -3.508045,
          -6.740088
        ],
        [
          11.927609,
          1.27189,
          1.334617
        ]
      ]
    },
    {
      "name": "bone_back019_NTES",
      "parent": "bone_back19_NTES",
      "initpos": [
        0,
        0,
        0
      ],
      "initquaternion": [
        0,
        0,
        0,
        1
      ],
      "initscale": [
        1,
        1,
        1
      ],
      "offmtx": [
        [
          0.79208,
          -0.545601,
          -0.27373,
          16.218328
        ],
        [
          0.568213,
          0.822871,
          0.004058,
          -29.601049
        ],
        [
          0.22303,
          -0.158751,
          0.961797,
          -13.490453
        ]
      ],
      "boundingbox": [
        [
          -0.333099,
          -3.648325,
          -6.915021
        ],
        [
          12.00992,
          1.372307,
          1.397804
        ]
      ]
    },
    {
      "name": "bone_back20_NTES",
      "parent": "bone_back16_NTES",
      "initpos": [
        1.469633,
        -0.010406,
        2.490058
      ],
      "initquaternion": [
        -0.422881,
        -0.358783,
        0.230691,
        0.799516
      ],
      "initscale": [
        0.999998,
        0.999999,
        0.999999
      ],
      "offmtx": [
        [
          0.7723,
          -0.574231,
          -0.27168,
          15.577327
        ],
        [
          0.619595,
          0.775277,
          0.122661,
          -28.119443
        ],
        [
          0.140192,
          -0.263063,
          0.954538,
          -10.106542
        ]
      ],
      "boundingbox": [
        [
          -0.112707,
          -3.731566,
          -5.751294
        ],
        [
          8.736228,
          0.882413,
          0.938474
        ]
      ]
    },
    {
      "name": "bone_back020_NTES",
      "parent": "bone_back20_NTES",
      "initpos": [
        0,
        0,
        0
      ],
      "initquaternion": [
        0,
        0,
        0,
        1
      ],
      "initscale": [
        1,
        1,
        1
      ],
      "offmtx": [
        [
          0.7723,
          -0.574231,
          -0.27168,
          15.577327
        ],
        [
          0.619595,
          0.775277,
          0.122661,
          -28.119443
        ],
        [
          0.140192,
          -0.263063,
          0.954538,
          -10.106542
        ]
      ],
      "boundingbox": [
        [
          -0.288765,
          -3.859685,
          -5.883789
        ],
        [
          8.77909,
          0.96084,
          1.011899
        ]
      ]
    },
    {
      "name": "bone_back016_NTES",
      "parent": "bone_back16_NTES",
      "initpos": [
        0,
        0,
        0
      ],
      "initquaternion": [
        0,
        0,
        0,
        1
      ],
      "initscale": [
        1,
        1,
        1
      ],
      "offmtx": [
        [
          0.342942,
          -0.21376,
          -0.914711,
          20.988691
        ],
        [
          0.922875,
          -0.104934,
          0.370525,
          -9.767751
        ],
        [
          -0.175187,
          -0.971233,
          0.161287,
          28.166862
        ]
      ],
      "boundingbox": [
        [
          -0.669748,
          -2.381485,
          -5.22788
        ],
        [
          5.954002,
          1.61153,
          4.971694
        ]
      ]
    },
    {
      "name": "bone_back015_NTES",
      "parent": "bone_back15_NTES",
      "initpos": [
        0,
        0,
        0
      ],
      "initquaternion": [
        0,
        0,
        0,
        1
      ],
      "initscale": [
        1,
        1,
        1
      ],
      "offmtx": [
        [
          0.999766,
          -0.004149,
          0.021176,
          -1.33775
        ],
        [
          0.009956,
          0.959341,
          -0.282071,
          -25.676725
        ],
        [
          -0.019144,
          0.282216,
          0.959159,
          -24.747606
        ]
      ],
      "boundingbox": [
        [
          -0.32927,
          -3.816059,
          -0.930005
        ],
        [
          5.809438,
          4.254759,
          1.062229
        ]
      ]
    },
    {
      "name": "bone_back005_NTES",
      "parent": "bone_back05_NTES",
      "initpos": [
        0,
        0,
        0
      ],
      "initquaternion": [
        0,
        0,
        0,
        1
      ],
      "initscale": [
        1,
        1,
        1
      ],
      "offmtx": [
        [
          0.015881,
          -0.968909,
          0.246904,
          32.460281
        ],
        [
          0.999865,
          0.016389,
          0.000004,
          -0.350558
        ],
        [
          -0.00405,
          0.246871,
          0.969039,
          -23.096496
        ]
      ],
      "boundingbox": [
        [
          -0.336086,
          -2.700986,
          -1.854192
        ],
        [
          10.448875,
          2.652669,
          2.686125
        ]
      ]
    },
    {
      "name": "bone_back21_NTES",
      "parent": "bone_back01_NTES",
      "initpos": [
        0.091012,
        0.045636,
        0.463788
      ],
      "initquaternion": [
        0.176866,
        -0.001279,
        0.984229,
        0.002911
      ],
      "initscale": [
        1,
        0.999999,
        0.999999
      ],
      "offmtx": [
        [
          -0.009631,
          -0.828878,
          0.559345,
          16.035642
        ],
        [
          0.999944,
          -0.010311,
          0.001938,
          0.543629
        ],
        [
          0.00416,
          0.559333,
          0.828931,
          -26.767595
        ]
      ],
      "boundingbox": [
        [
          -0.642542,
          -2.862501,
          -2.83765
        ],
        [
          3.770421,
          2.963175,
          2.196032
        ]
      ]
    },
    {
      "name": "bone_back22_NTES",
      "parent": "bone_back21_NTES",
      "initpos": [
        2.924897,
        -7.748603820800781e-7,
        0.000001
      ],
      "initquaternion": [
        -0.001762,
        0.1812,
        0.019453,
        0.983252
      ],
      "initscale": [
        0.999999,
        0.999999,
        0.999999
      ],
      "offmtx": [
        [
          0.027138,
          -0.973555,
          0.226833,
          21.800296
        ],
        [
          0.999571,
          0.023939,
          -0.016846,
          -0.062655
        ],
        [
          0.01097,
          0.227193,
          0.973787,
          -20.333086
        ]
      ],
      "boundingbox": [
        [
          -0.479516,
          -2.41437,
          -2.285365
        ],
        [
          2.927416,
          2.436747,
          1.439682
        ]
      ]
    },
    {
      "name": "bone_back23_NTES",
      "parent": "bone_back22_NTES",
      "initpos": [
        2.012252,
        -6.556510925292969e-7,
        0
      ],
      "initquaternion": [
        1.5698263666763523e-7,
        0.412525,
        0,
        0.910946
      ],
      "initscale": [
        0.999999,
        1,
        0.999999
      ],
      "offmtx": [
        [
          0.009657,
          -0.812954,
          -0.582246,
          28.334974
        ],
        [
          0.999571,
          0.023939,
          -0.016845,
          -0.06266
        ],
        [
          0.027633,
          -0.581834,
          0.812837,
          1.459597
        ]
      ],
      "boundingbox": [
        [
          -0.060468,
          -2.198749,
          -1.082724
        ],
        [
          2.633997,
          2.094208,
          1.165359
        ]
      ]
    },
    {
      "name": "bone_back023_NTES",
      "parent": "bone_back23_NTES",
      "initpos": [
        0,
        0,
        0
      ],
      "initquaternion": [
        0,
        0,
        0,
        1
      ],
      "initscale": [
        1,
        1,
        1
      ],
      "offmtx": [
        [
          0.009657,
          -0.812954,
          -0.582246,
          28.334974
        ],
        [
          0.999571,
          0.023939,
          -0.016845,
          -0.06266
        ],
        [
          0.027633,
          -0.581834,
          0.812837,
          1.459597
        ]
      ],
      "boundingbox": [
        [
          -0.162681,
          -2.323113,
          -1.148223
        ],
        [
          2.6882,
          2.219049,
          1.230362
        ]
      ]
    },
    {
      "name": "bone_back022_NTES",
      "parent": "bone_back22_NTES",
      "initpos": [
        0,
        0,
        0
      ],
      "initquaternion": [
        0,
        0,
        0,
        1
      ],
      "initscale": [
        1,
        1,
        1
      ],
      "offmtx": [
        [
          0.027138,
          -0.973555,
          0.226833,
          21.800296
        ],
        [
          0.999571,
          0.023939,
          -0.016846,
          -0.062655
        ],
        [
          0.01097,
          0.227193,
          0.973787,
          -20.333086
        ]
      ],
      "boundingbox": [
        [
          -0.601775,
          -2.554599,
          -2.388029
        ],
        [
          3.00293,
          2.578126,
          1.553255
        ]
      ]
    },
    {
      "name": "bone_back021_NTES",
      "parent": "bone_back21_NTES",
      "initpos": [
        0,
        0,
        0
      ],
      "initquaternion": [
        0,
        0,
        0,
        1
      ],
      "initscale": [
        1,
        1,
        1
      ],
      "offmtx": [
        [
          -0.009631,
          -0.828878,
          0.559345,
          16.035642
        ],
        [
          0.999944,
          -0.010311,
          0.001938,
          0.543629
        ],
        [
          0.00416,
          0.559333,
          0.828931,
          -26.767595
        ]
      ],
      "boundingbox": [
        [
          -0.799513,
          -3.031911,
          -2.973801
        ],
        [
          3.86962,
          3.131946,
          2.352087
        ]
      ]
    },
    {
      "name": "bone_back001_NTES",
      "parent": "bone_back01_NTES",
      "initpos": [
        0,
        0,
        0
      ],
      "initquaternion": [
        0,
        0,
        0,
        1
      ],
      "initscale": [
        1,
        1,
        1
      ],
      "offmtx": [
        [
          0.004293,
          0.9718,
          -0.235763,
          -24.263545
        ],
        [
          -0.99999,
          0.00395,
          -0.001926,
          -0.318349
        ],
        [
          -0.00094,
          0.235769,
          0.971808,
          -19.046844
        ]
      ],
      "boundingbox": [
        [
          -0.26713,
          -4.220286,
          -3.165616
        ],
        [
          6.049336,
          4.247685,
          3.104352
        ]
      ]
    }
  ],
  "boundingbox": [
    [
      -18.781873,
      21.054841,
      5.213799
    ],
    [
      18.327531,
      44.460941,
      18.961071
    ]
  ]
}
