{"skeleton":[{"name":"root","parent":"root","initpos":[0.0,0.0,-0.0],"initquaternion":[0.707106,0.0,0.0,0.707106],"initscale":[1.0,0.999999,0.999999],"offmtx":[[1.0,0.0,0.0,0.0],[0.0,1.0,0.0,0.0],[0.0,0.0,1.0,0.0]],"boundingbox":[[0.0,0.0,0.0],[0.0,0.0,0.0]]},{"name":"Bone006","parent":"root","initpos":[-0.106588,-5.883992457711429e-07,-12.567687],"initquaternion":[-0.5,0.499999,0.499999,0.5],"initscale":[1.0,0.999999,0.999999],"offmtx":[[1.0,0.0,0.0,0.0],[0.0,1.0,0.0,0.0],[0.0,0.0,1.0,0.0]],"boundingbox":[[0.0,0.0,0.0],[0.0,0.0,0.0]]},{"name":"Bone071","parent":"Bone006","initpos":[1.553106,-0.106591,-2.474104],"initquaternion":[-0.49474,0.505205,0.505203,0.494741],"initscale":[0.999999,0.999999,0.999999],"offmtx":[[-1.623220953206328e-07,-0.020926,-0.999781,-2.178069],[-0.0,-0.99978,0.020926,14.169476],[-1.0,0.0,1.6198727337268792e-07,4.3403929339547176e-07]],"boundingbox":[[-0.162356,-1.417243,-1.519501],[1.293496,3.860828,1.993524]]},{"name":"Bone075","parent":"Bone071","initpos":[0.143509,-0.775722,0.981333],"initquaternion":[-0.3688,-0.706184,0.07933,0.599163],"initscale":[1.0,1.0,1.0],"offmtx":[[-0.787725,-0.615602,0.022866,8.455587],[0.553987,-0.724139,-0.410755,10.246653],[0.26942,-0.310894,0.911458,7.295263]],"boundingbox":[[-0.081054,-1.173738,-0.443056],[4.092993,1.075396,0.431209]]},{"name":"Bone072","parent":"Bone075","initpos":[2.263755,0.172698,0.314915],"initquaternion":[-0.12782,0.017112,0.118661,0.984524],"initscale":[0.999999,0.999999,0.999999],"offmtx":[[-0.655316,-0.744026,-0.130326,7.876595],[0.641066,-0.456572,-0.616907,6.258782],[0.399492,-0.487817,0.77617,9.345347]],"boundingbox":[[-0.10154,-0.758536,-0.253759],[7.098965,2.042989,0.353532]]},{"name":"Bone078","parent":"Bone071","initpos":[0.14351,-0.77572,-0.980999],"initquaternion":[-0.599163,-0.07933,0.706184,0.3688],"initscale":[0.999999,0.999999,0.999999],"offmtx":[[0.787725,-0.615602,0.022866,8.455844],[0.553987,0.724139,0.410754,-10.24647],[-0.26942,-0.310894,0.911459,7.29517]],"boundingbox":[[-0.080792,-1.07521,-0.443145],[4.093254,1.173924,0.43112]]},{"name":"Bone070","parent":"Bone078","initpos":[2.263992,-0.172533,0.314834],"initquaternion":[0.12782,0.017111,-0.118661,0.984524],"initscale":[0.999999,0.999999,0.999999],"offmtx":[[0.655315,-0.744027,-0.130326,7.876622],[0.641066,0.456572,0.616907,-6.258757],[-0.399493,-0.487817,0.77617,9.345332]],"boundingbox":[[0.11211,-1.203194,-0.561967],[6.385896,0.909813,0.479966]]},{"name":"Bone069","parent":"Bone006","initpos":[1.796545,0.933535,-2.535034],"initquaternion":[-0.003431,-0.17242,0.9729,0.154027],"initscale":[0.999999,0.999999,0.999999],"offmtx":[[-0.300889,-0.952527,0.046439,13.487085],[0.893092,-0.298523,-0.336553,4.363815],[0.33444,-0.059791,0.940518,3.590958]],"boundingbox":[[0.046282,-2.566363,-1.137575],[4.067203,3.292236,1.256719]]},{"name":"Bone094","parent":"Bone069","initpos":[3.712311,0.0,7.152557373046875e-07],"initquaternion":[0.0,0.0,0.0,1.0],"initscale":[1.0,1.0,1.0],"offmtx":[[-0.30089,-0.952527,0.046439,9.774771],[0.893092,-0.298523,-0.336554,4.363818],[0.33444,-0.059791,0.940517,3.590958]],"boundingbox":[[-0.294274,-2.587854,-1.137575],[2.903761,3.292237,0.532184]]},{"name":"Bone095","parent":"Bone094","initpos":[3.876119,4.76837158203125e-07,4.76837158203125e-07],"initquaternion":[0.0,0.0,0.0,1.0],"initscale":[1.0,1.0,1.0],"offmtx":[[-0.30089,-0.952527,0.046439,5.898654],[0.893092,-0.298523,-0.336554,4.363818],[0.33444,-0.05979,0.940517,3.590955]],"boundingbox":[[0.726276,-2.609347,-0.782299],[3.897444,2.958356,0.690633]]},{"name":"Bone068","parent":"Bone095","initpos":[3.442798,3e-06,-2e-06],"initquaternion":[0.0,0.0,0.0,1.0],"initscale":[1.0,1.0,1.0],"offmtx":[[-0.300889,-0.952527,0.046439,2.455857],[0.893092,-0.298523,-0.336554,4.363814],[0.33444,-0.05979,0.940517,3.590957]],"boundingbox":[[-0.224862,-2.630841,-0.658149],[3.080508,2.728857,0.74233]]},{"name":"Bone081","parent":"Bone006","initpos":[0.210802,4.599994,-0.316211],"initquaternion":[-0.045493,0.728316,-0.627967,-0.270447],"initscale":[0.999999,0.999999,0.999999],"offmtx":[[-0.273395,-0.849577,0.45108,9.712188],[-0.207174,-0.405932,-0.89011,3.930663],[0.939326,-0.336804,-0.06503,8.704307]],"boundingbox":[[-0.21567,-3.942006,-1.428292],[5.884252,2.946404,2.576304]]},{"name":"Bone076","parent":"Bone006","initpos":[-0.207324,3.547824,1.145192],"initquaternion":[0.043753,0.870091,-0.452807,-0.189715],"initscale":[0.999999,1.0,1.0],"offmtx":[[-0.247947,-0.924187,0.290516,10.184489],[-0.586103,-0.09567,-0.804568,-0.037946],[0.771365,-0.369763,-0.517948,7.982446]],"boundingbox":[[0.009705,-4.678884,-1.31679],[4.345041,3.762332,2.004806]]},{"name":"Bone098","parent":"Bone076","initpos":[3.84633,2.980232238769531e-07,-0.0],"initquaternion":[0.0,0.0,0.0,1.0],"initscale":[1.0,1.0,1.0],"offmtx":[[-0.247947,-0.924187,0.290516,6.338158],[-0.586103,-0.09567,-0.804567,-0.037946],[0.771365,-0.369763,-0.517947,7.982445]],"boundingbox":[[-0.686318,-4.573822,-1.203884],[3.989581,4.041387,2.024703]]},{"name":"Bone099","parent":"Bone098","initpos":[3.723723,-1.7881393432617188e-07,-4.76837158203125e-07],"initquaternion":[0.0,0.0,0.0,1.0],"initscale":[1.0,1.0,1.0],"offmtx":[[-0.247947,-0.924187,0.290516,2.614437],[-0.586103,-0.09567,-0.804568,-0.037947],[0.771365,-0.369763,-0.517948,7.982448]],"boundingbox":[[-1.259735,-4.485414,-1.090977],[3.756728,4.864469,2.871414]]},{"name":"Bone077","parent":"Bone099","initpos":[3.3248,-1.9371509552001953e-07,9.5367431640625e-07],"initquaternion":[0.011967,0.254618,0.020186,0.966756],"initscale":[0.999999,0.999999,0.999999],"offmtx":[[-0.62142,-0.626061,0.471045,-4.545359],[-0.551513,-0.077484,-0.830559,0.252261],[0.556479,-0.775914,-0.29713,6.595573]],"boundingbox":[[-3.222625,-4.444636,-0.942167],[4.058741,4.994215,2.216519]]},{"name":"Bone100","parent":"Bone077","initpos":[2.746071,-1e-06,-0.0],"initquaternion":[0.0,0.094701,0.0,0.995505],"initscale":[0.999999,1.0,0.999999],"offmtx":[[-0.715199,-0.468531,0.51862,-8.404253],[-0.551512,-0.077484,-0.83056,0.252264],[0.429328,-0.880042,-0.202984,5.102458]],"boundingbox":[[-1.895307,-5.529598,-0.878801],[2.28656,2.767567,2.00157]]},{"name":"Bone080","parent":"Bone006","initpos":[2.489791,-0.150712,2.026307],"initquaternion":[0.016256,0.958157,0.004846,-0.285737],"initscale":[0.999999,0.999999,0.999999],"offmtx":[[-0.028382,-0.836179,0.547721,11.482151],[-0.999424,0.033922,-1e-06,-0.466687],[-0.018579,-0.547406,-0.83666,9.93871]],"boundingbox":[[-0.056576,-3.891294,-0.795268],[6.092064,3.579064,1.038748]]},{"name":"Bone073","parent":"Bone006","initpos":[0.124242,-4.776129,-0.077303],"initquaternion":[0.038153,0.692265,0.679638,-0.239592],"initscale":[1.0,1.0,1.0],"offmtx":[[0.272849,-0.882278,0.383583,9.953396],[-0.07327,0.378497,0.922697,-4.390384],[-0.959262,-0.279863,0.038627,8.034311]],"boundingbox":[[-0.651598,-2.968758,-0.788305],[4.760027,3.669929,1.864896]]},{"name":"Bone079","parent":"Bone006","initpos":[-0.692743,-4.203868,-2.250481],"initquaternion":[-0.003787,0.209487,0.974983,-0.074217],"initscale":[0.999999,0.999999,0.999999],"offmtx":[[0.146308,-0.988954,0.023709,11.197673],[0.901214,0.143134,0.409055,-4.471666],[-0.40793,-0.038481,0.912201,4.181266]],"boundingbox":[[-0.445535,-0.679843,-0.238727],[3.042533,0.852812,0.223853]]},{"name":"Bone096","parent":"Bone079","initpos":[3.289506,4.76837158203125e-07,4.76837158203125e-07],"initquaternion":[0.0,0.0,0.0,1.0],"initscale":[1.0,1.0,1.0],"offmtx":[[0.146308,-0.988954,0.023709,7.908166],[0.901213,0.143134,0.409055,-4.471666],[-0.40793,-0.038481,0.912201,4.181265]],"boundingbox":[[-0.504362,-1.053449,-0.239975],[3.268332,1.212476,0.230781]]},{"name":"Bone097","parent":"Bone096","initpos":[3.730942,4.76837158203125e-07,-9.5367431640625e-07],"initquaternion":[0.0,0.0,0.0,1.0],"initscale":[1.0,1.0,1.0],"offmtx":[[0.146308,-0.988954,0.023709,4.177224],[0.901213,0.143134,0.409054,-4.471668],[-0.40793,-0.038481,0.912201,4.181264]],"boundingbox":[[-1.089405,-1.579836,-0.241221],[4.490236,1.572141,0.240543]]},{"name":"Bone082","parent":"Bone006","initpos":[-0.84881,-2.34534,3.330326],"initquaternion":[-0.005205,0.99063,0.06411,-0.120477],"initscale":[0.999999,1.0,1.0],"offmtx":[[0.025761,-0.970916,0.238029,10.527661],[-0.991725,0.005134,0.128274,1.732868],[-0.125766,-0.239364,-0.962749,6.292911]],"boundingbox":[[-0.211574,-2.996406,-0.642876],[3.234629,2.95438,0.782972]]},{"name":"Bone091","parent":"Bone082","initpos":[3.131004,0.0,9.5367431640625e-07],"initquaternion":[-6.2e-05,-0.000944,0.01278,0.999917],"initscale":[0.999999,0.999999,0.999999],"offmtx":[[0.000168,-0.970917,0.239413,7.450388],[-0.992041,0.029983,0.122293,1.542318],[-0.125914,-0.237528,-0.963184,6.279095]],"boundingbox":[[-0.118292,-4.348898,-0.652444],[4.867787,3.918686,1.198766]]},{"name":"Bone092","parent":"Bone091","initpos":[3.084009,-9.5367431640625e-07,9.5367431640625e-07],"initquaternion":[-0.001843,0.011681,0.053277,0.998509],"initscale":[0.999999,0.999999,0.999999],"offmtx":[[-0.102377,-0.956364,0.273653,4.35672],[-0.986114,0.133735,0.098461,1.053499],[-0.130762,-0.259773,-0.956775,6.385935]],"boundingbox":[[-0.133431,-4.439963,-0.65721],[3.330593,3.844089,1.202612]]},{"name":"Bone074","parent":"Bone092","initpos":[2.919419,-1.5e-05,-1e-06],"initquaternion":[0.021295,0.204403,0.059109,0.976868],"initscale":[0.999999,0.999999,0.999999],"offmtx":[[-0.163681,-0.750071,0.640781,-1.096157],[-0.975997,0.217714,0.005537,1.311721],[-0.14366,-0.624494,-0.767702,6.405758]],"boundingbox":[[0.075599,-3.062849,-0.930946],[4.218571,4.230012,1.291175]]},{"name":"Bone093","parent":"Bone074","initpos":[3.313392,1.1920928955078125e-07,-4.76837158203125e-07],"initquaternion":[0.01679,0.264374,0.049621,0.962996],"initscale":[0.999999,0.999999,0.999999],"offmtx":[[-0.169026,-0.301845,0.938253,-6.885455],[-0.964865,0.244964,-0.095013,2.062023],[-0.201159,-0.921347,-0.332645,3.24608]],"boundingbox":[[-0.585371,-2.576111,-0.644374],[3.270647,5.631718,1.637168]]},{"name":"Bone101","parent":"Bone006","initpos":[-0.542317,-4.427798,0.339529],"initquaternion":[-0.066927,0.685772,0.710594,-0.142448],"initscale":[1.0,0.999999,0.999999],"offmtx":[[0.294241,-0.950457,0.100257,10.124092],[0.01885,0.110652,0.99368,-1.749469],[-0.955545,-0.290491,0.050474,7.60525]],"boundingbox":[[-0.051077,-2.252369,-0.173343],[2.910044,2.450448,0.494936]]},{"name":"Bone102","parent":"Bone101","initpos":[3.039773,-4.76837158203125e-07,4.76837158203125e-07],"initquaternion":[0.0,0.0,0.0,1.0],"initscale":[1.0,1.0,1.0],"offmtx":[[0.294241,-0.950457,0.100257,7.084318],[0.01885,0.110652,0.99368,-1.749467],[-0.955545,-0.290491,0.050474,7.605249]],"boundingbox":[[-0.159599,-2.325905,-0.310305],[2.794537,2.379544,0.345461]]},{"name":"Bone103","parent":"Bone102","initpos":[2.714961,8.344650268554688e-07,-0.0],"initquaternion":[0.0,0.0,0.0,1.0],"initscale":[1.0,1.0,1.0],"offmtx":[[0.294241,-0.950457,0.100257,4.369358],[0.01885,0.110652,0.99368,-1.749468],[-0.955545,-0.290491,0.050474,7.605249]],"boundingbox":[[-0.181642,-2.399442,-0.406263],[3.01083,2.312165,0.195988]]}],"boundingbox":[[-10.279985,-0.318331,-4.277186],[7.229546,15.807136,10.092573]]}