{
  "skeleton": [
    {
      "name": "root",
      "parent": "root",
      "initpos": [
        0,
        0,
        0
      ],
      "initquaternion": [
        0.707106,
        0,
        0,
        0.707106
      ],
      "initscale": [
        1,
        0.999999,
        0.999999
      ],
      "offmtx": [
        [
          1,
          0,
          0,
          0
        ],
        [
          0,
          1,
          0,
          0
        ],
        [
          0,
          0,
          1,
          0
        ]
      ],
      "boundingbox": [
        [
          0,
          0,
          0
        ],
        [
          0,
          0,
          0
        ]
      ]
    },
    {
      "name": "bone01",
      "parent": "root",
      "initpos": [
        3.527447063333966e-7,
        8.429038,
        -21.476707
      ],
      "initquaternion": [
        0.53727,
        -0.459717,
        0.53727,
        -0.459717
      ],
      "initscale": [
        0.999999,
        0.999999,
        0.999999
      ],
      "offmtx": [
        [
          -1.628011716547917e-7,
          -0.154638,
          -0.987971,
          11.648778
        ],
        [
          0,
          0.987971,
          -0.154638,
          -19.914907
        ],
        [
          1,
          0,
          -1.715427941917369e-7,
          1.500115160979476e-7
        ]
      ],
      "boundingbox": [
        [
          -13.79522,
          -7.288856,
          -7.576858
        ],
        [
          10.606667,
          14.827703,
          7.576865
        ]
      ]
    },
    {
      "name": "bone02",
      "parent": "bone01",
      "initpos": [
        7.182053,
        0.00007,
        8.458713409709162e-7
      ],
      "initquaternion": [
        0,
        0,
        0.224565,
        0.974459
      ],
      "initscale": [
        0.999999,
        0.999999,
        1
      ],
      "offmtx": [
        [
          0,
          0.293352,
          -0.956004,
          -4.699766
        ],
        [
          0,
          0.956004,
          0.293352,
          -19.861272
        ],
        [
          1,
          0,
          0,
          0
        ]
      ],
      "boundingbox": [
        [
          -0.571074,
          -9.752486,
          -9.767523
        ],
        [
          23.726324,
          11.565882,
          9.767527
        ]
      ]
    },
    {
      "name": "bone03",
      "parent": "bone02",
      "initpos": [
        11.994335,
        0.387414,
        0
      ],
      "initquaternion": [
        0,
        0,
        -0.247159,
        0.968974
      ],
      "initscale": [
        1,
        1,
        1
      ],
      "offmtx": [
        [
          0,
          -0.200396,
          -0.979714,
          -4.955739
        ],
        [
          -1.9594266120748216e-7,
          0.979714,
          -0.200396,
          -25.770971
        ],
        [
          1,
          1.8343619956340262e-7,
          0,
          -0.000004
        ]
      ],
      "boundingbox": [
        [
          -0.172434,
          -8.1461,
          -9.40786
        ],
        [
          12.938167,
          5.95096,
          9.407861
        ]
      ]
    },
    {
      "name": "bone04",
      "parent": "bone02",
      "initpos": [
        16.473201,
        2.90649,
        -9.77322
      ],
      "initquaternion": [
        0,
        0,
        0.147698,
        0.989032
      ],
      "initscale": [
        1,
        1,
        1
      ],
      "offmtx": [
        [
          0,
          0.559857,
          -0.828588,
          -26.900957
        ],
        [
          0,
          0.828588,
          0.559857,
          -15.588576
        ],
        [
          1,
          0,
          0,
          9.773219
        ]
      ],
      "boundingbox": [
        [
          -0.387698,
          -5.48413,
          -3.146185
        ],
        [
          8.719838,
          4.734486,
          5.767771
        ]
      ]
    },
    {
      "name": "bone05",
      "parent": "bone04",
      "initpos": [
        5.844797,
        -9.5367431640625e-7,
        9.5367431640625e-7
      ],
      "initquaternion": [
        0,
        0,
        -0.174469,
        0.984662
      ],
      "initscale": [
        0.999999,
        0.999999,
        1
      ],
      "offmtx": [
        [
          0,
          0.24108,
          -0.970504,
          -25.396175
        ],
        [
          0,
          0.970504,
          0.24108,
          -25.890583
        ],
        [
          1,
          0,
          0,
          9.77322
        ]
      ],
      "boundingbox": [
        [
          -2.259702,
          -5.898344,
          -4.599283
        ],
        [
          9.171375,
          6.987572,
          4.314675
        ]
      ]
    },
    {
      "name": "bone06",
      "parent": "bone05",
      "initpos": [
        7.058088,
        0.000001,
        -9.5367431640625e-7
      ],
      "initquaternion": [
        0,
        0,
        -0.323208,
        0.946327
      ],
      "initscale": [
        0.999999,
        0.999999,
        1
      ],
      "offmtx": [
        [
          0,
          -0.402967,
          -0.915213,
          -9.835803
        ],
        [
          0,
          0.915213,
          -0.402967,
          -40.33432
        ],
        [
          1,
          0,
          0,
          9.77322
        ]
      ],
      "boundingbox": [
        [
          -5.81081,
          -4.126827,
          -4.599284
        ],
        [
          7.305711,
          7.332874,
          4.314677
        ]
      ]
    },
    {
      "name": "bone07",
      "parent": "bone06",
      "initpos": [
        6.388038,
        0,
        0
      ],
      "initquaternion": [
        0,
        0,
        0.006981,
        0.999975
      ],
      "initscale": [
        1,
        1,
        1
      ],
      "offmtx": [
        [
          0,
          -0.390148,
          -0.920751,
          -16.785467
        ],
        [
          0,
          0.920751,
          -0.390148,
          -40.103858
        ],
        [
          1,
          0,
          0,
          9.773221
        ]
      ],
      "boundingbox": [
        [
          -1.319631,
          -3.313078,
          -7.004687
        ],
        [
          13.694129,
          5.653863,
          6.629604
        ]
      ]
    },
    {
      "name": "bone08",
      "parent": "bone07",
      "initpos": [
        6.622093,
        -1.848037,
        -0.066281
      ],
      "initquaternion": [
        0,
        0,
        -0.022204,
        0.999753
      ],
      "initscale": [
        0.999999,
        0.999999,
        1
      ],
      "offmtx": [
        [
          0,
          -0.430644,
          -0.902521,
          -21.68596
        ],
        [
          -1.498194990290358e-7,
          0.902521,
          -0.430644,
          -39.257377
        ],
        [
          1,
          1.7278938457820914e-7,
          0,
          9.839498
        ]
      ],
      "boundingbox": [
        [
          -0.088085,
          -1.565641,
          -2.699489
        ],
        [
          6.581848,
          2.199922,
          2.561241
        ]
      ]
    },
    {
      "name": "bone09",
      "parent": "bone02",
      "initpos": [
        16.473203,
        2.906492,
        9.772779
      ],
      "initquaternion": [
        0.989032,
        0.147698,
        0,
        -1.9257174699305324e-7
      ],
      "initscale": [
        1,
        0.999999,
        0.999999
      ],
      "offmtx": [
        [
          0,
          0.559857,
          -0.828588,
          -26.900959
        ],
        [
          -3.4721296060524764e-7,
          -0.828588,
          -0.559857,
          15.58858
        ],
        [
          -1,
          2.658468645222456e-7,
          2.2672773525300727e-7,
          9.772773
        ]
      ],
      "boundingbox": [
        [
          -0.387698,
          -4.703139,
          -3.199732
        ],
        [
          8.719836,
          5.484132,
          5.714287
        ]
      ]
    },
    {
      "name": "bone10",
      "parent": "bone09",
      "initpos": [
        5.844795,
        -0.000001,
        0.000003
      ],
      "initquaternion": [
        0,
        0,
        0.174469,
        0.984662
      ],
      "initscale": [
        0.999999,
        0.999999,
        1
      ],
      "offmtx": [
        [
          -1.5594976332522492e-7,
          0.24108,
          -0.970504,
          -25.396175
        ],
        [
          -3.1266543487618037e-7,
          -0.970504,
          -0.24108,
          25.890592
        ],
        [
          -1,
          2.658468645222456e-7,
          2.2672772104215255e-7,
          9.77277
        ]
      ],
      "boundingbox": [
        [
          -2.259696,
          -6.987566,
          -4.599728
        ],
        [
          9.171382,
          5.898351,
          4.31423
        ]
      ]
    },
    {
      "name": "bone11",
      "parent": "bone10",
      "initpos": [
        7.058094,
        0.000001,
        -0.000004
      ],
      "initquaternion": [
        0,
        0,
        0.323208,
        0.946327
      ],
      "initscale": [
        0.999999,
        0.999999,
        1
      ],
      "offmtx": [
        [
          -3.146320750602172e-7,
          -0.402967,
          -0.915214,
          -9.835807
        ],
        [
          -1.519429133622907e-7,
          -0.915214,
          0.402967,
          40.334335
        ],
        [
          -1,
          2.658468645222456e-7,
          2.2672772104215255e-7,
          9.772774
        ]
      ],
      "boundingbox": [
        [
          -5.810815,
          -7.33288,
          -6.070273
        ],
        [
          9.468498,
          6.622768,
          5.741109
        ]
      ]
    },
    {
      "name": "bone12",
      "parent": "bone11",
      "initpos": [
        6.388031,
        0.000003,
        -0.000003
      ],
      "initquaternion": [
        0,
        0,
        -0.006981,
        0.999975
      ],
      "initscale": [
        1,
        1,
        1
      ],
      "offmtx": [
        [
          -3.1247984111359983e-7,
          -0.390148,
          -0.920751,
          -16.785459
        ],
        [
          -1.5632143401944631e-7,
          -0.920751,
          0.390148,
          40.10387
        ],
        [
          -1,
          2.6584689294395503e-7,
          2.2672772104215255e-7,
          9.772778
        ]
      ],
      "boundingbox": [
        [
          -1.213926,
          -7.354369,
          -5.449707
        ],
        [
          13.778171,
          5.75658,
          5.1103
        ]
      ]
    },
    {
      "name": "bone13",
      "parent": "bone12",
      "initpos": [
        6.622104,
        1.848041,
        -0.066285
      ],
      "initquaternion": [
        0,
        0,
        0.022204,
        0.999753
      ],
      "initscale": [
        0.999999,
        0.999999,
        1
      ],
      "offmtx": [
        [
          -3.191121322743129e-7,
          -0.430644,
          -0.902521,
          -21.68596
        ],
        [
          -1.422935156369931e-7,
          -0.902521,
          0.430644,
          39.257373
        ],
        [
          -1,
          2.6584689294395503e-7,
          2.267276641987337e-7,
          9.839062
        ]
      ],
      "boundingbox": [
        [
          -0.053165,
          -0.414375,
          -2.377934
        ],
        [
          6.643905,
          2.192435,
          2.152221
        ]
      ]
    },
    {
      "name": "bone14",
      "parent": "bone02",
      "initpos": [
        17.033712,
        8.457817,
        0
      ],
      "initquaternion": [
        0,
        0,
        0.14868,
        0.988885
      ],
      "initscale": [
        0.999999,
        0.999999,
        1
      ],
      "offmtx": [
        [
          0,
          0.561501,
          -0.827475,
          -29.099977
        ],
        [
          0,
          0.827475,
          0.561501,
          -20.676218
        ],
        [
          1,
          0,
          0,
          6.660857820861565e-7
        ]
      ],
      "boundingbox": [
        [
          -1.761209,
          -5.04412,
          -6.288371
        ],
        [
          7.753673,
          5.780353,
          6.288364
        ]
      ]
    },
    {
      "name": "bone15",
      "parent": "bone14",
      "initpos": [
        5.905378,
        -0.000003,
        1.5532646102656145e-7
      ],
      "initquaternion": [
        0,
        0,
        0.070117,
        0.997538
      ],
      "initscale": [
        0.999999,
        0.999999,
        1
      ],
      "offmtx": [
        [
          0,
          0.671735,
          -0.74079,
          -37.553546
        ],
        [
          0,
          0.74079,
          0.671735,
          -15.576
        ],
        [
          1,
          0,
          0,
          -0.000001
        ]
      ],
      "boundingbox": [
        [
          -1.549635,
          -7.438114,
          -6.28837
        ],
        [
          12.186655,
          8.599159,
          6.288364
        ]
      ]
    },
    {
      "name": "bone16",
      "parent": "bone15",
      "initpos": [
        6.949783,
        -0.000003,
        7.827709396224236e-7
      ],
      "initquaternion": [
        0,
        0,
        -0.474637,
        0.880181
      ],
      "initscale": [
        0.999999,
        0.999999,
        1
      ],
      "offmtx": [
        [
          1.0335739375477715e-7,
          -0.249877,
          -0.968277,
          -11.437609
        ],
        [
          0,
          0.968277,
          -0.249877,
          -45.742092
        ],
        [
          1,
          0,
          0,
          -5.587797886619228e-7
        ]
      ],
      "boundingbox": [
        [
          -1.314895,
          -4.853989,
          -6.288374
        ],
        [
          9.130163,
          8.576103,
          6.288364
        ]
      ]
    },
    {
      "name": "bone17",
      "parent": "bone16",
      "initpos": [
        8.381052,
        0.000011,
        0
      ],
      "initquaternion": [
        0,
        0,
        -0.046383,
        0.998923
      ],
      "initscale": [
        0.999999,
        0.999999,
        1
      ],
      "offmtx": [
        [
          1.0590247256914154e-7,
          -0.33853,
          -0.940955,
          -15.494572
        ],
        [
          0,
          0.940955,
          -0.33853,
          -47.381813
        ],
        [
          1,
          0,
          0,
          -5.587593250311329e-7
        ]
      ],
      "boundingbox": [
        [
          -2.797966,
          -3.310343,
          -7.700069
        ],
        [
          16.201862,
          12.715367,
          8.487008
        ]
      ]
    },
    {
      "name": "bone18",
      "parent": "bone17",
      "initpos": [
        9.715529,
        -1.74414,
        -0.000003
      ],
      "initquaternion": [
        0,
        0,
        -0.006313,
        0.99998
      ],
      "initscale": [
        0.999999,
        0.999999,
        1
      ],
      "offmtx": [
        [
          1.061787600065145e-7,
          -0.350384,
          -0.936605,
          -24.631816
        ],
        [
          -1.8529028977809503e-7,
          0.936605,
          -0.350384,
          -45.952381
        ],
        [
          1,
          2.107474301737966e-7,
          0,
          -0.000004
        ]
      ],
      "boundingbox": [
        [
          0.037345,
          -1.276411,
          -2.75181
        ],
        [
          6.478412,
          1.07392,
          2.7518
        ]
      ]
    },
    {
      "name": "bone19",
      "parent": "bone02",
      "initpos": [
        18.368986,
        1.757415,
        -12.725528
      ],
      "initquaternion": [
        -2.417545204025373e-7,
        4.6307263801281806e-7,
        -0.844631,
        0.535347
      ],
      "initscale": [
        1,
        1,
        1
      ],
      "offmtx": [
        [
          0,
          -0.98976,
          0.142735,
          29.396581
        ],
        [
          -0.000001,
          -0.142735,
          -0.98976,
          -11.635119
        ],
        [
          1,
          -2.3098787949038524e-7,
          -0.000001,
          12.725519
        ]
      ],
      "boundingbox": [
        [
          -7.363329,
          -8.66434,
          -7.697123
        ],
        [
          16.077331,
          5.280649,
          3.443717
        ]
      ]
    },
    {
      "name": "bone20",
      "parent": "bone19",
      "initpos": [
        14.040266,
        -0.000184,
        0
      ],
      "initquaternion": [
        0.033003,
        0.156901,
        0.287154,
        0.94437
      ],
      "initscale": [
        0.999999,
        0.999999,
        1
      ],
      "offmtx": [
        [
          -0.277391,
          -0.856694,
          -0.434888,
          2.106956
        ],
        [
          0.152444,
          0.407671,
          -0.900313,
          -15.920482
        ],
        [
          0.948585,
          -0.316036,
          0.017513,
          16.589937
        ]
      ],
      "boundingbox": [
        [
          -0.390673,
          -3.912274,
          -6.568508
        ],
        [
          13.758116,
          8.478105,
          5.914322
        ]
      ]
    },
    {
      "name": "bone21",
      "parent": "bone20",
      "initpos": [
        13.504833,
        9.5367431640625e-7,
        0
      ],
      "initquaternion": [
        -0.138086,
        -0.081889,
        0.516865,
        0.840878
      ],
      "initscale": [
        0.999999,
        1,
        0.999999
      ],
      "offmtx": [
        [
          0.005728,
          -0.022299,
          -0.999734,
          -19.437332
        ],
        [
          -0.00056,
          0.99975,
          -0.022302,
          -2.41429
        ],
        [
          0.999983,
          0.000687,
          0.005714,
          16.581935
        ]
      ],
      "boundingbox": [
        [
          -1.541444,
          -1.754937,
          -4.008184
        ],
        [
          10.750299,
          2.406402,
          3.60666
        ]
      ]
    },
    {
      "name": "bone22",
      "parent": "bone20",
      "initpos": [
        11.892722,
        -2.693992,
        -0.463773
      ],
      "initquaternion": [
        0.208278,
        -0.046129,
        -0.792438,
        0.571431
      ],
      "initscale": [
        0.999999,
        0.999999,
        0.999999
      ],
      "offmtx": [
        [
          -0.331935,
          -0.066491,
          0.940955,
          10.048388
        ],
        [
          -0.002983,
          -0.997433,
          -0.071534,
          1.164113
        ],
        [
          0.943297,
          -0.026551,
          0.330885,
          21.429069
        ]
      ],
      "boundingbox": [
        [
          -0.759821,
          -1.101013,
          -2.066932
        ],
        [
          7.975648,
          1.833938,
          1.305868
        ]
      ]
    },
    {
      "name": "bone23",
      "parent": "bone19",
      "initpos": [
        -0.462667,
        -2.59826,
        -6.633214
      ],
      "initquaternion": [
        0.081212,
        0.095587,
        -0.577982,
        0.806352
      ],
      "initscale": [
        0.999999,
        0.999999,
        0.999999
      ],
      "offmtx": [
        [
          -0.248031,
          -0.179557,
          0.951965,
          12.845302
        ],
        [
          0.020476,
          -0.983424,
          -0.180155,
          25.812366
        ],
        [
          0.968535,
          -0.025191,
          0.247597,
          22.731466
        ]
      ],
      "boundingbox": [
        [
          -0.661986,
          -1.07305,
          -3.340253
        ],
        [
          13.540603,
          2.132614,
          1.659315
        ]
      ]
    },
    {
      "name": "bone24",
      "parent": "bone23",
      "initpos": [
        12.003425,
        0,
        0
      ],
      "initquaternion": [
        -0.070911,
        -0.141293,
        -0.458315,
        0.874616
      ],
      "initscale": [
        0.999999,
        0.999999,
        0.999999
      ],
      "offmtx": [
        [
          0.152398,
          0.663887,
          0.732138,
          -12.626228
        ],
        [
          -0.186847,
          -0.708079,
          0.680963,
          15.525086
        ],
        [
          0.970495,
          -0.240576,
          0.016135,
          27.986728
        ]
      ],
      "boundingbox": [
        [
          -0.578681,
          -1.240378,
          -1.412879
        ],
        [
          12.306366,
          1.800764,
          1.825052
        ]
      ]
    },
    {
      "name": "bone25",
      "parent": "bone24",
      "initpos": [
        11.343393,
        0.000008,
        0
      ],
      "initquaternion": [
        0.018494,
        0.339437,
        0.273028,
        0.899941
      ],
      "initscale": [
        0.999999,
        0.999999,
        0.999999
      ],
      "offmtx": [
        [
          -0.582728,
          0.199621,
          0.787767,
          -23.864105
        ],
        [
          -0.019652,
          -0.972539,
          0.231905,
          30.797029
        ],
        [
          0.812429,
          0.119656,
          0.570649,
          8.993005
        ]
      ],
      "boundingbox": [
        [
          -0.611055,
          -2.429633,
          -1.431073
        ],
        [
          13.405031,
          1.215968,
          1.925773
        ]
      ]
    },
    {
      "name": "bone26",
      "parent": "bone25",
      "initpos": [
        12.272977,
        0.000005,
        0.000004
      ],
      "initquaternion": [
        -0.004081,
        0.052282,
        0.200803,
        0.978226
      ],
      "initscale": [
        0.999999,
        0.999999,
        0.999999
      ],
      "offmtx": [
        [
          -0.624694,
          -0.211664,
          0.751634,
          -21.873985
        ],
        [
          0.221686,
          -0.971028,
          -0.089199,
          42.641769
        ],
        [
          0.74874,
          0.110904,
          0.653519,
          6.19892
        ]
      ],
      "boundingbox": [
        [
          -0.252056,
          -3.110839,
          -1.511042
        ],
        [
          11.420326,
          2.159969,
          1.241326
        ]
      ]
    },
    {
      "name": "bone27",
      "parent": "bone02",
      "initpos": [
        18.368986,
        1.757417,
        12.72647
      ],
      "initquaternion": [
        -0.535347,
        0.844631,
        -5.438068342300539e-7,
        3.9642981164433877e-7
      ],
      "initscale": [
        1,
        0.999999,
        0.999999
      ],
      "offmtx": [
        [
          0,
          -0.98976,
          0.142735,
          29.396583
        ],
        [
          -0.000001,
          0.142735,
          0.98976,
          11.635123
        ],
        [
          -1,
          -1.2179927466604568e-7,
          -0.000001,
          12.726451
        ]
      ],
      "boundingbox": [
        [
          -7.363325,
          -5.280652,
          -7.81537
        ],
        [
          16.077335,
          8.664327,
          3.444657
        ]
      ]
    },
    {
      "name": "bone28",
      "parent": "bone27",
      "initpos": [
        14.040263,
        0.000184,
        -0.000002
      ],
      "initquaternion": [
        -0.033003,
        0.156901,
        -0.287154,
        0.94437
      ],
      "initscale": [
        0.999999,
        0.999999,
        0.999999
      ],
      "offmtx": [
        [
          0.277392,
          -0.856694,
          -0.434889,
          2.106692
        ],
        [
          0.152444,
          -0.407671,
          0.900313,
          15.920336
        ],
        [
          -0.948585,
          -0.316036,
          0.017513,
          16.590829
        ]
      ],
      "boundingbox": [
        [
          -0.39093,
          -8.478253,
          -6.567609
        ],
        [
          13.757861,
          3.912125,
          5.91522
        ]
      ]
    },
    {
      "name": "bone29",
      "parent": "bone28",
      "initpos": [
        11.892719,
        2.693992,
        -0.463775
      ],
      "initquaternion": [
        -0.208278,
        -0.046129,
        0.792438,
        0.571431
      ],
      "initscale": [
        0.999999,
        0.999999,
        1
      ],
      "offmtx": [
        [
          0.331935,
          -0.066491,
          0.940955,
          10.048084
        ],
        [
          -0.002982,
          0.997433,
          0.071534,
          -1.164111
        ],
        [
          -0.943297,
          -0.026551,
          0.330885,
          21.429954
        ]
      ],
      "boundingbox": [
        [
          -0.739316,
          -1.834122,
          -2.125207
        ],
        [
          7.996155,
          1.100831,
          1.247596
        ]
      ]
    },
    {
      "name": "bone30",
      "parent": "bone28",
      "initpos": [
        13.504829,
        -0.000005,
        0.000001
      ],
      "initquaternion": [
        0.138086,
        -0.081889,
        -0.516865,
        0.840878
      ],
      "initscale": [
        0.999999,
        0.999999,
        0.999999
      ],
      "offmtx": [
        [
          -0.005729,
          -0.022298,
          -0.999734,
          -19.437328
        ],
        [
          -0.00056,
          -0.999751,
          0.022302,
          2.414292
        ],
        [
          -0.999983,
          0.000687,
          0.005715,
          16.582887
        ]
      ],
      "boundingbox": [
        [
          -1.541431,
          -2.406396,
          -4.007246
        ],
        [
          10.750308,
          1.754943,
          3.607604
        ]
      ]
    },
    {
      "name": "bone31",
      "parent": "bone27",
      "initpos": [
        -0.462671,
        2.59826,
        -6.632789
      ],
      "initquaternion": [
        -0.081212,
        0.095587,
        0.577982,
        0.806351
      ],
      "initscale": [
        1,
        0.999999,
        0.999999
      ],
      "offmtx": [
        [
          0.248031,
          -0.179556,
          0.951966,
          12.84517
        ],
        [
          0.020476,
          0.983425,
          0.180155,
          -25.8124
        ],
        [
          -0.968535,
          -0.025191,
          0.247596,
          22.731966
        ]
      ],
      "boundingbox": [
        [
          -0.632563,
          -2.130189,
          -3.45519
        ],
        [
          13.570032,
          1.07548,
          1.544372
        ]
      ]
    },
    {
      "name": "bone32",
      "parent": "bone31",
      "initpos": [
        12.003423,
        -0.000005,
        0.000001
      ],
      "initquaternion": [
        0.070911,
        -0.141293,
        0.458315,
        0.874616
      ],
      "initscale": [
        1,
        0.999999,
        0.999999
      ],
      "offmtx": [
        [
          -0.152399,
          0.663888,
          0.732139,
          -12.62616
        ],
        [
          -0.186847,
          0.708079,
          -0.680964,
          -15.524998
        ],
        [
          -0.970496,
          -0.240576,
          0.016134,
          27.987237
        ]
      ],
      "boundingbox": [
        [
          -0.596762,
          -1.82294,
          -1.528059
        ],
        [
          12.288278,
          1.218206,
          1.709875
        ]
      ]
    },
    {
      "name": "bone33",
      "parent": "bone32",
      "initpos": [
        11.343391,
        -0.00001,
        0.000005
      ],
      "initquaternion": [
        -0.018494,
        0.339437,
        -0.273028,
        0.899942
      ],
      "initscale": [
        0.999999,
        1,
        0.999999
      ],
      "offmtx": [
        [
          0.582728,
          0.199622,
          0.787768,
          -23.864416
        ],
        [
          -0.019652,
          0.972539,
          -0.231906,
          -30.797029
        ],
        [
          -0.812429,
          0.119657,
          0.570649,
          8.99342
        ]
      ],
      "boundingbox": [
        [
          -0.5419,
          -1.218294,
          -1.52749
        ],
        [
          13.474193,
          2.427309,
          1.829357
        ]
      ]
    },
    {
      "name": "bone34",
      "parent": "bone33",
      "initpos": [
        12.272981,
        0,
        -0.000001
      ],
      "initquaternion": [
        0.004081,
        0.052282,
        -0.200804,
        0.978226
      ],
      "initscale": [
        0.999999,
        0.999999,
        0.999999
      ],
      "offmtx": [
        [
          0.624694,
          -0.211664,
          0.751634,
          -21.874301
        ],
        [
          0.221686,
          0.971029,
          0.089199,
          -42.641929
        ],
        [
          -0.74874,
          0.110904,
          0.653519,
          6.199305
        ]
      ],
      "boundingbox": [
        [
          -0.177917,
          -2.160076,
          -1.599893
        ],
        [
          11.494466,
          3.137151,
          1.152472
        ]
      ]
    },
    {
      "name": "bind",
      "parent": "bone02",
      "initpos": [
        3.881635,
        6.650417,
        0
      ],
      "initquaternion": [
        -0.573675,
        -0.413395,
        0.427165,
        0.563497
      ],
      "initscale": [
        1,
        0.999999,
        0.999999
      ],
      "offmtx": [
        [
          -0.024213,
          0.999706,
          -3.5655517649502144e-7,
          -27.854494
        ],
        [
          -0.999706,
          -0.024213,
          0,
          0.674651
        ],
        [
          0,
          3.5762769812208717e-7,
          0.999999,
          0.426566
        ]
      ],
      "boundingbox": [
        [
          1.083554,
          3.094553,
          -1.610216
        ],
        [
          1.083554,
          3.094553,
          -1.610216
        ]
      ]
    },
    {
      "name": "bone35",
      "parent": "bone01",
      "initpos": [
        -2.168755,
        3.275276,
        0
      ],
      "initquaternion": [
        0,
        0,
        0.960158,
        -0.279454
      ],
      "initscale": [
        1,
        1,
        1
      ],
      "offmtx": [
        [
          0,
          -0.3997,
          0.916645,
          0.78544
        ],
        [
          -1.1640260311196471e-7,
          -0.916645,
          -0.3997,
          26.983175
        ],
        [
          1,
          0,
          -1.2634998824978538e-7,
          0.000002
        ]
      ],
      "boundingbox": [
        [
          -0.134307,
          -7.482129,
          -2.451336
        ],
        [
          11.309481,
          3.915131,
          2.451341
        ]
      ]
    },
    {
      "name": "bone36",
      "parent": "bone35",
      "initpos": [
        8.186759,
        -0.000001,
        -8.945897320700169e-7
      ],
      "initquaternion": [
        0,
        0,
        -0.104582,
        0.994516
      ],
      "initscale": [
        0.999999,
        0.999999,
        1
      ],
      "offmtx": [
        [
          1.0939146477539907e-7,
          -0.200277,
          0.979739,
          -12.852412
        ],
        [
          -1.4571295992027444e-7,
          -0.979739,
          -0.200277,
          24.853315
        ],
        [
          1,
          -1.208519648798756e-7,
          -1.3635815321322298e-7,
          0.000004
        ]
      ],
      "boundingbox": [
        [
          0.020208,
          -7.085887,
          -2.005637
        ],
        [
          10.061183,
          3.587737,
          2.005645
        ]
      ]
    },
    {
      "name": "bone37",
      "parent": "bone36",
      "initpos": [
        8.060344,
        0.000009,
        -8.148126653395593e-7
      ],
      "initquaternion": [
        0,
        0,
        -0.109581,
        0.993977
      ],
      "initscale": [
        1,
        1,
        1
      ],
      "offmtx": [
        [
          1.3850686286787095e-7,
          0.017961,
          0.999838,
          -25.824638
        ],
        [
          -1.4040482199106918e-7,
          -0.999838,
          0.017961,
          19.700702
        ],
        [
          1,
          -1.4287005001278885e-7,
          -1.3596259407222533e-7,
          0.000005
        ]
      ],
      "boundingbox": [
        [
          -0.055803,
          -3.566768,
          -1.337089
        ],
        [
          8.531173,
          3.269727,
          1.337099
        ]
      ]
    },
    {
      "name": "bone38",
      "parent": "bone37",
      "initpos": [
        7.28778,
        0.000036,
        -7.189937605289742e-7
      ],
      "initquaternion": [
        0,
        0,
        -0.236683,
        0.971586
      ],
      "initscale": [
        1,
        1,
        1
      ],
      "offmtx": [
        [
          1.8756340125491988e-7,
          0.475792,
          0.879557,
          -38.463237
        ],
        [
          -1.0634848734980551e-7,
          -0.879557,
          0.475792,
          2.264477
        ],
        [
          1,
          -1.827808802090658e-7,
          -1.1437303015782163e-7,
          0.000006
        ]
      ],
      "boundingbox": [
        [
          -0.056806,
          -2.789205,
          -0.222844
        ],
        [
          13.85086,
          3.11835,
          0.222856
        ]
      ]
    },
    {
      "name": "bone39",
      "parent": "bone01",
      "initpos": [
        2.767538,
        3.686845,
        -9.363964
      ],
      "initquaternion": [
        0,
        0,
        -0.705695,
        0.708515
      ],
      "initscale": [
        0.999999,
        0.999999,
        1
      ],
      "offmtx": [
        [
          0,
          -0.988579,
          0.150698,
          23.636976
        ],
        [
          -2.504986298390577e-7,
          -0.150698,
          -0.988579,
          8.787063
        ],
        [
          1,
          0,
          -2.447928011406475e-7,
          9.363966
        ]
      ],
      "boundingbox": [
        [
          -0.824513,
          -6.08664,
          -3.194642
        ],
        [
          12.585448,
          4.344536,
          3.316337
        ]
      ]
    },
    {
      "name": "bone40",
      "parent": "bone39",
      "initpos": [
        10.235998,
        0.00001,
        0
      ],
      "initquaternion": [
        0.011633,
        0.017813,
        -0.557204,
        0.830102
      ],
      "initscale": [
        0.999999,
        0.999999,
        0.999999
      ],
      "offmtx": [
        [
          -0.042537,
          -0.234745,
          0.971125,
          -3.452264
        ],
        [
          -0.000537,
          -0.971999,
          -0.23498,
          15.725738
        ],
        [
          0.999094,
          -0.010517,
          0.04122,
          9.233928
        ]
      ],
      "boundingbox": [
        [
          -0.212657,
          -4.317855,
          -2.47006
        ],
        [
          14.844143,
          2.893514,
          2.259625
        ]
      ]
    },
    {
      "name": "bone41",
      "parent": "bone40",
      "initpos": [
        9.212841,
        0.000001,
        -9.5367431640625e-7
      ],
      "initquaternion": [
        -0.092826,
        0.137437,
        0.551257,
        0.817685
      ],
      "initscale": [
        0.999999,
        0.999999,
        0.999999
      ],
      "offmtx": [
        [
          -0.342357,
          -0.931232,
          0.124892,
          6.266019
        ],
        [
          0.038953,
          -0.146878,
          -0.988387,
          17.635414
        ],
        [
          0.938761,
          -0.333516,
          0.086559,
          11.945635
        ]
      ],
      "boundingbox": [
        [
          -0.337859,
          -5.519634,
          -3.773257
        ],
        [
          12.524586,
          4.258198,
          4.210355
        ]
      ]
    },
    {
      "name": "bone42",
      "parent": "bone41",
      "initpos": [
        11.857028,
        0,
        -9.5367431640625e-7
      ],
      "initquaternion": [
        -0.14032,
        -0.094545,
        0.74398,
        0.646423
      ],
      "initscale": [
        0.999999,
        0.999999,
        0.999999
      ],
      "offmtx": [
        [
          5.500356792254024e-7,
          0,
          -0.999999,
          17.094892
        ],
        [
          0.012143,
          0.999926,
          0,
          -1.199946
        ],
        [
          0.999926,
          -0.012143,
          5.499950930243358e-7,
          13.830777
        ]
      ],
      "boundingbox": [
        [
          -0.049753,
          -1.249227,
          -2.48048
        ],
        [
          8.053484,
          1.669426,
          2.788518
        ]
      ]
    },
    {
      "name": "bone43",
      "parent": "bone41",
      "initpos": [
        10.024452,
        -4.495914,
        0.643069
      ],
      "initquaternion": [
        0.097183,
        -0.141037,
        -0.564424,
        0.80752
      ],
      "initscale": [
        0.999999,
        0.999999,
        1
      ],
      "offmtx": [
        [
          -0.036336,
          -0.202315,
          0.978646,
          -20.660581
        ],
        [
          0.007506,
          -0.97932,
          -0.202175,
          7.862779
        ],
        [
          0.999311,
          -2.975576762764831e-7,
          0.037103,
          11.957718
        ]
      ],
      "boundingbox": [
        [
          -0.536163,
          -1.48945,
          -1.524917
        ],
        [
          8.408517,
          1.456104,
          1.13939
        ]
      ]
    },
    {
      "name": "bone44",
      "parent": "bone01",
      "initpos": [
        2.767534,
        3.686845,
        9.364033
      ],
      "initquaternion": [
        0.708515,
        -0.705695,
        3.58810240186358e-7,
        -4.2218471207888797e-7
      ],
      "initscale": [
        0.999999,
        0.999999,
        1
      ],
      "offmtx": [
        [
          0,
          -0.988579,
          0.150698,
          23.636978
        ],
        [
          -7.905985626166512e-7,
          0.150698,
          0.988579,
          -8.787058
        ],
        [
          -1,
          -1.0047838827631494e-7,
          -7.844147944524593e-7,
          9.36404
        ]
      ],
      "boundingbox": [
        [
          -0.824511,
          -4.344548,
          -3.17528
        ],
        [
          12.585449,
          6.086638,
          3.335705
        ]
      ]
    },
    {
      "name": "bone45",
      "parent": "bone44",
      "initpos": [
        10.236001,
        -0.00001,
        -0.000003
      ],
      "initquaternion": [
        -0.011633,
        0.017813,
        0.557204,
        0.830102
      ],
      "initscale": [
        0.999999,
        0.999999,
        0.999999
      ],
      "offmtx": [
        [
          0.042537,
          -0.234745,
          0.971125,
          -3.452265
        ],
        [
          -0.000537,
          0.972,
          0.23498,
          -15.725741
        ],
        [
          -0.999094,
          -0.010517,
          0.04122,
          9.234
        ]
      ],
      "boundingbox": [
        [
          -0.213483,
          -2.893504,
          -2.45071
        ],
        [
          14.843313,
          4.317864,
          2.278975
        ]
      ]
    },
    {
      "name": "bone46",
      "parent": "bone45",
