{
  "skeleton": [
    {
      "name": "root",
      "parent": "root",
      "initpos": [
        0,
        0,
        0
      ],
      "initquaternion": [
        0.707106,
        0,
        0,
        0.707106
      ],
      "initscale": [
        1,
        0.999999,
        0.999999
      ],
      "offmtx": [
        [
          1,
          0,
          0,
          0
        ],
        [
          0,
          1,
          0,
          0
        ],
        [
          0,
          0,
          1,
          0
        ]
      ],
      "boundingbox": [
        [
          0,
          0,
          0
        ],
        [
          0,
          0,
          0
        ]
      ]
    },
    {
      "name": "bone01",
      "parent": "root",
      "initpos": [
        0,
        0.041867,
        -14.085453
      ],
      "initquaternion": [
        0.545173,
        -0.450317,
        0.545173,
        -0.450317
      ],
      "initscale": [
        1,
        1,
        1
      ],
      "offmtx": [
        [
          -1.636471722576971e-7,
          -0.188855,
          -0.982004,
          2.701229
        ],
        [
          -3.136020154670405e-7,
          0.982005,
          -0.188855,
          -13.824079
        ],
        [
          1,
          2.770530613815936e-7,
          -2.199278412717831e-7,
          -0.000003
        ]
      ],
      "boundingbox": [
        [
          -18.069778,
          -10.584534,
          -12.470672
        ],
        [
          60.750587,
          12.151515,
          12.535326
        ]
      ]
    },
    {
      "name": "bone02",
      "parent": "bone01",
      "initpos": [
        2.13163,
        -4.357961,
        -14.432041
      ],
      "initquaternion": [
        -0.141962,
        -0.519265,
        0.81501,
        -0.214399
      ],
      "initscale": [
        0.999999,
        0.999999,
        0.999999
      ],
      "offmtx": [
        [
          -0.454062,
          -0.034525,
          0.8903,
          -5.134763
        ],
        [
          -0.78554,
          -0.456,
          -0.418317,
          -7.562885
        ],
        [
          0.420419,
          -0.889309,
          0.179931,
          14.651022
        ]
      ],
      "boundingbox": [
        [
          0.291934,
          -4.757598,
          -1.969096
        ],
        [
          17.275173,
          6.476728,
          4.568014
        ]
      ]
    },
    {
      "name": "bone03",
      "parent": "bone02",
      "initpos": [
        10.635864,
        -0.896651,
        1.796988
      ],
      "initquaternion": [
        -0.005003,
        -0.086954,
        -0.380496,
        0.920671
      ],
      "initscale": [
        1,
        0.999999,
        0.999999
      ],
      "offmtx": [
        [
          0.30288,
          0.149305,
          0.94126,
          -4.193923
        ],
        [
          -0.85262,
          -0.398814,
          0.337618,
          -15.066516
        ],
        [
          0.425796,
          -0.904795,
          0.006508,
          14.621513
        ]
      ],
      "boundingbox": [
        [
          -1.599193,
          -3.179725,
          -0.112373
        ],
        [
          10.395339,
          3.120204,
          1.067823
        ]
      ]
    },
    {
      "name": "bone04",
      "parent": "bone02",
      "initpos": [
        6.497483,
        0.039537,
        1.477615
      ],
      "initquaternion": [
        0.02778,
        -0.071688,
        -0.05246,
        0.995659
      ],
      "initscale": [
        0.999999,
        0.999999,
        0.999999
      ],
      "offmtx": [
        [
          -0.302914,
          -0.108888,
          0.946776,
          -8.78203
        ],
        [
          -0.799209,
          -0.512141,
          -0.314602,
          -7.889841
        ],
        [
          0.51914,
          -0.85197,
          0.068109,
          15.075508
        ]
      ],
      "boundingbox": [
        [
          -0.905731,
          -2.768595,
          -0.75636
        ],
        [
          25.331348,
          1.325525,
          0.633882
        ]
      ]
    },
    {
      "name": "bind",
      "parent": "bone01",
      "initpos": [
        -1.134443,
        4.327469,
        -0.049644
      ],
      "initquaternion": [
        -0.450315,
        -0.54517,
        0.545176,
        0.45032
      ],
      "initscale": [
        0.999999,
        1,
        0.999999
      ],
      "offmtx": [
        [
          4.0479281437910686e-7,
          0.999999,
          0,
          -18.549295
        ],
        [
          -1,
          4.0479289964423515e-7,
          0.000011,
          -0.049656
        ],
        [
          0.000011,
          0,
          1,
          -0.338628
        ]
      ],
      "boundingbox": [
        [
          0.196555,
          4.721475,
          -0.291889
        ],
        [
          0.196555,
          4.721475,
          -0.291889
        ]
      ]
    },
    {
      "name": "bone05",
      "parent": "bone01",
      "initpos": [
        2.131628,
        -4.357972,
        14.431998
      ],
      "initquaternion": [
        -0.214399,
        0.815011,
        -0.519265,
        -0.141962
      ],
      "initscale": [
        0.999999,
        0.999999,
        0.999999
      ],
      "offmtx": [
        [
          0.454062,
          -0.034526,
          0.8903,
          -5.134742
        ],
        [
          -0.78554,
          0.455999,
          0.418317,
          7.562855
        ],
        [
          -0.420419,
          -0.889309,
          0.17993,
          14.651007
        ]
      ],
      "boundingbox": [
        [
          0.291954,
          -6.479303,
          -1.969111
        ],
        [
          17.275184,
          4.757575,
          4.567999
        ]
      ]
    },
    {
      "name": "bone06",
      "parent": "bone05",
      "initpos": [
        6.49749,
        -0.039538,
        1.477614
      ],
      "initquaternion": [
        -0.02778,
        -0.071688,
        0.05246,
        0.995659
      ],
      "initscale": [
        0.999999,
        0.999999,
        0.999999
      ],
      "offmtx": [
        [
          0.302914,
          -0.108888,
          0.946776,
          -8.782018
        ],
        [
          -0.79921,
          0.512141,
          0.314602,
          7.889811
        ],
        [
          -0.519139,
          -0.85197,
          0.068109,
          15.075487
        ]
      ],
      "boundingbox": [
        [
          -0.905723,
          -1.325549,
          -0.756376
        ],
        [
          25.331344,
          2.768573,
          0.633872
        ]
      ]
    },
    {
      "name": "bone07",
      "parent": "bone05",
      "initpos": [
        10.635869,
        0.896648,
        1.796983
      ],
      "initquaternion": [
        0.005003,
        -0.086954,
        0.380496,
        0.920671
      ],
      "initscale": [
        1,
        0.999999,
        0.999999
      ],
      "offmtx": [
        [
          -0.30288,
          0.149305,
          0.94126,
          -4.193941
        ],
        [
          -0.85262,
          0.398814,
          -0.337618,
          15.066486
        ],
        [
          -0.425796,
          -0.904795,
          0.006507,
          14.621495
        ]
      ],
      "boundingbox": [
        [
          -1.599201,
          -3.120227,
          -0.11239
        ],
        [
          10.395328,
          3.179702,
          1.06781
        ]
      ]
    },
    {
      "name": "bone08",
      "parent": "bone01",
      "initpos": [
        -8.397476,
        1.146444,
        4.463998
      ],
      "initquaternion": [
        0.282293,
        -0.517142,
        0.762649,
        0.266905
      ],
      "initscale": [
        0.999999,
        0.999999,
        0.999999
      ],
      "offmtx": [
        [
          0.706639,
          0.244915,
          0.663835,
          -12.626617
        ],
        [
          -0.638106,
          -0.184817,
          0.747438,
          -0.080192
        ],
        [
          0.305747,
          -0.951766,
          0.025683,
          14.414828
        ]
      ],
      "boundingbox": [
        [
          1.085697,
          -2.528993,
          -0.661757
        ],
        [
          12.699764,
          4.261266,
          1.166136
        ]
      ]
    },
    {
      "name": "bone09",
      "parent": "bone01",
      "initpos": [
        -9.374755,
        2.664168,
        5.021999
      ],
      "initquaternion": [
        0.13054,
        -0.550727,
        0.806243,
        0.172135
      ],
      "initscale": [
        0.999999,
        0.999999,
        0.999999
      ],
      "offmtx": [
        [
          0.400094,
          0.302601,
          0.865076,
          -15.163866
        ],
        [
          -0.843098,
          -0.248551,
          0.476872,
          4.655175
        ],
        [
          0.359317,
          -0.920138,
          0.155678,
          13.831077
        ]
      ],
      "boundingbox": [
        [
          -0.562355,
          -4.216072,
          -0.990933
        ],
        [
          25.037025,
          4.788478,
          1.737737
        ]
      ]
    },
    {
      "name": "bone10",
      "parent": "bone01",
      "initpos": [
        -9.374752,
        2.664172,
        -5.022161
      ],
      "initquaternion": [
        0.172135,
        0.806243,
        -0.550726,
        0.13054
      ],
      "initscale": [
        0.999999,
        0.999999,
        0.999999
      ],
      "offmtx": [
        [
          -0.400094,
          0.302601,
          0.865076,
          -15.163932
        ],
        [
          -0.843098,
          0.248551,
          -0.476872,
          -4.655312
        ],
        [
          -0.359317,
          -0.920138,
          0.155678,
          13.831016
        ]
      ],
      "boundingbox": [
        [
          -0.562416,
          -4.788608,
          -0.990988
        ],
        [
          25.03696,
          4.215946,
          1.737683
        ]
      ]
    },
    {
      "name": "bone11",
      "parent": "bone01",
      "initpos": [
        -8.397475,
        1.146447,
        -4.464197
      ],
      "initquaternion": [
        0.266906,
        0.762649,
        -0.517142,
        0.282293
      ],
      "initscale": [
        1,
        0.999999,
        1
      ],
      "offmtx": [
        [
          -0.706639,
          0.244915,
          0.663834,
          -12.626752
        ],
        [
          -0.638105,
          0.184816,
          -0.747438,
          0.080072
        ],
        [
          -0.305747,
          -0.951766,
          0.025683,
          14.41477
        ]
      ],
      "boundingbox": [
        [
          1.085563,
          -4.261383,
          -0.661813
        ],
        [
          12.69963,
          2.528875,
          1.166079
        ]
      ]
    },
    {
      "name": "bone12",
      "parent": "bone01",
      "initpos": [
        10.911368,
        0.618372,
        -2.892566
      ],
      "initquaternion": [
        0.531184,
        0.275541,
        -0.372646,
        0.709263
      ],
      "initscale": [
        1,
        0.999999,
        0.999999
      ],
      "offmtx": [
        [
          -0.786751,
          -0.339364,
          -0.51561,
          -3.552268
        ],
        [
          0.54814,
          0,
          -0.836386,
          -7.439022
        ],
        [
          0.28384,
          -0.940654,
          0.186019,
          14.710542
        ]
      ],
      "boundingbox": [
        [
          -1.033596,
          -2.498205,
          -2.463171
        ],
        [
          11.888153,
          2.52238,
          2.466982
        ]
      ]
    },
    {
      "name": "bone13",
      "parent": "bone12",
      "initpos": [
        10.452329,
        -0.517076,
        0.525589
      ],
      "initquaternion": [
        0.145808,
        0.033407,
        0.458129,
        0.876208
      ],
      "initscale": [
        0.999999,
        0.999999,
        0.999999
      ],
      "offmtx": [
        [
          0.011965,
          -0.266753,
          -0.96369,
          -12.654663
        ],
        [
          0.999922,
          0,
          0.012415,
          11.443616
        ],
        [
          -0.003311,
          -0.963764,
          0.266732,
          12.416045
        ]
      ],
      "boundingbox": [
        [
          -6.674476,
          -5.781613,
          -3.780191
        ],
        [
          15.576675,
          2.018325,
          3.355805
        ]
      ]
    },
    {
      "name": "bone14",
      "parent": "bone01",
      "initpos": [
        10.911369,
        0.618371,
        2.893001
      ],
      "initquaternion": [
        0.709263,
        -0.372646,
        0.275541,
        0.531183
      ],
      "initscale": [
        1,
        1,
        0.999999
      ],
      "offmtx": [
        [
          0.786751,
          -0.339365,
          -0.51561,
          -3.552608
        ],
        [
          0.54814,
          -1.043081283569336e-7,
          0.836386,
          7.438789
        ],
        [
          -0.28384,
          -0.940654,
          0.186019,
          14.710668
        ]
      ],
      "boundingbox": [
        [
          -1.033943,
          -2.522617,
          -2.463047
        ],
        [
          11.887807,
          2.497966,
          2.467105
        ]
      ]
    },
    {
      "name": "bone15",
      "parent": "bone14",
      "initpos": [
        10.452331,
        0.517076,
        0.525591
      ],
      "initquaternion": [
        -0.145808,
        0.033407,
        -0.45813,
        0.876208
      ],
      "initscale": [
        0.999999,
        0.999999,
        0.999999
      ],
      "offmtx": [
        [
          -0.011965,
          -0.266753,
          -0.96369,
          -12.654651
        ],
        [
          0.999922,
          0,
          -0.012415,
          -11.444055
        ],
        [
          0.003311,
          -0.963764,
          0.266733,
          12.416042
        ]
      ],
      "boundingbox": [
        [
          -6.660764,
          -2.018763,
          -3.780194
        ],
        [
          15.576679,
          5.781364,
          3.355803
        ]
      ]
    },
    {
      "name": "bone16",
      "parent": "bone01",
      "initpos": [
        31.612014,
        7.275872,
        0.043486
      ],
      "initquaternion": [
        0.446768,
        0.548086,
        -0.542237,
        -0.453847
      ],
      "initscale": [
        0.999999,
        0.999999,
        1
      ],
      "offmtx": [
        [
          0.012985,
          0.999915,
          2.5331974029541016e-7,
          -15.259561
        ],
        [
          -0.999915,
          0.012985,
          -0.000002,
          -0.154755
        ],
        [
          -0.000002,
          -1.9371509552001953e-7,
          1,
          32.375381
        ]
      ],
      "boundingbox": [
        [
          -2.53021,
          -2.291885,
          -2.810688
        ],
        [
          2.969127,
          2.383674,
          2.856739
        ]
      ]
    },
    {
      "name": "bone017",
      "parent": "bone01",
      "initpos": [
        -7.046697,
        0.517247,
        -5.464105
      ],
      "initquaternion": [
        -0.202711,
        -0.327616,
        0.88528,
        -0.260487
      ],
      "initscale": [
        0.999999,
        1,
        0.999999
      ],
      "offmtx": [
        [
          -0.529592,
          -0.174771,
          0.830052,
          -5.808195
        ],
        [
          -0.474456,
          -0.750124,
          -0.460656,
          12.514627
        ],
        [
          0.703151,
          -0.637784,
          0.314338,
          11.840656
        ]
      ],
      "boundingbox": [
        [
          -0.269145,
          -3.272989,
          -1.213814
        ],
        [
          13.798534,
          2.746255,
          0.49602
        ]
      ]
    },
    {
      "name": "bone018",
      "parent": "bone01",
      "initpos": [
        -7.046697,
        0.517242,
        5.463998
      ],
      "initquaternion": [
        -0.260487,
        0.88528,
        -0.327615,
        -0.20271
      ],
      "initscale": [
        1,
        1,
        1
      ],
      "offmtx": [
        [
          0.529592,
          -0.174771,
          0.830052,
          -5.808132
        ],
        [
          -0.474457,
          0.750124,
          0.460656,
          -12.514673
        ],
        [
          -0.703151,
          -0.637784,
          0.314338,
          11.840587
        ]
      ],
      "boundingbox": [
        [
          -0.269092,
          -2.746301,
          -1.21388
        ],
        [
          13.798587,
          3.272945,
          0.495954
        ]
      ]
    },
    {
      "name": "bone019",
      "parent": "bone01",
      "initpos": [
        -3.840764,
        -4.597182,
        -11.132198
      ],
      "initquaternion": [
        0.446768,
        0.548086,
        -0.542237,
        -0.453847
      ],
      "initscale": [
        0.999999,
        0.999999,
        1
      ],
      "offmtx": [
        [
          0.012985,
          0.999915,
          2.5331974029541016e-7,
          -10.15092
        ],
        [
          -0.999915,
          0.012985,
          -0.000002,
          -11.264951
        ],
        [
          -0.000002,
          -1.9371509552001953e-7,
          1,
          -4.681743
        ]
      ],
      "boundingbox": [
        [
          -2.683806,
          -2.949507,
          -2.138713
        ],
        [
          2.779066,
          2.585346,
          2.538787
        ]
      ]
    },
    {
      "name": "bone020",
      "parent": "bone01",
      "initpos": [
        -3.840767,
        -4.597188,
        11.131998
      ],
      "initquaternion": [
        -0.453847,
        -0.542236,
        0.548086,
        0.446769
      ],
      "initscale": [
        0.999999,
        0.999999,
        0.999999
      ],
      "offmtx": [
        [
          -0.012986,
          0.999916,
          2.8312206268310547e-7,
          -10.15092
        ],
        [
          -0.999915,
          -0.012986,
          0.000007,
          11.264737
        ],
        [
          0.000007,
          -1.6391277313232422e-7,
          1,
          -4.6818
        ]
      ],
      "boundingbox": [
        [
          -2.683753,
          -2.581079,
          -2.138717
        ],
        [
          2.77912,
          2.953779,
          2.538799
        ]
      ]
    },
    {
      "name": "bone021",
      "parent": "bone01",
      "initpos": [
        -6.65718,
        5.503771,
        0
      ],
      "initquaternion": [
        0.052209,
        0.998636,
        3.134883854727377e-7,
        0
      ],
      "initscale": [
        1,
        0.999999,
        0.999999
      ],
      "offmtx": [
        [
          1.300539622661745e-7,
          0.290225,
          0.956958,
          -11.322818
        ],
        [
          2.3530320447662234e-7,
          0.956958,
          -0.290225,
          -18.246629
        ],
        [
          -1,
          2.629203663673252e-7,
          0,
          -0.000006
        ]
      ],
      "boundingbox": [
        [
          -2.364345,
          -5.31878,
          -4.907046
        ],
        [
          18.135433,
          4.049316,
          4.925726
        ]
      ]
    },
    {
      "name": "bone022",
      "parent": "bone01",
      "initpos": [
        -12.388447,
        -4.927264,
        0.024909
      ],
      "initquaternion": [
        -0.17586,
        0.984415,
        3.509524901801342e-7,
        1.7949741959455423e-7
      ],
      "initscale": [
        1,
        0.999999,
        0.999999
      ],
      "offmtx": [
        [
          -2.1473094591328845e-7,
          -0.162834,
          0.986653,
          -11.075899
        ],
        [
          3.2671641747583635e-7,
          0.986653,
          0.162834,
          -13.571146
        ],
        [
          -1,
          3.5732142578126513e-7,
          -1.5866443447976053e-7,
          0.024911
        ]
      ],
      "boundingbox": [
        [
          2.238338,
          -4.020406,
          -11.370351
        ],
        [
          3.343276,
          4.010007,
          11.420189
        ]
      ]
    }
  ],
  "boundingbox": [
    [
      -25.569065,
      0.079696,
      -59.345027
    ],
    [
      25.569055,
      28.393022,
      30.790325
    ]
  ]
}
