{
  "skeleton": [
    {
      "name": "root",
      "parent": "root",
      "initpos": [
        0,
        0,
        0
      ],
      "initquaternion": [
        0.707106,
        0,
        0,
        0.707106
      ],
      "initscale": [
        1,
        0.999999,
        0.999999
      ],
      "offmtx": [
        [
          1,
          0,
          0,
          0
        ],
        [
          0,
          1,
          0,
          0
        ],
        [
          0,
          0,
          1,
          0
        ]
      ],
      "boundingbox": [
        [
          0,
          0,
          0
        ],
        [
          0,
          0,
          0
        ]
      ]
    },
    {
      "name": "Bone009_NTES",
      "parent": "root",
      "initpos": [
        1.97665,
        -0.000001,
        -12.424263
      ],
      "initquaternion": [
        0.5,
        0.499999,
        0.5,
        -0.499999
      ],
      "initscale": [
        1,
        1,
        1
      ],
      "offmtx": [
        [
          1.1037323588425352e-7,
          -0.999999,
          0,
          12.424261
        ],
        [
          1,
          1.1037322877882616e-7,
          -4.5816184979230457e-7,
          -1.976652
        ],
        [
          4.58161878214014e-7,
          0,
          0.999999,
          1.7508864402770996e-7
        ]
      ],
      "boundingbox": [
        [
          0.447033,
          -1.976736,
          2.011776
        ],
        [
          5.774274,
          0.511842,
          2.063815
        ]
      ]
    },
    {
      "name": "Bone072_NTES",
      "parent": "Bone009_NTES",
      "initpos": [
        -0.366968,
        1.426805,
        -0.068076
      ],
      "initquaternion": [
        0,
        -1.418873409875232e-7,
        0.193552,
        0.981089
      ],
      "initscale": [
        1,
        1,
        1
      ],
      "offmtx": [
        [
          0.379784,
          -0.925074,
          0,
          10.540264
        ],
        [
          0.925074,
          0.379784,
          -6.306567001956864e-7,
          -8.006368
        ],
        [
          5.827503173350124e-7,
          2.4110778440444847e-7,
          0.999999,
          0.068072
        ]
      ],
      "boundingbox": [
        [
          0.036858,
          -1.082423,
          -2.064959
        ],
        [
          9.041516,
          1.195778,
          2.167055
        ]
      ]
    },
    {
      "name": "Bone073_NTES",
      "parent": "Bone072_NTES",
      "initpos": [
        8.610199,
        0.796771,
        0.000003
      ],
      "initquaternion": [
        0,
        0,
        0.358626,
        0.933481
      ],
      "initscale": [
        0.999999,
        0.999999,
        1
      ],
      "offmtx": [
        [
          0.90147,
          -0.432839,
          -4.2753859474942146e-7,
          -4.460472
        ],
        [
          0.432839,
          0.90147,
          -4.7274238568206783e-7,
          -7.831003
        ],
        [
          5.900353130527947e-7,
          2.4110778440444847e-7,
          0.999999,
          0.068069
        ]
      ],
      "boundingbox": [
        [
          0.03758,
          -0.124104,
          -2.064963
        ],
        [
          2.038272,
          0.176156,
          2.16515
        ]
      ]
    },
    {
      "name": "Bone074_NTES",
      "parent": "Bone073_NTES",
      "initpos": [
        2.004944,
        -4.76837158203125e-7,
        0
      ],
      "initquaternion": [
        4.6933450903452467e-7,
        0,
        -0.176694,
        0.984265
      ],
      "initscale": [
        0.999999,
        0.999999,
        1
      ],
      "offmtx": [
        [
          0.694626,
          -0.71937,
          -2.3497099732594506e-7,
          -3.337846
        ],
        [
          0.71937,
          0.694626,
          3.6322882124295575e-7,
          -9.590878
        ],
        [
          0,
          -4.213396778141032e-7,
          0.999999,
          0.068078
        ]
      ],
      "boundingbox": [
        [
          -0.10161,
          -0.139308,
          -2.064961
        ],
        [
          1.146408,
          0.15281,
          2.165151
        ]
      ]
    },
    {
      "name": "Bone099_NTES",
      "parent": "Bone009_NTES",
      "initpos": [
        0.315153,
        0.334159,
        2.120775
      ],
      "initquaternion": [
        -0.217157,
        0.706353,
        0.672935,
        -0.032632
      ],
      "initscale": [
        -0.999999,
        -0.999999,
        -0.999999
      ],
      "offmtx": [
        [
          0.350698,
          -0.903555,
          0.246165,
          9.608794
        ],
        [
          -3.35276041596444e-7,
          -0.26286,
          -0.964833,
          5.229203
        ],
        [
          -0.936488,
          -0.338365,
          0.092185,
          6.065851
        ]
      ],
      "boundingbox": [
        [
          0.0153,
          -0.244655,
          -1.032512
        ],
        [
          9.035313,
          0.293621,
          1.051369
        ]
      ]
    },
    {
      "name": "Bone100_NTES",
      "parent": "Bone099_NTES",
      "initpos": [
        8.952984,
        -0.000002,
        -4.76837158203125e-7
      ],
      "initquaternion": [
        0,
        0,
        -0.196325,
        0.980538
      ],
      "initscale": [
        0.999999,
        0.999999,
        1
      ],
      "offmtx": [
        [
          0.323664,
          -0.732699,
          0.598659,
          -1.408042
        ],
        [
          0.135022,
          -0.590474,
          -0.79568,
          5.07859
        ],
        [
          -0.936488,
          -0.338365,
          0.092185,
          6.06585
        ]
      ],
      "boundingbox": [
        [
          -0.519316,
          -0.229063,
          -0.922911
        ],
        [
          1.496599,
          0.097689,
          1.077717
        ]
      ]
    },
    {
      "name": "Bone101_NTES",
      "parent": "Bone100_NTES",
      "initpos": [
        1.493091,
        4.76837158203125e-7,
        -4.76837158203125e-7
      ],
      "initquaternion": [
        -0.008572,
        -0.073221,
        -0.115963,
        0.990513
      ],
      "initscale": [
        0.999999,
        0.999999,
        0.999999
      ],
      "offmtx": [
        [
          0.142936,
          -0.619984,
          0.771484,
          -3.060371
        ],
        [
          0.206131,
          -0.743747,
          -0.635884,
          4.271147
        ],
        [
          -0.968027,
          -0.249918,
          -0.021489,
          6.58746
        ]
      ],
      "boundingbox": [
        [
          -0.154542,
          -0.456632,
          -1.200496
        ],
        [
          3.304161,
          0.557356,
          1.2345
        ]
      ]
    }
  ],
  "boundingbox": [
    [
      -0.000084,
      0.649923,
      -2.133036
    ],
    [
      10.099841,
      13.200557,
      7.965504
    ]
  ]
}
