{
  "skeleton": [
    {
      "name": "root",
      "parent": "root",
      "initpos": [
        0,
        0,
        0
      ],
      "initquaternion": [
        0.707106,
        0,
        0,
        0.707106
      ],
      "initscale": [
        1,
        0.999999,
        0.999999
      ],
      "offmtx": [
        [
          1,
          0,
          0,
          0
        ],
        [
          0,
          1,
          0,
          0
        ],
        [
          0,
          0,
          1,
          0
        ]
      ],
      "boundingbox": [
        [
          0,
          0,
          0
        ],
        [
          0,
          0,
          0
        ]
      ]
    },
    {
      "name": "Bone007_NTES",
      "parent": "root",
      "initpos": [
        -6.141028,
        0.000003,
        -24.541154
      ],
      "initquaternion": [
        -0.500676,
        -0.499322,
        -0.499317,
        0.500681
      ],
      "initscale": [
        1,
        0.999999,
        0.999999
      ],
      "offmtx": [
        [
          1,
          0,
          0,
          0
        ],
        [
          0,
          1,
          0,
          0
        ],
        [
          0,
          0,
          1,
          0
        ]
      ],
      "boundingbox": [
        [
          0,
          0,
          0
        ],
        [
          0,
          0,
          0
        ]
      ]
    },
    {
      "name": "Bone078_NTES",
      "parent": "Bone007_NTES",
      "initpos": [
        3.32994,
        -0.379208,
        0.401361
      ],
      "initquaternion": [
        -2.425096283786843e-7,
        0,
        -0.794479,
        0.607291
      ],
      "initscale": [
        1,
        1,
        1
      ],
      "offmtx": [
        [
          -0.96567,
          0.259771,
          5.19016850830667e-7,
          -11.797454
        ],
        [
          -0.259771,
          -0.96567,
          -1.6337595809545746e-7,
          18.790634
        ],
        [
          4.5875879095547134e-7,
          -2.9259288680805184e-7,
          0.999999,
          -0.401356
        ]
      ],
      "boundingbox": [
        [
          -0.02893,
          -2.176932,
          -3.233796
        ],
        [
          6.276015,
          1.084607,
          3.275365
        ]
      ]
    },
    {
      "name": "Bone079_NTES",
      "parent": "Bone078_NTES",
      "initpos": [
        6.144311,
        0,
        -5.960464477539062e-7
      ],
      "initquaternion": [
        0.884857,
        -0.465862,
        -3.0167328191055276e-7,
        0
      ],
      "initscale": [
        0.999999,
        0.999999,
        0.999999
      ],
      "offmtx": [
        [
          -0.332349,
          0.943156,
          0,
          -25.645862
        ],
        [
          0.943156,
          0.332349,
          -1.8444200122758048e-7,
          4.1575
        ],
        [
          -1.5786923768246197e-7,
          -1.069555821686663e-7,
          -0.999999,
          0.401368
        ]
      ],
      "boundingbox": [
        [
          -0.077049,
          -0.180868,
          -2.834262
        ],
        [
          3.347836,
          0.671039,
          2.690483
        ]
      ]
    },
    {
      "name": "Bone082_NTES",
      "parent": "Bone007_NTES",
      "initpos": [
        7.311056,
        2.231808,
        -0.000003
      ],
      "initquaternion": [
        -2.4178325475077145e-7,
        0,
        -0.788673,
        0.614811
      ],
      "initscale": [
        1,
        1,
        1
      ],
      "offmtx": [
        [
          -0.970431,
          0.241377,
          5.192272283238708e-7,
          -7.934779
        ],
        [
          -0.241377,
          -0.970431,
          -1.6417939718849084e-7,
          15.787738
        ],
        [
          4.6424531774391653e-7,
          -2.8465439072533627e-7,
          0.999999,
          0.000006
        ]
      ],
      "boundingbox": [
        [
          0.603233,
          -1.49145,
          -2.430474
        ],
        [
          5.428717,
          4.066701,
          2.484274
        ]
      ]
    },
    {
      "name": "Bone148_NTES",
      "parent": "Bone082_NTES",
      "initpos": [
        0.565715,
        0.317691,
        -2.307361
      ],
      "initquaternion": [
        0,
        0,
        0.787837,
        0.615882
      ],
      "initscale": [
        1,
        1,
        1
      ],
      "offmtx": [
        [
          3.826683609986503e-7,
          -0.999999,
          0,
          17.064443
        ],
        [
          1,
          3.826683325769409e-7,
          -5.516679379979905e-7,
          4.515027
        ],
        [
          5.516679948414094e-7,
          0,
          0.999999,
          2.307363
        ]
      ],
      "boundingbox": [
        [
          0.028901,
          -0.848309,
          -0.172019
        ],
        [
          4.278897,
          0.651694,
          0.07798
        ]
      ]
    },
    {
      "name": "Bone081_NTES",
      "parent": "Bone082_NTES",
      "initpos": [
        1.346544,
        0.482289,
        -2.772669
      ],
      "initquaternion": [
        -2.2624141138294362e-7,
        3.3441102686992963e-7,
        -0.337542,
        0.94131
      ],
      "initscale": [
        0.999999,
        0.999999,
        1
      ],
      "offmtx": [
        [
          -0.595913,
          0.803048,
          0,
          -16.892452
        ],
        [
          -0.803048,
          -0.595913,
          -1.3318182823240932e-7,
          5.919862
        ],
        [
          -1.605720569841651e-7,
          0,
          0.999999,
          2.772669
        ]
      ],
      "boundingbox": [
        [
          -0.39272,
          -2.387526,
          -1.353229
        ],
        [
          7.305912,
          2.673143,
          0.906685
        ]
      ]
    },
    {
      "name": "Bone084_NTES",
      "parent": "Bone081_NTES",
      "initpos": [
        -0.202592,
        -1.154282,
        -0.080753
      ],
      "initquaternion": [
        0.080844,
        -0.012066,
        0.985735,
        0.147117
      ],
      "initscale": [
        1,
        1,
        0.999999
      ],
      "offmtx": [
        [
          0.33098,
          -0.929464,
          0.162932,
          18.252126
        ],
        [
          0.942053,
          0.335463,
          -0.000001,
          -1.892611
        ],
        [
          -0.054656,
          0.153491,
          0.986637,
          -0.122083
        ]
      ],
      "boundingbox": [
        [
          -0.065442,
          -1.00116,
          -0.38294
        ],
        [
          3.773184,
          0.713214,
          0.150787
        ]
      ]
    },
    {
      "name": "Bone086_NTES",
      "parent": "Bone084_NTES",
      "initpos": [
        1.29372,
        0.026159,
        0.519134
      ],
      "initquaternion": [
        -0.014198,
        0.080498,
        -0.173078,
        0.98151
      ],
      "initscale": [
        0.999999,
        0.999999,
        0.999999
      ],
      "offmtx": [
        [
          -0.006992,
          -0.999975,
          1.1920928244535389e-7,
          16.477081
        ],
        [
          0.999975,
          -0.006992,
          -0.000007,
          3.955666
        ],
        [
          0.000007,
          0,
          0.999999,
          2.130464
        ]
      ],
      "boundingbox": [
        [
          0.022789,
          -0.662287,
          -0.099159
        ],
        [
          10.531268,
          0.661114,
          0.150857
        ]
      ]
    },
    {
      "name": "Bone085_NTES",
      "parent": "Bone084_NTES",
      "initpos": [
        3.464981,
        -0.011394,
        0.002316
      ],
      "initquaternion": [
        -0.014219,
        0.080495,
        -0.173309,
        0.981469
      ],
      "initscale": [
        0.999999,
        0.999999,
        0.999999
      ],
      "offmtx": [
        [
          -0.007462,
          -0.999972,
          -1.8626454334480513e-7,
          14.370551
        ],
        [
          0.999972,
          -0.007462,
          -0.000011,
          3.23616
        ],
        [
          0.000011,
          -2.75672761063106e-7,
          1,
          2.286619
        ]
      ],
      "boundingbox": [
        [
          0.102259,
          -0.782501,
          -0.119203
        ],
        [
          6.613271,
          0.76597,
          0.130816
        ]
      ]
    }
  ],
  "boundingbox": [
    [
      -13.710422,
      5.977447,
      -4.1259
    ],
    [
      -2.365469,
      26.068992,
      3.67673
    ]
  ]
}
