{
  "skeleton": [
    {
      "name": "root",
      "parent": "root",
      "initpos": [
        0,
        0,
        0
      ],
      "initquaternion": [
        0.707106,
        0,
        0,
        0.707106
      ],
      "initscale": [
        1,
        0.999999,
        0.999999
      ],
      "offmtx": [
        [
          1,
          0,
          0,
          0
        ],
        [
          0,
          1,
          0,
          0
        ],
        [
          0,
          0,
          1,
          0
        ]
      ],
      "boundingbox": [
        [
          0,
          0,
          0
        ],
        [
          0,
          0,
          0
        ]
      ]
    },
    {
      "name": "Bone006_NTES",
      "parent": "root",
      "initpos": [
        -0.106588,
        -5.811452297166397e-7,
        -12.567687
      ],
      "initquaternion": [
        -0.5,
        0.499999,
        0.499999,
        0.5
      ],
      "initscale": [
        1,
        0.999999,
        0.999999
      ],
      "offmtx": [
        [
          1,
          0,
          0,
          0
        ],
        [
          0,
          1,
          0,
          0
        ],
        [
          0,
          0,
          1,
          0
        ]
      ],
      "boundingbox": [
        [
          0,
          0,
          0
        ],
        [
          0,
          0,
          0
        ]
      ]
    },
    {
      "name": "Bone087_NTES",
      "parent": "Bone006_NTES",
      "initpos": [
        7.487375,
        -0.106587,
        2.005758
      ],
      "initquaternion": [
        -3.90559847573968e-7,
        -0.707106,
        0.707107,
        0
      ],
      "initscale": [
        0.999999,
        1,
        0.999999
      ],
      "offmtx": [
        [
          0.000001,
          -0.999999,
          0,
          20.055059
        ],
        [
          9.457310738980595e-7,
          0,
          -0.999999,
          2.005763
        ],
        [
          1,
          0.000001,
          9.457310170546407e-7,
          -0.000029
        ]
      ],
      "boundingbox": [
        [
          0.101709,
          -0.006655,
          -2.018661
        ],
        [
          5.414208,
          0.03179,
          2.018653
        ]
      ]
    },
    {
      "name": "Bone090_NTES",
      "parent": "Bone087_NTES",
      "initpos": [
        5.728355,
        -4.76837158203125e-7,
        -1.198196
      ],
      "initquaternion": [
        -0.018972,
        0.141813,
        -0.131236,
        0.980971
      ],
      "initscale": [
        1,
        0.999999,
        0.999999
      ],
      "offmtx": [
        [
          -0.273251,
          -0.925331,
          0.262858,
          12.402315
        ],
        [
          -0.074444,
          -0.252096,
          -0.964834,
          5.45774
        ],
        [
          0.959057,
          -0.28321,
          4.246830087595299e-7,
          5.206616
        ]
      ],
      "boundingbox": [
        [
          -0.074856,
          -0.161712,
          -1.106055
        ],
        [
          2.503813,
          0.053472,
          1.424325
        ]
      ]
    },
    {
      "name": "Bone091_NTES",
      "parent": "Bone090_NTES",
      "initpos": [
        2.508344,
        -4.76837158203125e-7,
        0
      ],
      "initquaternion": [
        -1.4554835559010826e-7,
        -0.034634,
        0,
        0.9994
      ],
      "initscale": [
        0.999999,
        1,
        0.999999
      ],
      "offmtx": [
        [
          -0.206203,
          -0.942717,
          0.262228,
          10.230669
        ],
        [
          -0.074444,
          -0.252096,
          -0.964834,
          5.457739
        ],
        [
          0.975673,
          -0.218473,
          -0.018196,
          4.509199
        ]
      ],
      "boundingbox": [
        [
          0.080086,
          -0.191645,
          -2.081012
        ],
        [
          4.800622,
          0.140532,
          2.293689
        ]
      ]
    },
    {
      "name": "Bone093_NTES",
      "parent": "Bone091_NTES",
      "initpos": [
        3.769525,
        -9.5367431640625e-7,
        0.860832
      ],
      "initquaternion": [
        0,
        -0.10449,
        0,
        0.994525
      ],
      "initscale": [
        0.999999,
        1,
        0.999999
      ],
      "offmtx": [
        [
          0.001079,
          -0.967538,
          0.25272,
          7.078319
        ],
        [
          -0.074444,
          -0.252096,
          -0.964834,
          5.45774
        ],
        [
          0.997224,
          -0.017771,
          -0.072299,
          2.225839
        ]
      ],
      "boundingbox": [
        [
          0.028268,
          -0.201061,
          -1.060366
        ],
        [
          4.322669,
          -0.015343,
          1.188416
        ]
      ]
    },
    {
      "name": "Bone096_NTES",
      "parent": "Bone087_NTES",
      "initpos": [
        5.728354,
        -0.000001,
        1.185817
      ],
      "initquaternion": [
        -0.141813,
        -0.018972,
        0.980971,
        0.131236
      ],
      "initscale": [
        -0.999999,
        -1,
        -0.999999
      ],
      "offmtx": [
        [
          0.273249,
          -0.925331,
          0.262859,
          12.405699
        ],
        [
          0.074446,
          -0.252097,
          -0.964833,
          5.458663
        ],
        [
          -0.959058,
          -0.283209,
          -0.000002,
          5.194724
        ]
      ],
      "boundingbox": [
        [
          -0.071478,
          -0.160788,
          -1.117936
        ],
        [
          2.507195,
          0.054401,
          1.412444
        ]
      ]
    },
    {
      "name": "Bone097_NTES",
      "parent": "Bone096_NTES",
      "initpos": [
        2.508344,
        -4.76837158203125e-7,
        4.76837158203125e-7
      ],
      "initquaternion": [
        -1.4928036762285046e-7,
        -0.034634,
        0,
        0.9994
      ],
      "initscale": [
        0.999999,
        1,
        0.999999
      ],
      "offmtx": [
        [
          0.206201,
          -0.942717,
          0.262228,
          10.233226
        ],
        [
          0.074446,
          -0.252096,
          -0.964833,
          5.458664
        ],
        [
          -0.975673,
          -0.218472,
          -0.018199,
          4.497101
        ]
      ],
      "boundingbox": [
        [
          0.082643,
          -0.190718,
          -2.093107
        ],
        [
          4.803179,
          0.141468,
          2.28159
        ]
      ]
    },
    {
      "name": "Bone098_NTES",
      "parent": "Bone097_NTES",
      "initpos": [
        3.769525,
        -9.5367431640625e-7,
        0.860831
      ],
      "initquaternion": [
        0,
        -0.10449,
        0,
        0.994525
      ],
      "initscale": [
        1,
        1,
        1
      ],
      "offmtx": [
        [
          -0.001081,
          -0.967538,
          0.25272,
          7.078307
        ],
        [
          0.074446,
          -0.252097,
          -0.964833,
          5.458666
        ],
        [
          -0.997224,
          -0.01777,
          -0.072302,
          2.213471
        ]
      ],
      "boundingbox": [
        [
          0.028252,
          -0.200133,
          -1.072737
        ],
        [
          4.322655,
          -0.014413,
          1.176049
        ]
      ]
    },
    {
      "name": "Bone102_NTES",
      "parent": "Bone006_NTES",
      "initpos": [
        12.003021,
        0.546693,
        5.254613
      ],
      "initquaternion": [
        -0.006975,
        0.999975,
        -0.000002,
        0
      ],
      "initscale": [
        0.999999,
        0.999999,
        1
      ],
      "offmtx": [
        [
          0.01395,
          -0.999902,
          -7.6478238497657e-7,
          24.577434
        ],
        [
          -0.999902,
          -0.01395,
          -0.000005,
          -0.310408
        ],
        [
          0.000005,
          8.472934496239759e-7,
          -0.999999,
          5.254605
        ]
      ],
      "boundingbox": [
        [
          -0.778109,
          -12.474366,
          -2.001413
        ],
        [
          11.429212,
          11.284478,
          2.445187
        ]
      ]
    },
    {
      "name": "Bone103_NTES",
      "parent": "Bone102_NTES",
      "initpos": [
        8.173503,
        3.393894,
        -0.527905
      ],
      "initquaternion": [
        0.039076,
        0.234809,
        0.215492,
        0.947048
      ],
      "initscale": [
        0.999999,
        0.999999,
        0.999999
      ],
      "offmtx": [
        [
          -0.415358,
          -0.802728,
          0.427906,
          9.017232
        ],
        [
          -0.909421,
          0.377161,
          -0.175219,
          -8.730218
        ],
        [
          -0.020735,
          -0.461926,
          -0.886675,
          12.598445
        ]
      ],
      "boundingbox": [
        [
          2.598409,
          -2.29448,
          -0.248299
        ],
        [
          5.774641,
          0.717988,
          0.501022
        ]
      ]
    },
    {
      "name": "Bone104_NTES",
      "parent": "Bone103_NTES",
      "initpos": [
        5.493843,
        0.780944,
        0.185215
      ],
      "initquaternion": [
        -2.7402663249631587e-7,
        0.037033,
        0,
        0.999314
      ],
      "initscale": [
        0.999999,
        1,
        0.999999
      ],
      "offmtx": [
        [
          -0.412684,
          -0.766337,
          0.49236,
          2.594949
        ],
        [
          -0.909421,
          0.377161,
          -0.175219,
          -9.511171
        ],
        [
          -0.051422,
          -0.520073,
          -0.852572,
          12.639963
        ]
      ],
      "boundingbox": [
        [
          0.248406,
          -3.075424,
          -0.11234
        ],
        [
          0.262328,
          -1.313566,
          0.33511
        ]
      ]
    },
    {
      "name": "Bone105_NTES",
      "parent": "Bone104_NTES",
      "initpos": [
        4.365097,
        0.357685,
        0.029982
      ],
      "initquaternion": [
        0.155783,
        0.313878,
        0.131086,
        0.927376
      ],
      "initscale": [
        1,
        0.999999,
        0.999999
      ],
      "offmtx": [
        [
          -0.599396,
          -0.178887,
          0.780206,
          -11.551186
        ],
        [
          -0.793137,
          0.264204,
          -0.548752,
          -4.1122
        ],
        [
          -0.107968,
          -0.947731,
          -0.300245,
          10.449846
        ]
      ],
      "boundingbox": [
        [
          -0.610383,
          -1.64048,
          -0.273782
        ],
        [
          6.494001,
          1.017311,
          0.640815
        ]
      ]
    },
    {
      "name": "Bone106_NTES",
      "parent": "Bone105_NTES",
      "initpos": [
        6.202279,
        0.952769,
        -0.000001
      ],
      "initquaternion": [
        0.036853,
        0.014315,
        0.36182,
        0.931409
      ],
      "initscale": [
        1,
        0.999999,
        1
      ],
      "offmtx": [
        [
          -0.977627,
          0.046376,
          0.205165,
          -16.516994
        ],
        [
          -0.188484,
          0.239812,
          -0.952346,
          9.047785
        ],
        [
          -0.093367,
          -0.96971,
          -0.225705,
          9.765514
        ]
      ],
      "boundingbox": [
        [
          -2.232154,
          -1.205456,
          -0.114939
        ],
        [
          2.649644,
          1.236927,
          0.215272
        ]
      ]
    },
    {
      "name": "Bone112_NTES",
      "parent": "Bone103_NTES",
      "initpos": [
        2.530047,
        0.435344,
        -0.16772
      ],
      "initquaternion": [
        -0.015733,
        0.195468,
        0.07867,
        0.977422
      ],
      "initscale": [
        0.999999,
        0.999999,
        0.999999
      ],
      "offmtx": [
        [
          -0.504768,
          -0.498117,
          0.705045,
          -0.351719
        ],
        [
          -0.831281,
          0.500694,
          -0.241402,
          -10.085138
        ],
        [
          -0.232765,
          -0.707943,
          -0.66681,
          13.683283
        ]
      ],
      "boundingbox": [
        [
          0.086601,
          -0.2788,
          -0.166079
        ],
        [
          4.590171,
          0.289758,
          0.232843
        ]
      ]
    },
    {
      "name": "Bone107_NTES",
      "parent": "Bone102_NTES",
      "initpos": [
        9.233994,
        1.818218,
        -0.123592
      ],
      "initquaternion": [
        0.036841,
        0.244611,
        0.215885,
        0.944564
      ],
      "initscale": [
        0.999999,
        0.999999,
        0.999999
      ],
      "offmtx": [
        [
          -0.414839,
          -0.792981,
          0.446192,
          8.770861
        ],
        [
          -0.909421,
          0.377161,
          -0.175219,
          -6.963152
        ],
        [
          -0.02934,
          -0.478464,
          -0.877616,
          11.977633
        ]
      ],
      "boundingbox": [
        [
          6.172661,
          -1.692853,
          -0.202553
        ],
        [
          7.716489,
          1.654518,
          0.317135
        ]
      ]
    },
    {
      "name": "Bone109_NTES",
      "parent": "Bone102_NTES",
      "initpos": [
        4.533082,
        8.816777,
        1.949415
      ],
      "initquaternion": [
        0.038914,
        0.195161,
        0.400464,
        0.894441
      ],
      "initscale": [
        1,
        1,
        0.999999
      ],
      "offmtx": [
        [
          -0.72309,
          -0.613228,
          0.317948,
          4.360266
        ],
        [
          -0.685943,
          0.691692,
          -0.225927,
          -19.480327
        ],
        [
          -0.081377,
          -0.38146,
          -0.920795,
          9.874747
        ]
      ],
      "boundingbox": [
        [
          -3.621809,
          -7.165169,
          -1.889205
        ],
        [
          8.183567,
          9.874271,
          0.567812
        ]
      ]
    },
    {
      "name": "Bone113_NTES",
      "parent": "Bone102_NTES",
      "initpos": [
        8.283182,
        -4.467332,
        -0.527907
      ],
      "initquaternion": [
        0.202259,
        0.949962,
        -0.042348,
        -0.234241
      ],
      "initscale": [
        -1,
        -1,
        -1
      ],
      "offmtx": [
        [
          0.415353,
          -0.802728,
          0.427911,
          9.018725
        ],
        [
          0.909423,
          0.377161,
          -0.175208,
          -8.726966
        ],
        [
          0.020746,
          -0.461925,
          -0.886675,
          12.598515
        ]
      ],
      "boundingbox": [
        [
          2.580233,
          -2.21008,
          -0.249143
        ],
        [
          5.813164,
          0.678262,
          0.502998
        ]
      ]
    },
    {
      "name": "Bone114_NTES",
      "parent": "Bone113_NTES",
      "initpos": [
        5.493844,
        0.780943,
        0.185214
      ],
      "initquaternion": [
        -2.7347329023541533e-7,
        0.037033,
        0,
        0.999314
      ],
      "initscale": [
        0.999999,
        1,
        0.999999
      ],
      "offmtx": [
        [
          0.412678,
          -0.766336,
          0.492365,
          2.596429
        ],
        [
          0.909423,
          0.377162,
          -0.175207,
          -9.50792
        ],
        [
          0.051433,
          -0.520073,
          -0.852571,
          12.640139
        ]
      ],
      "boundingbox": [
        [
          0.286679,
          -2.991024,
          -0.303021
        ],
        [
          4.628776,
          1.489235,
          0.634079
        ]
      ]
    },
    {
      "name": "Bone115_NTES",
      "parent": "Bone114_NTES",
      "initpos": [
        4.365096,
        0.357686,
        0.029983
      ],
      "initquaternion": [
        0.155783,
        0.313878,
        0.131086,
        0.927376
      ],
      "initscale": [
        0.999999,
        0.999999,
        0.999999
      ],
      "offmtx": [
        [
          0.599386,
          -0.178887,
          0.780214,
          -11.549038
        ],
        [
          0.793143,
          0.264204,
          -0.548743,
          -4.109363
        ],
        [
          0.107972,
          -0.947731,
          -0.300244,
          10.450227
        ]
      ],
      "boundingbox": [
        [
          -0.554814,
          -1.566799,
          -0.263718
        ],
        [
          6.529175,
          1.18963,
          0.650867
        ]
      ]
    },
    {
      "name": "Bone116_NTES",
      "parent": "Bone115_NTES",
      "initpos": [
        6.202278,
        0.952768,
        -0.000003
      ],
      "initquaternion": [
        0.036853,
        0.014315,
        0.36182,
        0.931409
      ],
      "initscale": [
        1,
        1,
        1
      ],
      "offmtx": [
        [
          0.977625,
          0.046376,
          0.205177,
          -16.513494
        ],
        [
          0.188495,
          0.239812,
          -0.952344,
          9.048458
        ],
        [
          0.09337,
          -0.96971,
          -0.225704,
          9.765849
        ]
      ],
      "boundingbox": [
        [
          -2.089818,
          -1.097105,
          -0.057361
        ],
        [
          2.791973,
          1.345273,
          0.272852
        ]
      ]
    },
    {
      "name": "Bone122_NTES",
      "parent": "Bone113_NTES",
      "initpos": [
        2.530047,
        0.435344,
        -0.167722
      ],
      "initquaternion": [
        -0.015733,
        0.195468,
        0.07867,
        0.977422
      ],
      "initscale": [
        0.999999,
        0.999999,
        0.999999
      ],
      "offmtx": [
        [
          0.504759,
          -0.498117,
          0.705051,
          -0.349911
        ],
        [
          0.831284,
          0.500695,
          -0.241392,
          -10.082169
        ],
        [
          0.232773,
          -0.707942,
          -0.666807,
          13.684114
        ]
      ],
      "boundingbox": [
        [
          0.064499,
          -0.31507,
          -0.176173
        ],
        [
          4.568065,
          0.253451,
          0.222723
        ]
      ]
    },
    {
      "name": "Bone117_NTES",
      "parent": "Bone102_NTES",
      "initpos": [
        9.2993,
        -2.86268,
        -0.123596
      ],
      "initquaternion": [
        0.202687,
        0.947483,
        -0.040249,
        -0.244073
      ],
      "initscale": [
        -0.999999,
        -1,
        -1
      ],
      "offmtx": [
        [
          0.414834,
          -0.792981,
          0.446197,
          8.772342
        ],
        [
          0.909423,
          0.377162,
          -0.175207,
          -6.9599
        ],
        [
          0.029352,
          -0.478464,
          -0.877616,
          11.977736
        ]
      ],
      "boundingbox": [
        [
          6.174152,
          -1.689487,
          -0.202399
        ],
        [
          7.717988,
          1.657877,
          0.317318
        ]
      ]
    },
    {
      "name": "Bone119_NTES",
      "parent": "Bone102_NTES",
      "initpos": [
        4.771949,
        -10.013651,
        1.957202
      ],
      "initquaternion": [
        -0.049357,
        0.176625,
        -0.38704,
        0.90364
      ],
      "initscale": [
        0.999999,
        0.999999,
        0.999999
      ],
      "offmtx": [
        [
          0.725756,
          -0.627942,
          0.281009,
          4.752907
        ],
        [
          -0.685945,
          -0.691693,
          0.225919,
          19.512355
        ],
        [
          0.052507,
          -0.356719,
          -0.932734,
          9.69334
        ]
      ],
      "boundingbox": [
        [
          -3.740813,
          -9.777545,
          -1.750913
        ],
        [
          8.184412,
          7.190672,
          0.27384
        ]
      ]
    },
    {
      "name": "Bone150_NTES",
      "parent": "Bone102_NTES",
      "initpos": [
        11.513017,
        -0.510685,
        -1.05271
      ],
      "initquaternion": [
        -0.005225,
        0.971241,
        0.005086,
        -0.237984
      ],
      "initscale": [
        -0.999999,
        -0.999999,
        -0.999999
      ],
      "offmtx": [
        [
          -0.000203,
          -0.886762,
          0.462226,
          8.670966
        ],
        [
          0.999904,
          0.00622,
          0.012373,
          -0.177287
        ],
        [
          0.013848,
          -0.462184,
          -0.886675,
          11.631171
        ]
      ],
      "boundingbox": [
        [
          0.005159,
          -0.893143,
          -0.388722
        ],
        [
          3.538214,
          0.860948,
          0.240432
        ]
      ]
    }
  ],
  "boundingbox": [
    [
      -16.969984,
      4.112358,
      1.640044
    ],
    [
      16.969984,
      28.402446,
      15.68984
    ]
  ]
}
