{
  "skeleton": [
    {
      "name": "root",
      "parent": "root",
      "initpos": [
        0,
        0,
        0
      ],
      "initquaternion": [
        0.707106,
        0,
        0,
        0.707106
      ],
      "initscale": [
        1,
        0.999999,
        0.999999
      ],
      "offmtx": [
        [
          1,
          0,
          0,
          0
        ],
        [
          0,
          1,
          0,
          0
        ],
        [
          0,
          0,
          1,
          0
        ]
      ],
      "boundingbox": [
        [
          0,
          0,
          0
        ],
        [
          0,
          0,
          0
        ]
      ]
    },
    {
      "name": "Bone021",
      "parent": "root",
      "initpos": [
        9.315668,
        0.549223,
        -32.723876
      ],
      "initquaternion": [
        -0.582069,
        0.401491,
        0.401491,
        0.582068
      ],
      "initscale": [
        0.999999,
        0.999999,
        1
      ],
      "offmtx": [
        [
          0.355217,
          0.934783,
          0,
          -33.898834
        ],
        [
          -0.934783,
          0.355217,
          -2.335838757971942e-7,
          -2.915959
        ],
        [
          -2.279694655271669e-7,
          0,
          0.999999,
          -0.549223
        ]
      ],
      "boundingbox": [
        [
          -0.402077,
          -1.919878,
          -1.759904
        ],
        [
          3.41696,
          1.930678,
          1.366206
        ]
      ]
    },
    {
      "name": "Bone022",
      "parent": "Bone021",
      "initpos": [
        1.00172,
        0.646164,
        0.028083
      ],
      "initquaternion": [
        0.261417,
        -0.074992,
        0.43628,
        0.857727
      ],
      "initscale": [
        0.999999,
        0.999999,
        0.999999
      ],
      "offmtx": [
        [
          -0.44696,
          0.820339,
          0.356748,
          -23.954282
        ],
        [
          -0.730943,
          -0.564819,
          0.383015,
          25.548305
        ],
        [
          0.515701,
          -0.08957,
          0.852073,
          -2.132488
        ]
      ],
      "boundingbox": [
        [
          -0.279306,
          -1.048778,
          -0.456639
        ],
        [
          4.399007,
          1.806873,
          0.518398
        ]
      ]
    },
    {
      "name": "Bone040",
      "parent": "Bone022",
      "initpos": [
        3.104642,
        0.000026,
        0.000001
      ],
      "initquaternion": [
        -0.007335,
        0.029403,
        0.241968,
        0.96981
      ],
      "initscale": [
        0.999999,
        0.999999,
        1
      ],
      "offmtx": [
        [
          -0.767828,
          0.463446,
          0.442331,
          -11.734939
        ],
        [
          -0.435309,
          -0.88398,
          0.170538,
          35.265048
        ],
        [
          0.470048,
          -0.061606,
          0.880488,
          -2.84866
        ]
      ],
      "boundingbox": [
        [
          -0.605836,
          -1.176591,
          -0.338253
        ],
        [
          5.291869,
          2.000128,
          0.582872
        ]
      ]
    },
    {
      "name": "Bone024",
      "parent": "Bone021",
      "initpos": [
        1.073844,
        -0.573085,
        0.160106
      ],
      "initquaternion": [
        -0.171057,
        -0.113996,
        -0.413367,
        0.887057
      ],
      "initscale": [
        1,
        1,
        1
      ],
      "offmtx": [
        [
          0.873668,
          0.344381,
          0.343662,
          -20.728971
        ],
        [
          -0.286265,
          0.935026,
          -0.209231,
          -28.268207
        ],
        [
          -0.393388,
          0.08442,
          0.915487,
          0.545985
        ]
      ],
      "boundingbox": [
        [
          -0.286314,
          -1.821836,
          -0.53027
        ],
        [
          4.40377,
          0.958529,
          0.747775
        ]
      ]
    },
    {
      "name": "Bone025",
      "parent": "Bone024",
      "initpos": [
        3.125316,
        -0.000003,
        2.384185791015625e-7
      ],
      "initquaternion": [
        -0.002338,
        -0.008601,
        -0.261524,
        0.965155
      ],
      "initscale": [
        0.999999,
        0.999999,
        0.999999
      ],
      "offmtx": [
        [
          0.891519,
          -0.173258,
          0.418539,
          -6.308638
        ],
        [
          0.193986,
          0.980978,
          -0.007118,
          -36.444267
        ],
        [
          -0.409344,
          0.087537,
          0.90817,
          0.65803
        ]
      ],
      "boundingbox": [
        [
          -0.555436,
          -2.053012,
          -0.46044
        ],
        [
          5.304756,
          1.095388,
          0.728444
        ]
      ]
    },
    {
      "name": "Bone028",
      "parent": "root",
      "initpos": [
        -9.315997,
        0.549223,
        -32.723876
      ],
      "initquaternion": [
        -0.404082,
        0.583853,
        0.580273,
        0.398892
      ],
      "initscale": [
        0.999999,
        1,
        0.999999
      ],
      "offmtx": [
        [
          -0.355203,
          0.934746,
          -0.008915,
          -33.8927
        ],
        [
          -0.934783,
          -0.355218,
          0,
          2.915672
        ],
        [
          -0.003166,
          0.008333,
          0.99996,
          -0.851419
        ]
      ],
      "boundingbox": [
        [
          -0.390733,
          -1.930985,
          -1.737249
        ],
        [
          3.428365,
          1.91957,
          1.390554
        ]
      ]
    },
    {
      "name": "Bone037",
      "parent": "Bone028",
      "initpos": [
        1.001426,
        -0.646914,
        0.028083
      ],
      "initquaternion": [
        -0.261417,
        -0.074991,
        -0.43628,
        0.857727
      ],
      "initscale": [
        0.999999,
        0.999999,
        0.999999
      ],
      "offmtx": [
        [
          0.445839,
          0.82329,
          0.351312,
          -24.058509
        ],
        [
          -0.729719,
          0.561597,
          -0.390022,
          -25.427268
        ],
        [
          -0.518397,
          -0.082472,
          0.851152,
          -2.389132
        ]
      ],
      "boundingbox": [
        [
          -0.281421,
          -1.82619,
          -0.440689
        ],
        [
          4.395943,
          1.044616,
          0.529259
        ]
      ]
    },
    {
      "name": "Bone043",
      "parent": "Bone037",
      "initpos": [
        3.104642,
        -0.000026,
        0.000004
      ],
      "initquaternion": [
        0.007335,
        0.029403,
        -0.241968,
        0.96981
      ],
      "initscale": [
        1,
        1,
        1
      ],
      "offmtx": [
        [
          0.766429,
          0.467127,
          0.440883,
          -11.867997
        ],
        [
          -0.434756,
          0.882522,
          -0.179278,
          -35.20716
        ],
        [
          -0.472835,
          -0.054272,
          0.879478,
          -3.113855
        ]
      ],
      "boundingbox": [
        [
          -0.602843,
          -2.016032,
          -0.321914
        ],
        [
          5.301377,
          1.163356,
          0.593924
        ]
      ]
    },
    {
      "name": "Bone030",
      "parent": "Bone028",
      "initpos": [
        1.073787,
        0.572934,
        0.160106
      ],
      "initquaternion": [
        0.171057,
        -0.113996,
        0.413366,
        0.887057
      ],
      "initscale": [
        0.999999,
        1,
        0.999999
      ],
      "offmtx": [
        [
          -0.874748,
          0.347221,
          0.338012,
          -20.82901
        ],
        [
          -0.286938,
          -0.933254,
          0.216108,
          28.20013
        ],
        [
          0.390489,
          0.092052,
          0.915993,
          0.269014
        ]
      ],
      "boundingbox": [
        [
          -0.288455,
          -0.95453,
          -0.513359
        ],
        [
          4.40062,
          1.838913,
          0.763861
        ]
      ]
    },
    {
      "name": "Bone031",
      "parent": "Bone030",
      "initpos": [
        3.125316,
        0.000003,
        0.000003
      ],
      "initquaternion": [
        0.002338,
        -0.008601,
        0.261524,
        0.965155
      ],
      "initscale": [
        0.999999,
        0.999999,
        0.999999
      ],
      "offmtx": [
        [
          -0.892842,
          -0.169776,
          0.417143,
          -6.434297
        ],
        [
          0.193949,
          -0.980882,
          0.015907,
          36.435997
        ],
        [
          0.406467,
          0.095107,
          0.908701,
          0.383256
        ]
      ],
      "boundingbox": [
        [
          -0.552145,
          -1.084335,
          -0.426443
        ],
        [
          5.314877,
          2.064738,
          0.744469
        ]
      ]
    }
  ],
  "boundingbox": [
    [
      -17.784767,
      32.123184,
      -1.210686
    ],
    [
      17.784767,
      39.206405,
      4.233263
    ]
  ]
}
