{
  "skeleton": [
    {
      "name": "root",
      "parent": "root",
      "initpos": [
        0,
        0,
        0
      ],
      "initquaternion": [
        0.707106,
        0,
        0,
        0.707106
      ],
      "initscale": [
        1,
        0.999999,
        0.999999
      ],
      "offmtx": [
        [
          1,
          0,
          0,
          0
        ],
        [
          0,
          1,
          0,
          0
        ],
        [
          0,
          0,
          1,
          0
        ]
      ],
      "boundingbox": [
        [
          0,
          0,
          0
        ],
        [
          0,
          0,
          0
        ]
      ]
    },
    {
      "name": "Bone006",
      "parent": "root",
      "initpos": [
        -0.106589,
        -6.182016250022571e-7,
        -12.567687
      ],
      "initquaternion": [
        -0.5,
        0.499999,
        0.499999,
        0.5
      ],
      "initscale": [
        1,
        0.999999,
        0.999999
      ],
      "offmtx": [
        [
          1,
          0,
          0,
          0
        ],
        [
          0,
          1,
          0,
          0
        ],
        [
          0,
          0,
          1,
          0
        ]
      ],
      "boundingbox": [
        [
          0,
          0,
          0
        ],
        [
          0,
          0,
          0
        ]
      ]
    },
    {
      "name": "Bone046",
      "parent": "Bone006",
      "initpos": [
        8.354125,
        5.60541,
        -3.893983
      ],
      "initquaternion": [
        0.439481,
        -0.140278,
        0.605069,
        0.648898
      ],
      "initscale": [
        1,
        1,
        1
      ],
      "offmtx": [
        [
          -0.661957,
          0.228426,
          0.713886,
          -5.780334
        ],
        [
          0.118504,
          -0.908556,
          0.4006,
          21.245494
        ],
        [
          0.740114,
          0.349779,
          0.574356,
          -0.853961
        ]
      ],
      "boundingbox": [
        [
          -0.076487,
          -2.290784,
          -1.248417
        ],
        [
          5.600976,
          0.914192,
          0.055365
        ]
      ]
    },
    {
      "name": "Bone050",
      "parent": "Bone046",
      "initpos": [
        5.524312,
        0.000001,
        0
      ],
      "initquaternion": [
        -0.002651,
        0.142926,
        0.068973,
        0.987323
      ],
      "initscale": [
        0.999999,
        0.999999,
        0.999999
      ],
      "offmtx": [
        [
          -0.821716,
          -0.00498,
          0.569874,
          -7.616414
        ],
        [
          0.218752,
          -0.926118,
          0.307329,
          22.578914
        ],
        [
          0.526241,
          0.377199,
          0.762096,
          -3.475324
        ]
      ],
      "boundingbox": [
        [
          -0.726484,
          -2.368636,
          -0.089912
        ],
        [
          4.102534,
          0.953592,
          0.214811
        ]
      ]
    },
    {
      "name": "Bone052",
      "parent": "Bone050",
      "initpos": [
        4.091085,
        0.000001,
        0.000003
      ],
      "initquaternion": [
        0.030201,
        -0.381184,
        -0.001179,
        0.924004
      ],
      "initscale": [
        1,
        0.999999,
        0.999999
      ],
      "offmtx": [
        [
          -0.217771,
          0.285493,
          0.93331,
          -11.322213
        ],
        [
          0.265324,
          -0.90293,
          0.338109,
          22.584604
        ],
        [
          0.939243,
          0.32126,
          0.120883,
          4.549057
        ]
      ],
      "boundingbox": [
        [
          -0.194566,
          -0.995203,
          -0.096013
        ],
        [
          5.123051,
          0.784089,
          -0.005702
        ]
      ]
    },
    {
      "name": "Bone090",
      "parent": "Bone052",
      "initpos": [
        4.951235,
        0,
        0
      ],
      "initquaternion": [
        0.037754,
        -0.510627,
        -0.063338,
        0.856634
      ],
      "initscale": [
        0.999999,
        0.999999,
        0.999999
      ],
      "offmtx": [
        [
          0.675715,
          0.546635,
          0.494568,
          -7.020201
        ],
        [
          0.368711,
          -0.831579,
          0.415364,
          21.789051
        ],
        [
          0.638325,
          -0.098315,
          -0.763462,
          16.478412
        ]
      ],
      "boundingbox": [
        [
          -0.046181,
          -1.25166,
          -0.06018
        ],
        [
          2.805922,
          0.470221,
          0.000791
        ]
      ]
    },
    {
      "name": "Bone084",
      "parent": "Bone052",
      "initpos": [
        2.278788,
        -0.03885,
        -0.410827
      ],
      "initquaternion": [
        -0.038454,
        0.016369,
        0.032312,
        0.998603
      ],
      "initscale": [
        0.999999,
        0.999999,
        0.999998
      ],
      "offmtx": [
        [
          -0.233451,
          0.21631,
          0.948003,
          -12.308296
        ],
        [
          0.20717,
          -0.941492,
          0.265842,
          23.028472
        ],
        [
          0.950042,
          0.258459,
          0.174979,
          6.29318
        ]
      ],
      "boundingbox": [
        [
          -0.051142,
          -0.535918,
          -0.014616
        ],
        [
          5.115753,
          0.569775,
          0.084104
        ]
      ]
    },
    {
      "name": "Bone086",
      "parent": "Bone084",
      "initpos": [
        5.000354,
        0.000001,
        -0.000003
      ],
      "initquaternion": [
        0.000601,
        0.164746,
        -0.003602,
        0.986329
      ],
      "initscale": [
        0.999999,
        0.999999,
        0.999999
      ],
      "offmtx": [
        [
          -0.530962,
          0.127069,
          0.837814,
          -18.572967
        ],
        [
          0.20546,
          -0.939887,
          0.27276,
          22.901428
        ],
        [
          0.82211,
          0.316962,
          0.472936,
          0.271842
        ]
      ],
      "boundingbox": [
        [
          -0.286094,
          -0.501664,
          -0.91907
        ],
        [
          2.517253,
          0.703282,
          0.256952
        ]
      ]
    },
    {
      "name": "Bone088",
      "parent": "Bone086",
      "initpos": [
        2.319524,
        -0.000062,
        9.5367431640625e-7
      ],
      "initquaternion": [
        0.05908,
        -0.484136,
        -0.121459,
        0.864505
      ],
      "initscale": [
        1,
        0.999999,
        1
      ],
      "offmtx": [
        [
          0.355075,
          0.575674,
          0.736559,
          -16.378049
        ],
        [
          0.297497,
          -0.816523,
          0.494756,
          18.933294
        ],
        [
          0.886237,
          0.043448,
          -0.461189,
          18.284917
        ]
      ],
      "boundingbox": [
        [
          0.045897,
          -0.336031,
          -0.044933
        ],
        [
          2.441289,
          0.306537,
          0.015596
        ]
      ]
    },
    {
      "name": "Bone038",
      "parent": "Bone046",
      "initpos": [
        5.017782,
        -1.45021,
        2.025924
      ],
      "initquaternion": [
        -0.095787,
        0.272574,
        0.033798,
        0.956757
      ],
      "initscale": [
        0.999999,
        1,
        0.999999
      ],
      "offmtx": [
        [
          -0.951424,
          -0.002055,
          0.307876,
          -7.365526
        ],
        [
          0.071416,
          -0.974176,
          0.214194,
          23.964372
        ],
        [
          0.299486,
          0.225776,
          0.927001,
          -3.383113
        ]
      ],
      "boundingbox": [
        [
          0.014497,
          -1.177696,
          -0.352157
        ],
        [
          4.912744,
          0.230186,
          0.416167
        ]
      ]
    },
    {
      "name": "Bone042",
      "parent": "Bone038",
      "initpos": [
        4.614033,
        0.000001,
        -0.000001
      ],
      "initquaternion": [
        0.0879,
        -0.607717,
        -0.064979,
        0.786594
      ],
      "initscale": [
        0.999999,
        0.999999,
        0.999999
      ],
      "offmtx": [
        [
          0.027344,
          0.416419,
          0.908761,
          -11.235638
        ],
        [
          0.139165,
          -0.901834,
          0.409057,
          22.711919
        ],
        [
          0.989891,
          0.115282,
          -0.082611,
          9.336797
        ]
      ],
      "boundingbox": [
        [
          -0.088227,
          -1.432922,
          -0.349597
        ],
        [
          8.777246,
          1.846416,
          0.420499
        ]
      ]
    },
    {
      "name": "Bone047",
      "parent": "Bone042",
      "initpos": [
        8.668542,
        -0.000007,
        0.000004
      ],
      "initquaternion": [
        0.016088,
        -0.654953,
        -0.002334,
        0.755494
      ],
      "initscale": [
        0.999999,
        0.999999,
        0.999999
      ],
      "offmtx": [
        [
          0.98001,
          0.195421,
          0.037288,
          5.852893
        ],
        [
          0.165701,
          -0.905508,
          0.390634,
          23.304681
        ],
        [
          0.110103,
          -0.376647,
          -0.919789,
          20.538219
        ]
      ],
      "boundingbox": [
        [
          -0.049154,
          -0.939679,
          -0.107168
        ],
        [
          3.217281,
          0.954746,
          0.132622
        ]
      ]
    },
    {
      "name": "Bone039",
      "parent": "Bone047",
      "initpos": [
        3.297056,
        0.000001,
        -0.000001
      ],
      "initquaternion": [
        0.192068,
        0.648124,
        0.012904,
        0.736802
      ],
      "initscale": [
        0.999999,
        0.999999,
        0.999999
      ],
      "offmtx": [
        [
          0.09614,
          0.146374,
          0.984546,
          -12.860758
        ],
        [
          0.411782,
          -0.906364,
          0.09454,
          28.321771
        ],
        [
          0.906196,
          0.396329,
          -0.147412,
          -1.984386
        ]
      ],
      "boundingbox": [
        [
          -0.210263,
          -1.046103,
          -0.267765
        ],
        [
          8.713288,
          0.896557,
          0.236448
        ]
      ]
    },
    {
      "name": "Bone045",
      "parent": "Bone006",
      "initpos": [
        8.354125,
        -5.81853,
        -3.893981
      ],
      "initquaternion": [
        -0.439481,
        -0.140278,
        -0.605069,
        0.648898
      ],
      "initscale": [
        0.999999,
        0.999999,
        0.999999
      ],
      "offmtx": [
        [
          0.661957,
          0.228425,
          0.713886,
          -5.780288
        ],
        [
          0.118504,
          0.908557,
          -0.4006,
          -21.245487
        ],
        [
          -0.740114,
          0.349779,
          0.574356,
          -0.854002
        ]
      ],
      "boundingbox": [
        [
          -0.076446,
          -0.914183,
          -1.248464
        ],
        [
          5.601017,
          2.290792,
          0.055317
        ]
      ]
    },
    {
      "name": "Bone049",
      "parent": "Bone045",
      "initpos": [
        5.524312,
        0.000001,
        0
      ],
      "initquaternion": [
        0.00265,
        0.142926,
        -0.068973,
        0.987323
      ],
      "initscale": [
        0.999999,
        0.999999,
        0.999999
      ],
      "offmtx": [
        [
          0.821716,
          -0.00498,
          0.569874,
          -7.616363
        ],
        [
          0.218752,
          0.926118,
          -0.30733,
          -22.578907
        ],
        [
          -0.52624,
          0.377199,
          0.762096,
          -3.475364
        ]
      ],
      "boundingbox": [
        [
          -0.726432,
          -0.953577,
          -0.089946
        ],
        [
          4.102585,
          2.368652,
          0.214776
        ]
      ]
    },
    {
      "name": "Bone051",
      "parent": "Bone049",
      "initpos": [
        4.091086,
        -0.000001,
        -4.76837158203125e-7
      ],
      "initquaternion": [
        -0.0302,
        -0.381183,
        0.001179,
        0.924005
      ],
      "initscale": [
        1,
        0.999999,
        1
      ],
      "offmtx": [
        [
          0.217771,
          0.285493,
          0.93331,
          -11.322206
        ],
        [
          0.265324,
          0.902931,
          -0.338109,
          -22.584592
        ],
        [
          -0.939243,
          0.32126,
          0.120884,
          4.549002
        ]
      ],
      "boundingbox": [
        [
          -0.194549,
          -0.784071,
          -0.096071
        ],
        [
          5.123068,
          0.995219,
          -0.00576
        ]
      ]
    },
    {
      "name": "Bone089",
      "parent": "Bone051",
      "initpos": [
        4.951242,
        0.000003,
        0.000003
      ],
      "initquaternion": [
        -0.037754,
        -0.510627,
        0.063338,
        0.856634
      ],
      "initscale": [
        0.999999,
        0.999999,
        0.999999
      ],
      "offmtx": [
        [
          -0.675715,
          0.546635,
          0.494568,
          -7.020238
        ],
        [
          0.368711,
          0.831579,
          -0.415364,
          -21.789028
        ],
        [
          -0.638325,
          -0.098315,
          -0.763462,
          16.478368
        ]
      ],
      "boundingbox": [
        [
          -0.046225,
          -0.470198,
          -0.060222
        ],
        [
          2.805879,
          1.251681,
          0.00075
        ]
      ]
    },
    {
      "name": "Bone083",
      "parent": "Bone051",
      "initpos": [
        2.278835,
        0.038908,
        -0.411008
      ],
      "initquaternion": [
        0.038454,
        0.016369,
        -0.032312,
        0.998603
      ],
      "initscale": [
        0.999999,
        0.999999,
        0.999999
      ],
      "offmtx": [
        [
          0.233452,
          0.21631,
          0.948003,
          -12.308326
        ],
        [
          0.207171,
          0.941492,
          -0.265841,
          -23.028511
        ],
        [
          -0.950042,
          0.25846,
          0.17498,
          6.293291
        ]
      ],
      "boundingbox": [
        [
          -0.051173,
          -0.569806,
          -0.014491
        ],
        [
          5.11572,
          0.535887,
          0.084233
        ]
      ]
    },
    {
      "name": "Bone085",
      "parent": "Bone083",
      "initpos": [
        5.000353,
        0,
        0
      ],
      "initquaternion": [
        -0.000601,
        0.164746,
        0.003602,
        0.986329
      ],
      "initscale": [
        1,
        1,
        0.999999
      ],
      "offmtx": [
        [
          0.530962,
          0.127069,
          0.837814,
          -18.573043
        ],
        [
          0.20546,
          0.939887,
          -0.27276,
          -22.901445
        ],
        [
          -0.82211,
          0.316962,
          0.472936,
          0.271942
        ]
      ],
      "boundingbox": [
        [
          -0.286165,
          -0.703312,
          -0.918962
        ],
        [
          2.517181,
          0.501634,
          0.25706
        ]
      ]
    },
    {
      "name": "Bone087",
      "parent": "Bone085",
      "initpos": [
        2.319524,
        0.000057,
        -4.76837158203125e-7
      ],
      "initquaternion": [
        -0.05908,
        -0.484136,
        0.121459,
        0.864505
      ],
      "initscale": [
        0.999999,
        0.999999,
        0.999999
      ],
      "offmtx": [
        [
          -0.355074,
          0.575674,
          0.736559,
          -16.378005
        ],
        [
          0.297497,
          0.816523,
          -0.494756,
          -18.933324
        ],
        [
          -0.886237,
          0.043449,
          -0.461189,
          18.285026
        ]
      ],
      "boundingbox": [
        [
          0.04595,
          -0.306577,
          -0.044815
        ],
        [
          2.441342,
          0.335993,
          0.015714
        ]
      ]
    },
    {
      "name": "Bone041",
      "parent": "Bone045",
      "initpos": [
        5.017899,
        1.450229,
        2.02579
      ],
      "initquaternion": [
        0.095787,
        0.272574,
        -0.033797,
        0.956757
      ],
      "initscale": [
        0.999999,
        0.999999,
        0.999999
      ],
      "offmtx": [
        [
          0.951423,
          -0.002054,
          0.307876,
          -7.365642
        ],
        [
          0.071416,
          0.974176,
          -0.214194,
          -23.96438
        ],
        [
          -0.299486,
          0.225777,
          0.927001,
          -3.383081
        ]
      ],
      "boundingbox": [
        [
          0.014385,
          -0.230193,
          -0.352121
        ],
        [
          4.912631,
          1.177689,
          0.416202
        ]
      ]
    },
    {
      "name": "Bone048",
      "parent": "Bone041",
      "initpos": [
        4.614031,
        0.000001,
        0
      ],
      "initquaternion": [
        -0.0879,
        -0.607717,
        0.064979,
        0.786594
      ],
      "initscale": [
        1,
        0.999999,
        0.999999
      ],
      "offmtx": [
        [
          -0.027344,
          0.416419,
          0.908761,
          -11.235643
        ],
        [
          0.139165,
          0.901833,
          -0.409057,
          -22.71194
        ],
        [
          -0.989891,
          0.115283,
          -0.082611,
          9.3369
        ]
      ],
      "boundingbox": [
        [
          -0.088227,
          -1.846436,
          -0.349478
        ],
        [
          8.777246,
          1.432904,
          0.420616
        ]
      ]
    },
    {
      "name": "Bone036",
      "parent": "Bone048",
      "initpos": [
        8.66854,
        0.000007,
        -0.000001
      ],
      "initquaternion": [
        -0.016087,
        -0.654953,
        0.002334,
        0.755494
      ],
      "initscale": [
        1,
        0.999999,
        0.999999
      ],
      "offmtx": [
        [
          -0.980009,
          0.195421,
          0.037288,
          5.853012
        ],
        [
          0.165702,
          0.905509,
          -0.390634,
          -23.30471
        ],
        [
          -0.110103,
          -0.376647,
          -0.91979,
          20.538232
        ]
      ],
      "boundingbox": [
        [
          -0.049035,
          -0.954765,
          -0.107153
        ],
        [
          3.217398,
          0.93966,
          0.132635
        ]
      ]
    },
    {
      "name": "Bone044",
      "parent": "Bone036",
      "initpos": [
        3.297059,
        -0.000001,
        0
      ],
      "initquaternion": [
        -0.192068,
        0.648124,
        -0.012904,
        0.736802
      ],
      "initscale": [
        0.999999,
        0.999999,
        0.999999
      ],
      "offmtx": [
        [
          -0.09614,
          0.146374,
          0.984546,
          -12.860742
        ],
        [
          0.411781,
          0.906365,
          -0.09454,
          -28.321821
        ],
        [
          -0.906196,
          0.396328,
          -0.147412,
          -1.984265
        ]
      ],
      "boundingbox": [
        [
          -0.210249,
          -0.896605,
          -0.267659
        ],
        [
          8.713302,
          1.046055,
          0.236555
        ]
      ]
    }
  ],
  "boundingbox": [
    [
      -16.183746,
      20.138301,
      -4.305263
    ],
    [
      16.183746,
      30.212156,
      18.27639
    ]
  ]
}
