{"skeleton":[{"name":"root","parent":"root","initpos":[0.0,0.0,-0.0],"initquaternion":[0.707106,0.0,0.0,0.707106],"initscale":[1.0,0.999999,0.999999],"offmtx":[[1.0,0.0,0.0,0.0],[0.0,1.0,0.0,0.0],[0.0,0.0,1.0,0.0]],"boundingbox":[[0.0,0.0,0.0],[0.0,0.0,0.0]]},{"name":"bone_000","parent":"root","initpos":[3.948061930714175e-07,13.992883,-19.35646],"initquaternion":[-0.5,0.5,-0.5,0.499999],"initscale":[1.0,1.0,1.0],"offmtx":[[2.0187621885270346e-07,0.0,-0.999999,13.992883],[-2.821299744937278e-07,0.999999,-0.0,-19.35646],[1.0,2.8212994607201836e-07,2.0187620464184874e-07,-8e-06]],"boundingbox":[[-1.731499,-6.884957,-5.088102],[10.721368,5.873925,4.0]]},{"name":"bone_011","parent":"bone_000","initpos":[10.58098,1e-06,-0.0],"initquaternion":[0.0,0.0,-0.004488,0.999989],"initscale":[1.0,1.0,1.0],"offmtx":[[-1.603815320549984e-07,-0.008976,-0.999959,3.585524],[-2.835811017121159e-07,0.999959,-0.008976,-19.325052],[1.0,2.821299744937278e-07,-1.6292069915380125e-07,-3e-06]],"boundingbox":[[-1.9864,-5.284715,-5.843639],[6.987969,6.163202,5.843642]]},{"name":"bone_012","parent":"bone_011","initpos":[2.914785,0.995252,3e-06],"initquaternion":[2.3705570129095577e-07,-0.0,-0.10677,0.994283],"initscale":[0.999999,0.999999,1.0],"offmtx":[[-0.0,-0.221083,-0.975254,4.969848],[1.6566947635965334e-07,0.975254,-0.221083,-19.714591],[1.0,-1.8290778314167255e-07,-0.0,2e-06]],"boundingbox":[[-1.992954,-4.756255,-6.257313],[11.10506,6.034011,6.292889]]},{"name":"bone_028","parent":"bone_012","initpos":[4.527637,1.849409,-4.098165],"initquaternion":[1.7333267976482603e-07,-2.350596446376585e-07,-0.624065,0.781371],"initscale":[0.999999,0.999999,1.0],"offmtx":[[0.0,-0.999999,0.0,21.128166],[5.067600454822241e-07,0.0,-0.999999,-4.336171],[1.0,0.0,5.067599886388052e-07,4.098166]],"boundingbox":[[0.196438,-2.233421,-1.703813],[7.846287,2.441411,1.696111]]},{"name":"bone_029","parent":"bone_028","initpos":[6.694534,-0.081502,-1e-06],"initquaternion":[-0.0,0.0,-0.003154,0.999994],"initscale":[1.0,1.0,1.0],"offmtx":[[-0.0,-0.99998,0.006308,14.460186],[3.3169789048770326e-07,-0.006308,-0.99998,-4.163528],[1.0,-0.0,3.3191099646501243e-07,4.098167]],"boundingbox":[[0.117898,-1.222859,-1.283194],[6.93461,1.554766,1.309453]]},{"name":"bone_030","parent":"bone_029","initpos":[6.618156,-0.229089,-0.0],"initquaternion":[-7.06657488080964e-07,-0.0,0.093567,0.995612],"initscale":[0.999999,0.999999,1.0],"offmtx":[[0.0,-0.983645,-0.180112,6.97167],[-1e-06,0.180112,-0.983645,-5.326639],[1.0,2.2293876611456653e-07,-1e-06,4.098159]],"boundingbox":[[-2.620988,-2.679372,-2.010723],[6.173578,1.591738,2.17662]]},{"name":"bone_031","parent":"bone_030","initpos":[5.123242,-4.76837158203125e-07,-0.0],"initquaternion":[0.0,0.0,-0.090432,0.995902],"initscale":[0.999999,0.999999,1.0],"offmtx":[[2.22950518491416e-07,-0.999999,1e-05,2.77765],[-1e-06,-1e-05,-0.999999,-4.906569],[1.0,2.2293875190371182e-07,-1e-06,4.098159]],"boundingbox":[[0.088232,-0.945884,-1.085626],[2.878919,1.273116,1.12098]]},{"name":"bone_024","parent":"bone_012","initpos":[4.527637,1.849411,4.097834],"initquaternion":[0.781371,-0.624065,-0.0,3.6679563208963373e-07],"initscale":[1.0,0.999999,0.999999],"offmtx":[[2.935399834314012e-07,-0.999999,0.0,21.128164],[5.343370048649376e-07,0.0,0.999999,4.33617],[-1.0,-2.9353995500969177e-07,5.343370048649376e-07,4.097844]],"boundingbox":[[0.196437,-2.441412,-1.704139],[7.846287,2.233419,1.695785]]},{"name":"bone_025","parent":"bone_024","initpos":[6.694536,0.081504,9.5367431640625e-07],"initquaternion":[2.3874881094343436e-07,-1.0432201236199035e-07,0.003154,0.999994],"initscale":[0.999999,0.999999,1.0],"offmtx":[[-0.0,-0.999979,0.006308,14.460183],[0.0,0.006308,0.99998,4.163529],[-1.0,0.0,0.0,4.097835]],"boundingbox":[[0.117895,-1.554766,-1.283522],[6.934607,1.222857,1.309125]]},{"name":"bone_026","parent":"bone_025","initpos":[6.618155,0.229088,-0.0],"initquaternion":[4.73874763429194e-07,-0.0,-0.093567,0.995612],"initscale":[0.999999,0.999999,1.0],"offmtx":[[-0.0,-0.983645,-0.180112,6.97167],[-8.985230692815094e-07,-0.180112,0.983645,5.326639],[-1.0,1.9069982215569325e-07,-8.785432328295428e-07,4.097831]],"boundingbox":[[-2.62099,-1.502103,-2.011051],[6.157165,2.679373,2.176291]]},{"name":"bone_027","parent":"bone_026","initpos":[5.123241,-9.5367431640625e-07,-4.76837158203125e-07],"initquaternion":[-9.333398907074297e-07,5e-06,0.090426,0.995903],"initscale":[1.0,1.0,1.0],"offmtx":[[1e-05,-0.999999,0.0,2.777551],[-0.004148,0.0,0.999991,4.923556],[-0.999991,-1e-05,-0.004148,4.077474]],"boundingbox":[[0.088234,-1.277579,-1.089865],[2.87892,0.950525,1.125956]]},{"name":"bone_020","parent":"bone_012","initpos":[5.573469,2.538801,-3e-06],"initquaternion":[0.0,-0.0,0.850486,0.525996],"initscale":[1.0,1.0,1.0],"offmtx":[[2.787571418139123e-07,0.971314,0.237797,-19.640645],[-0.0,-0.237797,0.971314,10.47964],[1.0,-2.8861174428129743e-07,0.0,8e-06]],"boundingbox":[[-0.871419,-4.913236,-3.848249],[11.751825,4.476183,3.84825]]},{"name":"bone_021","parent":"bone_020","initpos":[9.899381,0.012294,-1e-06],"initquaternion":[-0.0,0.0,-0.150197,0.988656],"initscale":[0.999999,0.999999,1.0],"offmtx":[[1.136284737413007e-07,0.998113,-0.0614,-31.315891],[-1.0469513256339269e-07,0.0614,0.998113,1.222059],[1.0,-1.0698578734036346e-07,1.1147437817271566e-07,5e-06]],"boundingbox":[[-0.217579,-7.228461,-3.766007],[8.701296,5.85115,3.735884]]},{"name":"bone_032","parent":"bone_021","initpos":[4.076238,1.975582,2.941924],"initquaternion":[0.787446,0.348619,0.187958,-0.472297],"initscale":[1.0,0.999999,0.999999],"offmtx":[[0.625318,0.707786,0.328656,-26.408182],[-0.612764,0.706128,-0.354825,-23.678413],[-0.483214,0.020489,0.875261,1.940557]],"boundingbox":[[-1.419484,-6.994578,-2.526377],[14.842103,8.367206,1.504189]]},{"name":"bone_033","parent":"bone_021","initpos":[4.076234,1.975583,-2.942001],"initquaternion":[-0.472296,0.187957,0.34862,0.787446],"initscale":[1.0,0.999999,0.999999],"offmtx":[[-0.625318,0.707786,0.328657,-26.408231],[-0.612764,-0.706129,0.354825,23.678377],[0.483214,0.020488,0.875261,1.940618]],"boundingbox":[[-1.419535,-8.167762,-2.434007],[15.045635,6.994533,1.346897]]},{"name":"bone_007","parent":"bone_000","initpos":[1.071955,0.884519,-3.352743],"initquaternion":[0.0,1.461109633282831e-07,-0.707106,0.707107],"initscale":[1.0,1.0,1.0],"offmtx":[[1.0,0.0,0.0,0.0],[0.0,1.0,0.0,0.0],[0.0,0.0,1.0,0.0]],"boundingbox":[[0.0,0.0,0.0],[0.0,0.0,0.0]]},{"name":"bone_008","parent":"bone_007","initpos":[6.039619,0.616354,0.151557],"initquaternion":[0.000344,0.001242,-0.28814,0.957587],"initscale":[0.999999,0.999999,0.999999],"offmtx":[[-0.002578,-0.833947,0.551837,5.044825],[-5.5e-05,-0.551838,-0.83395,18.098089],[0.999996,-0.00218,0.001376,3.215211]],"boundingbox":[[0.007942,-1.854496,-1.636248],[5.783428,2.291427,1.652156]]},{"name":"bone_009","parent":"bone_008","initpos":[4.188354,-0.648481,-0.038518],"initquaternion":[-0.001227,0.000734,0.372154,0.928169],"initscale":[0.999999,0.999999,0.999999],"offmtx":[[-0.004179,-0.984174,-0.177152,13.562749],[9e-06,0.177154,-0.984183,12.956443],[0.999991,-0.004115,-0.000731,3.307066]],"boundingbox":[[0.154282,-2.531499,-0.863113],[9.592068,1.106154,0.876672]]},{"name":"bone_010","parent":"bone_009","initpos":[8.480538,3e-06,9.5367431640625e-07],"initquaternion":[2.8489762371464167e-07,0.0,-0.088706,0.996057],"initscale":[1.0,1.0,1.0],"offmtx":[[-0.004115,-0.999991,-0.000445,2.71264],[-0.000751,0.000448,-0.999999,13.650556],[0.999991,-0.004115,-0.000753,3.307363]],"boundingbox":[[0.125186,-0.931857,-1.113058],[2.827173,1.288289,1.111865]]},{"name":"bone_003","parent":"bone_000","initpos":[1.071952,0.884519,3.353256],"initquaternion":[-0.707106,0.707106,-6.125323466221744e-07,1.6858727747148805e-07],"initscale":[1.0,1.0,1.0],"offmtx":[[9.305608728027437e-07,-0.999999,0.0,20.240976],[-7.907534609330469e-07,-0.0,0.999999,-12.920925],[-1.0,-9.305608159593248e-07,-7.90753404089628e-07,3.353285]],"boundingbox":[[0.119501,-3.146551,-1.734847],[7.769475,2.803455,1.665165]]},{"name":"bone_004","parent":"bone_003","initpos":[6.03962,-0.616362,0.15156],"initquaternion":[-0.000345,0.001242,0.288139,0.957587],"initscale":[0.999999,1.0,1.0],"offmtx":[[0.002578,-0.833947,0.551836,5.044822],[-5.5e-05,0.551838,0.83395,-18.098087],[-0.999996,-0.00218,0.001376,3.215722]],"boundingbox":[[0.00794,-2.291428,-1.635735],[5.783423,1.854493,1.652669]]},{"name":"bone_005","parent":"bone_004","initpos":[4.188353,0.648483,-0.038517],"initquaternion":[0.001227,0.000734,-0.372154,0.928169],"initscale":[0.999999,0.999999,0.999999],"offmtx":[[0.004179,-0.984174,-0.177152,13.562746],[9e-06,-0.177154,0.984183,-12.956441],[-0.999991,-0.004115,-0.000731,3.307573]],"boundingbox":[[0.154281,-1.106152,-0.862602],[9.592065,2.5315,0.877182]]},{"name":"bone_006","parent":"bone_005","initpos":[8.480537,-3e-06,-7.152557373046875e-07],"initquaternion":[2.1633414348798397e-07,2.5862846086965874e-07,0.088706,0.996057],"initscale":[0.999999,0.999999,1.0],"offmtx":[[0.004116,-0.999991,-0.000445,2.712637],[-0.000741,-0.000448,0.999999,-13.650592],[-0.999991,-0.004115,-0.000743,3.307746]],"boundingbox":[[0.125184,-1.288278,-1.112538],[2.827172,0.931846,1.112365]]},{"name":"bone_002","parent":"bone_000","initpos":[0.444388,2.991342,1e-06],"initquaternion":[0.0,-1.6282460535421706e-07,0.999997,-0.002188],"initscale":[0.999999,0.999999,1.0],"offmtx":[[2.515770347599755e-07,-0.004377,0.99999,-13.450532],[-0.0,-0.99999,-0.004377,22.406898],[1.0,-0.0,-2.5176908025059674e-07,2e-06]],"boundingbox":[[-0.176408,-5.381321,-2.000002],[6.668775,1.905543,1.999998]]},{"name":"bone19","parent":"bone_002","initpos":[5.096525,-1e-06,-8.685701686772518e-07],"initquaternion":[2.9437600801429653e-07,-1.3442195267998613e-07,0.309064,0.951041],"initscale":[1.0,1.0,1.0],"offmtx":[[6.15041983564879e-07,-0.591402,0.806376,-1.831529],[2.930036089310306e-07,-0.806376,-0.591402,29.029436],[1.0,6.000083772050857e-07,-3.226726050797879e-07,-9e-06]],"boundingbox":[[0.318372,-2.810693,-1.625004],[8.934099,1.988719,1.624997]]},{"name":"Bind","parent":"bone_000","initpos":[4.428084,4.498348,-0.166657],"initquaternion":[0.500004,0.500004,-0.499995,-0.499995],"initscale":[1.0,0.999999,0.999999],"offmtx":[[7.60224850182567e-07,0.999999,0.0,-23.854808],[-1.0,7.602247933391482e-07,-1.7e-05,-0.166505],[-1.7e-05,0.0,0.999999,-9.564801]],"boundingbox":[[0.54689,-1.166659,0.04639],[0.546892,0.83334,0.046426]]}],"boundingbox":[[-13.92171,-0.101938,-10.790455],[13.921039,51.243148,27.155971]]}