{
  "skeleton": [
    {
      "name": "root",
      "parent": "root",
      "initpos": [
        0,
        0,
        0
      ],
      "initquaternion": [
        0.707106,
        0,
        0,
        0.707106
      ],
      "initscale": [
        1,
        0.999999,
        0.999999
      ],
      "offmtx": [
        [
          1,
          0,
          0,
          0
        ],
        [
          0,
          1,
          0,
          0
        ],
        [
          0,
          0,
          1,
          0
        ]
      ],
      "boundingbox": [
        [
          0,
          0,
          0
        ],
        [
          0,
          0,
          0
        ]
      ]
    },
    {
      "name": "bone_000",
      "parent": "root",
      "initpos": [
        3.948061930714175e-7,
        13.992883,
        -19.35646
      ],
      "initquaternion": [
        -0.5,
        0.5,
        -0.5,
        0.499999
      ],
      "initscale": [
        1,
        1,
        1
      ],
      "offmtx": [
        [
          1.858406761812148e-7,
          0,
          -0.999999,
          13.992883
        ],
        [
          -2.821299744937278e-7,
          0.999999,
          0,
          -19.35646
        ],
        [
          1,
          2.8212994607201836e-7,
          1.858406619703601e-7,
          -0.000008
        ]
      ],
      "boundingbox": [
        [
          -1.130262,
          -3.681808,
          -3.993937
        ],
        [
          10.545719,
          4.920689,
          3.61503
        ]
      ]
    },
    {
      "name": "bone_011",
      "parent": "bone_000",
      "initpos": [
        10.58098,
        0.000001,
        0
      ],
      "initquaternion": [
        0,
        0,
        -0.004488,
        0.999989
      ],
      "initscale": [
        1,
        1,
        1
      ],
      "offmtx": [
        [
          -1.603815320549984e-7,
          -0.008976,
          -0.999959,
          3.585523
        ],
        [
          -2.835811017121159e-7,
          0.999959,
          -0.008976,
          -19.325052
        ],
        [
          1,
          2.821299744937278e-7,
          -1.6292068494294654e-7,
          -0.000003
        ]
      ],
      "boundingbox": [
        [
          -0.080915,
          -5.085838,
          -3.589453
        ],
        [
          6.810527,
          5.146157,
          3.21055
        ]
      ]
    },
    {
      "name": "bone_012",
      "parent": "bone_011",
      "initpos": [
        2.914784,
        0.995252,
        0.000003
      ],
      "initquaternion": [
        2.3705570129095577e-7,
        0,
        -0.10677,
        0.994283
      ],
      "initscale": [
        0.999999,
        0.999999,
        1
      ],
      "offmtx": [
        [
          0,
          -0.221083,
          -0.975254,
          4.969848
        ],
        [
          1.6566949057050806e-7,
          0.975254,
          -0.221083,
          -19.714593
        ],
        [
          1,
          -1.829078257742367e-7,
          0,
          0.000002
        ]
      ],
      "boundingbox": [
        [
          -0.047183,
          -5.694185,
          -7.693689
        ],
        [
          10.605035,
          4.523821,
          7.27823
        ]
      ]
    },
    {
      "name": "bone_028",
      "parent": "bone_012",
      "initpos": [
        4.527638,
        1.849409,
        -4.098165
      ],
      "initquaternion": [
        1.7333267976482603e-7,
        -2.350596446376585e-7,
        -0.624065,
        0.781371
      ],
      "initscale": [
        0.999999,
        0.999999,
        1
      ],
      "offmtx": [
        [
          0,
          -0.999999,
          0,
          21.128166
        ],
        [
          5.067600454822241e-7,
          0,
          -0.999999,
          -4.336171
        ],
        [
          1,
          0,
          5.067599886388052e-7,
          4.098165
        ]
      ],
      "boundingbox": [
        [
          0.033072,
          -2.40907,
          -1.911542
        ],
        [
          7.68292,
          2.265763,
          1.488381
        ]
      ]
    },
    {
      "name": "bone_029",
      "parent": "bone_028",
      "initpos": [
        6.694534,
        -0.081502,
        -0.000001
      ],
      "initquaternion": [
        0,
        0,
        -0.003154,
        0.999994
      ],
      "initscale": [
        1,
        1,
        1
      ],
      "offmtx": [
        [
          0,
          -0.99998,
          0.006308,
          14.460185
        ],
        [
          3.3169609992000915e-7,
          -0.006308,
          -0.99998,
          -4.163528
        ],
        [
          1,
          0,
          3.319091774756089e-7,
          4.098167
        ]
      ],
      "boundingbox": [
        [
          0.017799,
          -1.399143,
          -1.490923
        ],
        [
          6.83451,
          1.378481,
          1.101724
        ]
      ]
    },
    {
      "name": "bone_030",
      "parent": "bone_029",
      "initpos": [
        6.618156,
        -0.229089,
        0
      ],
      "initquaternion": [
        -7.066576586112205e-7,
        0,
        0.093567,
        0.995612
      ],
      "initscale": [
        0.999999,
        0.999999,
        1
      ],
      "offmtx": [
        [
          0,
          -0.983645,
          -0.180112,
          6.971672
        ],
        [
          -0.000001,
          0.180112,
          -0.983645,
          -5.32664
        ],
        [
          1,
          2.2293879453627596e-7,
          -0.000001,
          4.098159
        ]
      ],
      "boundingbox": [
        [
          -0.077962,
          -1.195776,
          -1.94149
        ],
        [
          5.956556,
          1.318705,
          1.724647
        ]
      ]
    },
    {
      "name": "bone_031",
      "parent": "bone_030",
      "initpos": [
        5.123241,
        -4.76837158203125e-7,
        0
      ],
      "initquaternion": [
        0,
        0,
        -0.090432,
        0.995902
      ],
      "initscale": [
        0.999999,
        0.999999,
        1
      ],
      "offmtx": [
        [
          2.2295053270227072e-7,
          -0.999999,
          0.00001,
          2.777651
        ],
        [
          -0.000001,
          -0.00001,
          -0.999999,
          -4.90657
        ],
        [
          1,
          2.2293878032542125e-7,
          -0.000001,
          4.098159
        ]
      ],
      "boundingbox": [
        [
          -0.012973,
          -1.121535,
          -1.293355
        ],
        [
          2.777713,
          1.097465,
          0.913251
        ]
      ]
    },
    {
      "name": "bone_024",
      "parent": "bone_012",
      "initpos": [
        4.527637,
        1.849411,
        4.097834
      ],
      "initquaternion": [
        0.781371,
        -0.624065,
        0,
        3.6679563208963373e-7
      ],
      "initscale": [
        1,
        0.999999,
        0.999999
      ],
      "offmtx": [
        [
          3.0431073128056596e-7,
          -0.999999,
          0,
          21.128164
        ],
        [
          5.343370048649376e-7,
          0,
          0.999999,
          4.33617
        ],
        [
          -1,
          -3.0431070285885653e-7,
          5.343370048649376e-7,
          4.097844
        ]
      ],
      "boundingbox": [
        [
          0.033071,
          -2.265764,
          -1.49641
        ],
        [
          7.68292,
          2.409068,
          1.903514
        ]
      ]
    },
    {
      "name": "bone_025",
      "parent": "bone_024",
      "initpos": [
        6.694536,
        0.081504,
        9.5367431640625e-7
      ],
      "initquaternion": [
        2.3874881094343436e-7,
        -1.0432201236199035e-7,
        0.003154,
        0.999994
      ],
      "initscale": [
        0.999999,
        0.999999,
        1
      ],
      "offmtx": [
        [
          0,
          -0.999979,
          0.006308,
          14.460182
        ],
        [
          0,
          0.006308,
          0.99998,
          4.163529
        ],
        [
          -1,
          0,
          0,
          4.097835
        ]
      ],
      "boundingbox": [
        [
          0.017797,
          -1.378481,
          -1.075793
        ],
        [
          6.834508,
          1.399141,
          1.516854
        ]
      ]
    },
    {
      "name": "bone_026",
      "parent": "bone_025",
      "initpos": [
        6.618155,
        0.229088,
        0
      ],
      "initquaternion": [
        4.7387482027261285e-7,
        0,
        -0.093567,
        0.995612
      ],
      "initscale": [
        0.999999,
        0.999999,
        1
      ],
      "offmtx": [
        [
          0,
          -0.983645,
          -0.180112,
          6.971671
        ],
        [
          -8.985230692815094e-7,
          -0.180112,
          0.983645,
          5.32664
        ],
        [
          -1,
          1.906998647882574e-7,
          -8.785432328295428e-7,
          4.097831
        ]
      ],
      "boundingbox": [
        [
          -0.077962,
          -1.318707,
          -1.526359
        ],
        [
          5.956555,
          1.195775,
          2.139778
        ]
      ]
    },
    {
      "name": "bone_027",
      "parent": "bone_026",
      "initpos": [
        5.123242,
        -4.76837158203125e-7,
        -4.76837158203125e-7
      ],
      "initquaternion": [
        -9.333397201771731e-7,
        0.000005,
        0.090426,
        0.995903
      ],
      "initscale": [
        1,
        1,
        1
      ],
      "offmtx": [
        [
          0.00001,
          -0.999999,
          0,
          2.777551
        ],
        [
          -0.004149,
          0,
          0.999991,
          4.923557
        ],
        [
          -0.999991,
          -0.00001,
          -0.004149,
          4.077473
        ]
      ],
      "boundingbox": [
        [
          -0.012976,
          -1.101069,
          -0.882868
        ],
        [
          2.777709,
          1.127036,
          1.332953
        ]
      ]
    },
    {
      "name": "bone_020",
      "parent": "bone_012",
      "initpos": [
        5.573469,
        2.538801,
        -0.000003
      ],
      "initquaternion": [
        0,
        0,
        0.850486,
        0.525996
      ],
      "initscale": [
        1,
        1,
        1
      ],
      "offmtx": [
        [
          2.787571418139123e-7,
          0.971314,
          0.237797,
          -19.640645
        ],
        [
          0,
          -0.237797,
          0.971314,
          10.47964
        ],
        [
          1,
          -2.8861174428129743e-7,
          0,
          0.000008
        ]
      ],
      "boundingbox": [
        [
          -0.007607,
          -3.429903,
          -3.44622
        ],
        [
          10.784678,
          3.207223,
          3.031301
        ]
      ]
    },
    {
      "name": "bone_021",
      "parent": "bone_020",
      "initpos": [
        9.899381,
        0.012294,
        -0.000001
      ],
      "initquaternion": [
        0,
        0,
        -0.150197,
        0.988656
      ],
      "initscale": [
        0.999999,
        0.999999,
        1
      ],
      "offmtx": [
        [
          1.1362845953044598e-7,
          0.998113,
          -0.061399,
          -31.315887
        ],
        [
          -1.0469506150911911e-7,
          0.061399,
          0.998113,
          1.222059
        ],
        [
          1,
          -1.0698578734036346e-7,
          1.1147432843472416e-7,
          0.000005
        ]
      ],
      "boundingbox": [
        [
          -0.127345,
          -7.046929,
          -12.192807
        ],
        [
          18.251909,
          9.564033,
          12.010078
        ]
      ]
    },
    {
      "name": "bone_023",
      "parent": "bone_021",
      "initpos": [
        5.12384,
        3.300369,
        -8.016707
      ],
      "initquaternion": [
        -0.021718,
        0.706773,
        0.706772,
        -0.021718
      ],
      "initscale": [
        0.999999,
        0.999999,
        0.999999
      ],
      "offmtx": [
        [
          4.466345444598119e-7,
          -0.999999,
          0,
          36.498573
        ],
        [
          1,
          4.4663468656835903e-7,
          0.000001,
          8.016692
        ],
        [
          -0.000001,
          0,
          0.999999,
          0.163001
        ]
      ],
      "boundingbox": [
        [
          -1.377643,
          -1.587454,
          -0.907553
        ],
        [
          4.231197,
          1.634871,
          0.62247
        ]
      ]
    },
    {
      "name": "bone_022",
      "parent": "bone_021",
      "initpos": [
        5.14146,
        3.01385,
        7.224044
      ],
      "initquaternion": [
        -0.025005,
        0.81373,
        0.580429,
        -0.017836
      ],
      "initscale": [
        0.999999,
        1,
        0.999999
      ],
      "offmtx": [
        [
          1.0300723829459457e-7,
          -0.999999,
          0,
          36.498565
        ],
        [
          0.945518,
          0,
          0.325566,
          -6.683944
        ],
        [
          -0.325566,
          0,
          0.945518,
          2.777461
        ]
      ],
      "boundingbox": [
        [
          -1.557979,
          -1.797618,
          -0.721904
        ],
        [
          4.307121,
          1.632524,
          0.359797
        ]
      ]
    },
    {
      "name": "bone13",
      "parent": "bone_020",
      "initpos": [
        7.484985,
        -2.329597,
        -0.242863
      ],
      "initquaternion": [
        0,
        -1.5502796202326863e-7,
        0.995494,
        -0.094819
      ],
      "initscale": [
        1,
        1,
        1
      ],
      "offmtx": [
        [
          -1.0857740306846608e-7,
          -0.908956,
          -0.41689,
          24.219692
        ],
        [
          -1.9949902707594447e-7,
          0.41689,
          -0.908956,
          -17.6998
        ],
        [
          1,
          0,
          -2.2660086074210994e-7,
          0.242862
        ]
      ],
      "boundingbox": [
        [
          0.035822,
          -1.856521,
          -4.542161
        ],
        [
          8.818742,
          2.344171,
          4.586548
        ]
      ]
    },
    {
      "name": "bone16",
      "parent": "bone13",
      "initpos": [
        6.428884,
        0.000003,
        0
      ],
      "initquaternion": [
        0,
        0,
        0.049408,
        0.998778
      ],
      "initscale": [
        1,
        1,
        1
      ],
      "offmtx": [
        [
          -1.1051943715756352e-7,
          -0.863372,
          -0.504565,
          15.957033
        ],
        [
          -1.8780873745072313e-7,
          0.504565,
          -0.863372,
          -19.369279
        ],
        [
          1,
          0,
          -2.1791338156162965e-7,
          0.242862
        ]
      ],
      "boundingbox": [
        [
          -0.269012,
          -1.488042,
          -2.964864
        ],
        [
          4.255321,
          1.462409,
          3.035136
        ]
      ]
    },
    {
      "name": "bone17",
      "parent": "bone16",
      "initpos": [
        1.959269,
        0.000001,
        0
      ],
      "initquaternion": [
        0,
        0,
        -0.158944,
        0.987287
      ],
      "initscale": [
        0.999999,
        0.999999,
        1
      ],
      "offmtx": [
        [
          0,
          -0.978106,
          -0.208104,
          19.369506
        ],
        [
          -2.1300566288573464e-7,
          0.208104,
          -0.978106,
          -13.997448
        ],
        [
          1,
          0,
          -2.1791339577248436e-7,
          0.242862
        ]
      ],
      "boundingbox": [
        [
          0.007702,
          -0.334659,
          -2.089863
        ],
        [
          1.309142,
          0.456544,
          2.160136
        ]
      ]
    },
    {
      "name": "bone18",
      "parent": "bone17",
      "initpos": [
        1.055614,
        0,
        0
      ],
      "initquaternion": [
        0,
        0,
        -0.011103,
        0.999938
      ],
      "initscale": [
        0.999999,
        0.999999,
        1
      ],
      "offmtx": [
        [
          0,
          -0.982486,
          -0.186332,
          18.620206
        ],
        [
          -2.139744452733794e-7,
          0.186332,
          -0.982486,
          -13.587319
        ],
        [
          1,
          0,
          -2.1791340998333908e-7,
          0.242862
        ]
      ],
      "boundingbox": [
        [
          0.034953,
          -0.259477,
          -1.339863
        ],
        [
          2.584163,
          0.353469,
          1.410136
        ]
      ]
    },
    {
      "name": "bone_007",
      "parent": "bone_000",
      "initpos": [
        1.071956,
        0.884519,
        -3.352743
      ],
      "initquaternion": [
        0,
        1.461109633282831e-7,
        -0.707106,
        0.707107
      ],
      "initscale": [
        1,
        1,
        1
      ],
      "offmtx": [
        [
          7.899797083155136e-7,
          -0.999999,
          0,
          20.24098
        ],
        [
          -2.503437599443714e-7,
          0,
          -0.999999,
          12.920927
        ],
        [
          1,
          7.899796514720947e-7,
          -2.50343731522662e-7,
          3.35273
        ]
      ],
      "boundingbox": [
        [
          0.018291,
          -2.979104,
          -1.943091
        ],
        [
          7.668268,
          2.9709,
          1.456916
        ]
      ]
    },
    {
      "name": "bone_008",
      "parent": "bone_007",
      "initpos": [
        6.039619,
        0.616354,
        0.151557
      ],
      "initquaternion": [
        0.000344,
        0.001242,
        -0.28814,
        0.957587
      ],
      "initscale": [
        0.999999,
        0.999999,
        0.999999
      ],
      "offmtx": [
        [
          -0.002578,
          -0.833947,
          0.551837,
          5.044825
        ],
        [
          -0.000055,
          -0.551838,
          -0.83395,
          18.098089
        ],
        [
          0.999996,
          -0.00218,
          0.001376,
          3.215211
        ]
      ],
      "boundingbox": [
        [
          0.021004,
          -2.056818,
          -1.843955
        ],
        [
          5.79649,
          2.089105,
          1.444449
        ]
      ]
    },
    {
      "name": "bone_009",
      "parent": "bone_008",
      "initpos": [
        4.188354,
        -0.648481,
        -0.038518
      ],
      "initquaternion": [
        -0.001227,
        0.000734,
        0.372154,
        0.928169
      ],
      "initscale": [
        0.999999,
        0.999999,
        0.999999
      ],
      "offmtx": [
        [
          -0.004179,
          -0.984174,
          -0.177152,
          13.562748
        ],
        [
          0.000009,
          0.177154,
          -0.984183,
          12.956444
        ],
        [
          0.999991,
          -0.004115,
          -0.000731,
          3.307066
        ]
      ],
      "boundingbox": [
        [
          0.024426,
          -2.030516,
          -1.071386
        ],
        [
          9.462212,
          0.95121,
          0.6684
        ]
      ]
    },
    {
      "name": "bone_010",
      "parent": "bone_009",
      "initpos": [
        8.480538,
        0.000003,
        9.5367431640625e-7
      ],
      "initquaternion": [
        2.8489762371464167e-7,
        0,
        -0.088706,
        0.996057
      ],
      "initscale": [
        1,
        1,
        1
      ],
      "offmtx": [
        [
          -0.004115,
          -0.999991,
          -0.000445,
          2.71264
        ],
        [
          -0.000751,
          0.000448,
          -0.999999,
          13.650557
        ],
        [
          0.999991,
          -0.004115,
          -0.000753,
          3.307362
        ]
      ],
      "boundingbox": [
        [
          -2.175124,
          -2.311474,
          -1.582084
        ],
        [
          2.726742,
          1.112841,
          0.903589
        ]
      ]
    },
    {
      "name": "bone_003",
      "parent": "bone_000",
      "initpos": [
        1.071953,
        0.884519,
        3.353256
      ],
      "initquaternion": [
        -0.707106,
        0.707106,
        -6.125323466221744e-7,
        1.6858727747148805e-7
      ],
      "initscale": [
        1,
        1,
        1
      ],
      "offmtx": [
        [
          9.247843877346895e-7,
          -0.999999,
          0,
          20.240976
        ],
        [
          -7.907534609330469e-7,
          0,
          0.999999,
          -12.920926
        ],
        [
          -1,
          -9.247843308912707e-7,
          -7.90753404089628e-7,
          3.353285
        ]
      ],
      "boundingbox": [
        [
          0.018293,
          -2.970902,
          -1.527118
        ],
        [
          7.668268,
          2.979104,
          1.872894
        ]
      ]
    },
    {
      "name": "bone_004",
      "parent": "bone_003",
      "initpos": [
        6.039619,
        -0.616362,
        0.15156
      ],
      "initquaternion": [
        -0.000345,
        0.001242,
        0.288139,
        0.957587
      ],
      "initscale": [
        0.999999,
        1,
        1
      ],
      "offmtx": [
        [
          0.002578,
          -0.833947,
          0.551836,
          5.044822
        ],
        [
          -0.000055,
          0.551838,
          0.83395,
          -18.098087
        ],
        [
          -0.999996,
          -0.00218,
          0.001376,
          3.215722
        ]
      ],
      "boundingbox": [
        [
          0.019931,
          -2.089083,
          -1.427985
        ],
        [
          5.795414,
          2.056838,
          1.860418
        ]
      ]
    },
    {
      "name": "bone_005",
      "parent": "bone_004",
      "initpos": [
        4.188353,
        0.648485,
        -0.038516
      ],
      "initquaternion": [
        0.001227,
        0.000734,
        -0.372154,
        0.928169
      ],
      "initscale": [
        0.999999,
        0.999999,
        0.999999
      ],
      "offmtx": [
        [
          0.004179,
          -0.984174,
          -0.177152,
          13.562747
        ],
        [
          0.000009,
          -0.177154,
          0.984183,
          -12.956443
        ],
        [
          -0.999991,
          -0.004115,
          -0.000731,
          3.307573
        ]
      ],
      "boundingbox": [
        [
          0.022689,
          -0.951214,
          -0.65542
        ],
        [
          9.460474,
          2.030513,
          1.084364
        ]
      ]
    },
    {
      "name": "bone_006",
      "parent": "bone_005",
      "initpos": [
        8.480535,
        -0.000004,
        -7.152557373046875e-7
      ],
      "initquaternion": [
        2.1631647939557297e-7,
        2.5886066623570514e-7,
        0.088706,
        0.996057
      ],
      "initscale": [
        0.999999,
        0.999999,
        1
      ],
      "offmtx": [
        [
          0.004116,
          -0.999991,
          -0.000445,
          2.712639
        ],
        [
          -0.000734,
          -0.000448,
          0.999999,
          -13.650613
        ],
        [
          -0.999991,
          -0.004115,
          -0.000736,
          3.307648
        ]
      ],
      "boundingbox": [
        [
          -2.176834,
          -1.112514,
          -1.1661
        ],
        [
          2.725032,
          2.311802,
          1.319537
        ]
      ]
    },
    {
      "name": "bone_002",
      "parent": "bone_000",
      "initpos": [
        0.444389,
        2.991342,
        0.000001
      ],
      "initquaternion": [
        0,
        -1.6282460535421706e-7,
        0.999997,
        -0.002188
      ],
      "initscale": [
        0.999999,
        0.999999,
        1
      ],
      "offmtx": [
        [
          2.515770347599755e-7,
          -0.004377,
          0.99999,
          -13.450531
        ],
        [
          0,
          -0.99999,
          -0.004377,
          22.4069
        ],
        [
          1,
          0,
          -2.5176908025059674e-7,
          0.000002
        ]
      ],
      "boundingbox": [
        [
          -0.005537,
          -1.945056,
          -1.986831
        ],
        [
          5.173183,
          2.709473,
          1.571369
        ]
      ]
    },
    {
      "name": "bone19",
      "parent": "bone_002",
      "initpos": [
        5.096526,
        -0.000001,
        -8.685701686772518e-7
      ],
      "initquaternion": [
        2.9437600801429653e-7,
        -1.3442196689084085e-7,
        0.309064,
        0.951041
      ],
      "initscale": [
        1,
        1,
        1
      ],
      "offmtx": [
        [
          6.150420972517168e-7,
          -0.591402,
          0.806376,
          -1.831528
        ],
        [
          2.930036089310306e-7,
          -0.806376,
          -0.591402,
          29.029438
        ],
        [
          1,
          6.000083772050857e-7,
          -3.2267263350149733e-7,
          -0.000009
        ]
      ],
      "boundingbox": [
        [
          -1.385354,
          -4.654242,
          -3.082736
        ],
        [
          8.668011,
          4.83027,
          2.667267
        ]
      ]
    },
    {
      "name": "Bind",
      "parent": "bone_000",
      "initpos": [
        4.428085,
        4.49835,
        -0.166657
      ],
      "initquaternion": [
        0.500004,
        0.500004,
        -0.499995,
        -0.499995
      ],
      "initscale": [
        1,
        0.999999,
        0.999999
      ],
      "offmtx": [
        [
          7.304738005586842e-7,
          0.999999,
          0,
          -23.854808
        ],
        [
          -1,
          7.304737437152653e-7,
          -0.000017,
          -0.166504
        ],
        [
          -0.000017,
          0,
          0.999999,
          -9.564801
        ]
      ],
      "boundingbox": [
        [
          0.422339,
          0.022794,
          -0.000965
        ],
        [
          0.422339,
          0.022794,
          -0.000965
        ]
      ]
    },
    {
      "name": "bone15",
      "parent": "bone_000",
      "initpos": [
        3.342753,
        3.963085,
        -4.345224
      ],
      "initquaternion": [
        0,
        -3.170524962570198e-7,
        0.957802,
        0.287425
      ],
      "initscale": [
        0.999999,
        0.999999,
        1
      ],
      "offmtx": [
        [
          3.0650403459731024e-7,
          0.550594,
          0.834772,
          -21.730049
        ],
        [
          -2.3904223667159386e-7,
          -0.834772,
          0.550594,
          13.602622
        ],
        [
          1,
          -3.683053080294485e-7,
          -1.242459433115073e-7,
          4.345236
        ]
      ],
      "boundingbox": [
        [
          -1.578271,
          -1.291952,
          -0.158927
        ],
        [
          4.456222,
          1.163705,
          0.412509
        ]
      ]
    },
    {
      "name": "bone14",
      "parent": "bone_000",
      "initpos": [
        3.342751,
        3.963083,
        4.076128
      ],
      "initquaternion": [
        0.287425,
        0.957803,
        4.605005869962042e-7,
        3.871132321364712e-7
      ],
      "initscale": [
        1,
        1,
        1
      ],
      "offmtx": [
        [
          -4.961744934917078e-7,
          0.550594,
          0.834773,
          -21.730045
        ],
        [
          7.15879536983266e-7,
          0.834773,
          -0.550594,
          -13.602634
        ],
        [
          -1,
          3.2440613040307653e-7,
          -8.083521265689342e-7,
          4.076128
        ]
      ],
      "boundingbox": [
        [
          -1.578272,
          -1.163707,
          -0.049121
        ],
        [
          4.456221,
          1.291952,
          0.522317
        ]
      ]
    }
  ],
  "boundingbox": [
    [
      -12.192809,
      -0.000729,
      -11.776311
    ],
    [
      12.010076,
      49.634284,
      28.301031
    ]
  ]
}
