{
  "skeleton": [
    {
      "name": "root",
      "parent": "root",
      "initpos": [
        0,
        0,
        0
      ],
      "initquaternion": [
        0.707106,
        0,
        0,
        0.707106
      ],
      "initscale": [
        1,
        0.999999,
        0.999999
      ],
      "offmtx": [
        [
          1,
          0,
          0,
          0
        ],
        [
          0,
          1,
          0,
          0
        ],
        [
          0,
          0,
          1,
          0
        ]
      ],
      "boundingbox": [
        [
          0,
          0,
          0
        ],
        [
          0,
          0,
          0
        ]
      ]
    },
    {
      "name": "Bone001_NTES",
      "parent": "root",
      "initpos": [
        -0.051655,
        -0.000001,
        -33.145244
      ],
      "initquaternion": [
        -0.502095,
        -0.497895,
        -0.497893,
        0.502097
      ],
      "initscale": [
        0.999999,
        0.999999,
        0.999999
      ],
      "offmtx": [
        [
          0.008403,
          -0.999964,
          0,
          33.144508
        ],
        [
          0.999964,
          0.008403,
          0.000003,
          -0.226867
        ],
        [
          -0.000003,
          0,
          0.999999,
          0.000001
        ]
      ],
      "boundingbox": [
        [
          -2.43147,
          -7.472654,
          0.267521
        ],
        [
          9.399308,
          7.554944,
          7.097899
        ]
      ]
    },
    {
      "name": "Bone002_NTES",
      "parent": "Bone001_NTES",
      "initpos": [
        -1.477298,
        4.559292,
        4.75642
      ],
      "initquaternion": [
        0.141281,
        -0.140396,
        0.261991,
        0.944292
      ],
      "initscale": [
        0.999999,
        0.999999,
        0.999999
      ],
      "offmtx": [
        [
          0.462023,
          -0.819445,
          0.33918,
          24.712539
        ],
        [
          0.818279,
          0.541358,
          0.193259,
          -23.36137
        ],
        [
          -0.341984,
          0.188253,
          0.920655,
          -9.366836
        ]
      ],
      "boundingbox": [
        [
          0.233344,
          -1.895092,
          -2.112751
        ],
        [
          9.294315,
          4.252658,
          2.58496
        ]
      ]
    },
    {
      "name": "Bone003_NTES",
      "parent": "Bone002_NTES",
      "initpos": [
        7.535739,
        -0.000005,
        0
      ],
      "initquaternion": [
        -0.03337,
        0.026957,
        -0.035479,
        0.998449
      ],
      "initscale": [
        0.999999,
        0.999999,
        0.999999
      ],
      "offmtx": [
        [
          0.418341,
          -0.865208,
          0.276413,
          19.287803
        ],
        [
          0.869742,
          0.469302,
          0.152652,
          -21.422359
        ],
        [
          -0.261797,
          0.176547,
          0.948837,
          -9.879087
        ]
      ],
      "boundingbox": [
        [
          -0.099964,
          -2.959783,
          -3.203831
        ],
        [
          7.286924,
          2.388564,
          1.708942
        ]
      ]
    },
    {
      "name": "Bone004_NTES",
      "parent": "Bone003_NTES",
      "initpos": [
        5.38759,
        -0.000011,
        0
      ],
      "initquaternion": [
        0.046553,
        -0.018932,
        -0.109885,
        0.992672
      ],
      "initscale": [
        0.999999,
        0.999999,
        0.999999
      ],
      "offmtx": [
        [
          0.209499,
          -0.942074,
          0.261925,
          17.995588
        ],
        [
          0.910211,
          0.285756,
          0.299763,
          -18.758331
        ],
        [
          -0.357247,
          0.175607,
          0.917353,
          -8.603066
        ]
      ],
      "boundingbox": [
        [
          -1.256056,
          -3.795211,
          -3.354823
        ],
        [
          6.53511,
          2.605475,
          3.607266
        ]
      ]
    },
    {
      "name": "Bone005_NTES",
      "parent": "Bone004_NTES",
      "initpos": [
        5.294694,
        -0.000001,
        0
      ],
      "initquaternion": [
        0.023652,
        0.005112,
        -0.137155,
        0.990253
      ],
      "initscale": [
        0.999999,
        1,
        0.999999
      ],
      "offmtx": [
        [
          -0.039486,
          -0.987051,
          0.155462,
          17.45623
        ],
        [
          0.915672,
          0.026535,
          0.401048,
          -14.96942
        ],
        [
          -0.399981,
          0.158188,
          0.902768,
          -7.641779
        ]
      ],
      "boundingbox": [
        [
          -1.696172,
          -5.278511,
          -3.888119
        ],
        [
          8.516573,
          3.394492,
          4.667847
        ]
      ]
    },
    {
      "name": "Bone006_NTES",
      "parent": "Bone001_NTES",
      "initpos": [
        -1.554817,
        -4.664281,
        4.756451
      ],
      "initquaternion": [
        -0.142459,
        -0.139204,
        -0.269916,
        0.942057
      ],
      "initscale": [
        1,
        0.999999,
        1
      ],
      "offmtx": [
        [
          -0.462023,
          -0.819445,
          0.33918,
          24.604515
        ],
        [
          0.818279,
          -0.541359,
          -0.193259,
          23.552694
        ],
        [
          0.341984,
          0.188254,
          0.920655,
          -9.286891
        ]
      ],
      "boundingbox": [
        [
          0.125325,
          -4.061331,
          -2.032795
        ],
        [
          9.186297,
          2.086419,
          2.66492
        ]
      ]
    },
    {
      "name": "Bone007_NTES",
      "parent": "Bone006_NTES",
      "initpos": [
        7.535737,
        0.000003,
        -0.000002
      ],
      "initquaternion": [
        0.03337,
        0.026957,
        0.035479,
        0.998449
      ],
      "initscale": [
        0.999999,
        0.999999,
        0.999999
      ],
      "offmtx": [
        [
          -0.418341,
          -0.865208,
          0.276413,
          19.190004
        ],
        [
          0.869742,
          -0.469302,
          -0.152651,
          21.625717
        ],
        [
          0.261797,
          0.176547,
          0.948837,
          -9.817876
        ]
      ],
      "boundingbox": [
        [
          -0.197761,
          -2.185201,
          -3.142617
        ],
        [
          7.189126,
          3.163143,
          1.770155
        ]
      ]
    },
    {
      "name": "Bone008_NTES",
      "parent": "Bone007_NTES",
      "initpos": [
        5.387595,
        0.000015,
        0.000007
      ],
      "initquaternion": [
        -0.046553,
        -0.018932,
        0.109885,
        0.992672
      ],
      "initscale": [
        0.999999,
        0.999999,
        0.999999
      ],
      "offmtx": [
        [
          -0.209499,
          -0.942074,
          0.261925,
          17.946609
        ],
        [
          0.910211,
          -0.285756,
          -0.299762,
          18.971149
        ],
        [
          0.357246,
          0.175607,
          0.917353,
          -8.519557
        ]
      ],
      "boundingbox": [
        [
          -1.305035,
          -2.392658,
          -3.271299
        ],
        [
          6.486133,
          4.008036,
          3.690791
        ]
      ]
    },
    {
      "name": "Bone009_NTES",
      "parent": "Bone008_NTES",
      "initpos": [
        5.294696,
        0.000001,
        -0.000001
      ],
      "initquaternion": [
        -0.023652,
        0.005112,
        0.137155,
        0.990253
      ],
      "initscale": [
        0.999999,
        0.999999,
        0.999999
      ],
      "offmtx": [
        [
          0.039486,
          -0.987051,
          0.155463,
          17.465463
        ],
        [
          0.915672,
          -0.026535,
          -0.401047,
          15.18351
        ],
        [
          0.39998,
          0.158189,
          0.902768,
          -7.548277
        ]
      ],
      "boundingbox": [
        [
          -1.686935,
          -3.180393,
          -3.794599
        ],
        [
          8.525812,
          5.492606,
          4.761365
        ]
      ]
    }
  ],
  "boundingbox": [
    [
      -14.936675,
      11.12766,
      0.267537
    ],
    [
      14.936675,
      35.525974,
      16.719247
    ]
  ]
}
