{"skeleton":[{"name":"root","parent":"root","initpos":[0.0,0.0,-0.0],"initquaternion":[0.707106,0.0,0.0,0.707106],"initscale":[1.0,0.999999,0.999999],"offmtx":[[1.0,0.0,0.0,0.0],[-0.0,0.0,0.999999,0.0],[0.0,-0.999999,0.0,0.0]],"boundingbox":[[-1.488162,-1.477683,-4.274367],[1.278562,1.477682,8.322617]]},{"name":"Bone001","parent":"root","initpos":[-0.0,0.066724,6.552294],"initquaternion":[0.707106,-0.000318,-0.707106,0.000401],"initscale":[0.999999,0.999999,1.0],"offmtx":[[0.0,0.999999,-0.001017,6.552359],[0.000117,-0.001017,-0.999999,0.060055],[-1.0,-0.0,-0.000117,7e-06]],"boundingbox":[[10.354601,-2.430999,-1.959817],[16.444805,1.332201,1.959788]]},{"name":"Bone005","parent":"Bone001","initpos":[15.272667,0.13214,9.536706784274429e-07],"initquaternion":[2e-06,8.757060641073622e-07,-0.437133,0.899396],"initscale":[0.999999,0.999999,1.0],"offmtx":[[-8.8e-05,0.618628,0.785683,-5.330976],[6.9e-05,0.785683,-0.618628,-6.901427],[-1.0,-2.46309326712435e-07,-0.000112,8e-06]],"boundingbox":[[-0.291172,-1.638353,-2.95328],[5.879829,1.016086,2.952222]]},{"name":"Bone003","parent":"Bone001","initpos":[12.540659,0.47947,1e-06],"initquaternion":[9.85055976343574e-07,-1e-06,0.806906,0.590678],"initscale":[0.999999,0.999999,1.0],"offmtx":[[0.000107,-0.303167,-0.952937,1.409844],[-3.3e-05,-0.952937,0.303167,5.835066],[-0.999999,-6.070440008443256e-07,-0.000113,1e-05]],"boundingbox":[[-0.602372,-3.020325,-1.749656],[5.514882,1.56717,1.750702]]},{"name":"Bone006","parent":"Bone003","initpos":[5.297856,0.0,-0.0],"initquaternion":[1.6627147658709873e-07,1.9186451538644178e-07,0.159287,0.987232],"initscale":[0.999999,0.999999,1.0],"offmtx":[[9.2e-05,-0.587489,-0.809231,-1.855542],[-6.6e-05,-0.809231,0.587489,6.761775],[-1.0,-4.833491402678192e-07,-0.000113,7e-06]],"boundingbox":[[0.019329,-0.613641,-1.686688],[3.329114,0.986665,1.687955]]},{"name":"Bone004","parent":"Bone001","initpos":[15.677317,1.134056,-4.3e-05],"initquaternion":[1e-06,-1e-06,0.702064,0.712113],"initscale":[1.0,1.0,1.0],"offmtx":[[0.000112,0.013193,-0.999912,-1.203568],[1e-06,-0.999912,-0.013193,9.108774],[-1.0,2.714127447234205e-07,-0.000113,5.1e-05]],"boundingbox":[[-0.377938,-1.552078,-2.473149],[4.021388,1.381274,2.473917]]}],"boundingbox":[[-2.952751,-8.322617,-8.495602],[2.952751,12.810581,4.79476]]}