{"skeleton":[{"name":"root","parent":"root","initpos":[0.0,0.0,-0.0],"initquaternion":[0.707106,0.0,0.0,0.707106],"initscale":[1.0,0.999999,0.999999],"offmtx":[[1.0,0.0,0.0,0.0],[0.0,1.0,0.0,0.0],[0.0,0.0,1.0,0.0]],"boundingbox":[[0.0,0.0,0.0],[0.0,0.0,0.0]]},{"name":"Bone001","parent":"root","initpos":[-5.097156,2.076337,-23.174816],"initquaternion":[-0.087403,-0.778683,0.069302,0.617421],"initscale":[1.0,1.0,1.0],"offmtx":[[-0.222302,-0.949437,0.221697,20.409614],[0.050542,0.215858,0.975115,-6.769539],[-0.973666,0.227975,4.842876251132111e-07,-10.24623]],"boundingbox":[[0.104433,-0.522343,-2.957806],[7.18429,0.701038,2.38829]]},{"name":"Bone002","parent":"Bone001","initpos":[6.884359,4.76837158203125e-07,9.5367431640625e-07],"initquaternion":[0.0,-0.0,0.007854,0.999969],"initscale":[1.0,1.0,1.0],"offmtx":[[-0.221481,-0.945929,0.236987,13.417243],[0.054027,0.230747,0.971512,-6.981175],[-0.973666,0.227975,3.6880362586089177e-07,-10.24623]],"boundingbox":[[-0.254838,-0.64941,-3.967348],[7.33897,0.738484,3.097837]]},{"name":"Bone003","parent":"Bone002","initpos":[6.652455,9.5367431640625e-07,-9.5367431640625e-07],"initquaternion":[1e-06,-0.0,-0.008195,0.999966],"initscale":[0.999999,0.999999,1.0],"offmtx":[[-0.222337,-0.949584,0.221032,6.878301],[0.050387,0.215212,0.975266,-6.869391],[-0.973666,0.227975,-2e-06,-10.246211]],"boundingbox":[[-0.388372,-0.665102,-4.472117],[3.916,0.720474,3.45261]]},{"name":"Bone004","parent":"Bone003","initpos":[3.693628,-9.5367431640625e-07,9.5367431640625e-07],"initquaternion":[9.55532414081972e-07,0.0,0.003091,0.999995],"initscale":[1.0,1.0,1.0],"offmtx":[[-0.222021,-0.948235,0.227059,3.142134],[0.051759,0.221081,0.97388,-6.888972],[-0.973666,0.227974,-4e-06,-10.246197]],"boundingbox":[[-0.818313,-0.950373,-4.915701],[7.012104,0.745495,4.616197]]}],"boundingbox":[[-14.489772,0.432606,1.624932],[-3.22271,23.445466,7.922554]]}