{"skeleton":[{"name":"root","parent":"root","initpos":[0.0,0.0,-0.0],"initquaternion":[0.707106,0.0,0.0,0.707106],"initscale":[1.0,0.999999,0.999999],"offmtx":[[1.0,0.0,0.0,0.0],[0.0,1.0,0.0,0.0],[0.0,0.0,1.0,0.0]],"boundingbox":[[0.0,0.0,0.0],[0.0,0.0,0.0]]},{"name":"bone01","parent":"root","initpos":[5.834552894157241e-07,13.347901,-9.304081],"initquaternion":[0.500779,-0.499219,0.500779,-0.499219],"initscale":[0.999999,0.999999,1.0],"offmtx":[[-1.629199033459372e-07,-0.003119,-0.999995,13.376867],[-1.634290072161093e-07,0.999995,-0.003119,-9.262392],[1.0,1.6291988913508249e-07,-1.634289930052546e-07,0.0]],"boundingbox":[[-12.484658,-9.20379,-7.429946],[37.433273,12.539313,7.378826]]},{"name":"bone02","parent":"bone01","initpos":[-5.397048,2.244031,-9.53673918502318e-07],"initquaternion":[2.4774814733063977e-07,0.0,0.793746,0.608249],"initscale":[1.0,1.0,1.0],"offmtx":[[2.1040573017216957e-07,0.966397,0.257051,-15.992951],[5.892306944588199e-07,-0.257051,0.966397,-15.135493],[1.0,-0.0,-6.235162572920672e-07,1.2e-05]],"boundingbox":[[-7.713482,-1.347986,-8.077737],[8.855802,1.518753,8.077726]]},{"name":"bone03","parent":"bone01","initpos":[7.923054,-4.93014,-4.928019],"initquaternion":[0.151364,0.698314,-0.690163,0.114543],"initscale":[1.0,0.999999,0.999999],"offmtx":[[-0.368906,0.056186,0.927766,-7.10965],[-0.929226,0.000373,-0.36951,-2.570635],[-0.021107,-0.99842,0.052072,3.955063]],"boundingbox":[[-1.024254,-0.582794,-1.035005],[14.557346,5.091225,0.191488]]},{"name":"bone04","parent":"bone03","initpos":[14.570213,-5e-06,2.384185791015625e-07],"initquaternion":[-0.008872,-0.042224,-0.188591,0.981107],"initscale":[0.999999,0.999999,0.999999],"offmtx":[[4.100148203178833e-07,-0.034212,0.999414,-18.770114],[-0.999742,0.022662,0.000776,-10.432246],[-0.022675,-0.999157,-0.034204,5.578362]],"boundingbox":[[0.002422,-1.19859,-0.312917],[4.226438,1.267654,0.19807]]},{"name":"bone05","parent":"bone01","initpos":[-8.301479,1.864033,-9.536741458759934e-07],"initquaternion":[0.0,-0.0,0.999027,0.044099],"initscale":[1.0,1.0,1.0],"offmtx":[[2.3530873249910655e-07,0.09122,0.99583,-22.574413],[0.0,-0.99583,0.09122,9.172996],[1.0,0.0,-2.425124705496273e-07,3e-06]],"boundingbox":[[0.049293,-1.70115,-2.809656],[8.49249,1.845282,2.809639]]},{"name":"bone06","parent":"bone05","initpos":[8.132514,-3e-06,-9.654290806793142e-07],"initquaternion":[-0.0,0.0,-0.177792,0.984067],"initscale":[0.999999,0.999999,1.0],"offmtx":[[1.8903537579717522e-07,0.433915,0.900953,-31.975433],[0.0,-0.900953,0.433915,-2.15191],[1.0,-0.0,-1.8937888057735108e-07,4e-06]],"boundingbox":[[-0.240419,-0.686092,-10.210003],[17.756381,1.085388,10.209981]]},{"name":"bone07","parent":"bone01","initpos":[9.151274,-6.838411,-4.125625],"initquaternion":[0.470872,0.527521,-0.526049,0.472516],"initscale":[0.999999,0.999999,0.999999],"offmtx":[[-0.993929,-1.6772260380548687e-07,0.110014,-4.564626],[-0.110014,1e-06,-0.99393,3.738522],[0.0,-0.999999,-1e-06,2.437156]],"boundingbox":[[-0.298619,-3.187351,-0.63149],[10.44273,4.146903,0.560661]]},{"name":"bone08","parent":"bone07","initpos":[9.82518,-1e-06,-0.0],"initquaternion":[1.3435636958547548e-07,1.969562930526081e-07,-0.563531,0.826094],"initscale":[0.999999,0.999999,1.0],"offmtx":[[-0.260219,-6.561204486388306e-07,0.965549,-8.731122],[-0.965549,2.638424803080852e-07,-0.260219,-12.033723],[-0.0,-0.999999,-7.021736792012234e-07,2.437152]],"boundingbox":[[-0.282097,-0.577316,-0.688234],[4.987508,0.483938,0.609616]]},{"name":"bone09","parent":"bone01","initpos":[16.532234,-5.561015,-4.704003],"initquaternion":[0.443949,0.550371,-0.548983,0.445664],"initscale":[0.999999,0.999999,0.999999],"offmtx":[[-0.978004,-0.0,0.208584,-3.93997],[-0.208584,0.0,-0.978004,-4.078426],[0.0,-1.0,-0.0,3.691512]],"boundingbox":[[-0.608307,-4.412409,-1.389472],[15.992154,6.072951,1.170652]]},{"name":"bone10","parent":"bone09","initpos":[13.473593,-9.5367431640625e-07,-0.0],"initquaternion":[0.0,0.0,-0.482712,0.875778],"initscale":[0.999999,0.999999,1.0],"offmtx":[[-0.345874,-0.0,0.93828,-5.850151],[-0.93828,-0.0,-0.345874,-16.900932],[0.0,-1.0,-0.0,3.691512]],"boundingbox":[[-0.066754,-2.647223,-0.714749],[9.411052,1.998306,0.35546]]},{"name":"bone11","parent":"bone01","initpos":[20.717952,-5.527036,1e-06],"initquaternion":[0.0,0.0,0.193204,0.981158],"initscale":[0.999999,0.999999,1.0],"offmtx":[[-2.1271756622809335e-07,0.376239,-0.926522,-8.209211],[-0.0,0.926522,0.376239,-0.673271],[1.0,1.6291987492422777e-07,-1.634289930052546e-07,-1e-06]],"boundingbox":[[-1.437203,-3.345341,-4.789246],[15.816973,4.76846,4.789246]]},{"name":"bind","parent":"bone01","initpos":[13.750302,6.245336,-0.049645],"initquaternion":[-0.505245,-0.494698,0.506787,0.493119],"initscale":[0.999999,0.999999,0.999999],"offmtx":[[-0.024213,0.999706,2.83121039501566e-07,-15.503141],[-0.999706,-0.024213,1.5999796687538037e-07,0.325827],[1.6680637315857894e-07,-2.791640554278274e-07,1.0,0.421823]],"boundingbox":[[0.410089,5.034383,6.034224],[0.410089,5.034383,6.034224]]},{"name":"bone12","parent":"bone01","initpos":[16.53223,-5.561016,4.703996],"initquaternion":[0.445664,-0.548983,0.550371,0.443949],"initscale":[0.999999,0.999999,0.999999],"offmtx":[[0.978004,-0.0,0.208584,-3.939961],[-0.208584,-1.4178317542246077e-07,0.978004,4.078423],[-0.0,-1.0,-1.4539834580773459e-07,3.691513]],"boundingbox":[[-0.611808,-6.072949,-1.389463],[15.992156,4.413156,1.17066]]},{"name":"bone13","parent":"bone12","initpos":[13.473594,-3e-06,1e-06],"initquaternion":[-0.0,-0.0,0.482712,0.875779],"initscale":[1.0,1.0,1.0],"offmtx":[[0.345874,-1.371160180951847e-07,0.93828,-5.850149],[-0.93828,0.0,0.345874,16.900926],[-0.0,-1.0,-1.211728033467807e-07,3.691512]],"boundingbox":[[-0.066749,-1.9983,-0.71474],[9.411058,2.647228,0.355468]]},{"name":"bone14","parent":"bone01","initpos":[9.151272,-6.838411,4.126059],"initquaternion":[0.472516,-0.526049,0.527521,0.470872],"initscale":[0.999999,0.999999,0.999999],"offmtx":[[0.993929,-2.014303674968687e-07,0.110015,-4.565057],[-0.110015,-1e-06,0.99393,-3.738474],[-0.0,-0.999999,-1e-06,2.437157]],"boundingbox":[[-0.299059,-4.146858,-0.631489],[10.442291,3.187402,0.560662]]},{"name":"bone15","parent":"bone14","initpos":[9.825176,-3e-06,1e-06],"initquaternion":[5.887345082555839e-07,-4.3996098497700586e-07,0.563531,0.826094],"initscale":[0.999999,0.999999,1.0],"offmtx":[[0.260219,-2e-06,0.965549,-8.731227],[-0.965549,-6.832125336586614e-07,0.260219,12.034145],[0.0,-0.999999,-2e-06,2.437161]],"boundingbox":[[-0.282209,-0.483507,-0.688238],[4.987402,0.577747,0.60962]]},{"name":"bone16","parent":"bone01","initpos":[7.923051,-4.930141,4.928542],"initquaternion":[0.114543,-0.690163,0.698314,0.151364],"initscale":[0.999999,0.999999,0.999999],"offmtx":[[0.368906,0.056187,0.927766,-7.109844],[-0.929226,-0.000373,0.369509,2.571122],[0.021108,-0.99842,0.052072,3.955053]],"boundingbox":[[-1.233811,-4.563376,-1.046992],[14.347788,1.110644,0.179506]]},{"name":"bone17","parent":"bone16","initpos":[14.570207,5e-06,1e-06],"initquaternion":[0.008872,-0.042224,0.188591,0.981107],"initscale":[0.999999,0.999999,0.999999],"offmtx":[[-3.1362276331492467e-07,-0.034212,0.999414,-18.770105],[-0.999742,-0.022662,-0.000776,10.432769],[0.022675,-0.999157,-0.034204,5.578349]],"boundingbox":[[0.002426,-0.699743,-0.325791],[4.226442,1.766501,0.185196]]}],"boundingbox":[[-22.22949,0.072166,-24.123338],[22.229476,21.729228,45.978332]]}