{"skeleton":[{"name":"root","parent":"root","initpos":[0.0,0.0,-0.0],"initquaternion":[-1.1920928955078125e-07,-0.0,0.0,1.0],"initscale":[1.0,0.999999,0.999999],"offmtx":[[1.0,0.0,0.0,0.0],[0.0,1.0,0.0,0.0],[0.0,0.0,1.0,0.0]],"boundingbox":[[0.0,0.0,0.0],[0.0,0.0,0.0]]},{"name":"Bone001","parent":"root","initpos":[2e-06,12.473399,5.791552],"initquaternion":[0.707106,-0.0,-0.707106,-0.0],"initscale":[1.0,0.999999,0.999999],"offmtx":[[0.0,0.0,-1.0,5.791554],[1.986953179766715e-07,-1.0,0.0,12.473408],[-1.0,-1.9869533218752622e-07,-0.0,2e-06]],"boundingbox":[[-4.86755,-5.212816,-7.260551],[18.23689,6.791693,7.260556]]},{"name":"Bone009","parent":"Bone001","initpos":[5.046635,1.730699,-7.639979],"initquaternion":[-0.20734,-0.01844,0.926268,-0.31416],"initscale":[0.999999,0.999999,0.999999],"offmtx":[[0.129015,0.597423,0.791479,-7.993218],[-0.096115,0.801925,-0.58964,-7.441314],[-0.986973,-2.2351734685344127e-07,0.160882,7.420618]],"boundingbox":[[-0.268913,-4.610147,-0.529403],[11.763317,3.681135,0.392539]]},{"name":"Bone007","parent":"Bone001","initpos":[-0.892777,6.74179,-4.206508],"initquaternion":[-0.0,-1.488753440526125e-07,0.707106,0.707106],"initscale":[1.0,1.0,1.0],"offmtx":[[1.6292068494294654e-07,-1.0,0.0,5.731616],[0.0,0.0,1.0,-6.68433],[-1.0,-1.6292069915380125e-07,0.0,4.206512]],"boundingbox":[[0.020426,-2.933901,-2.932441],[5.731597,3.00756,2.916902]]},{"name":"Bone005","parent":"Bone001","initpos":[12.957222,6.741785,-4.206508],"initquaternion":[-0.0,-1.6994890472687985e-07,0.707106,0.707106],"initscale":[1.0,1.0,1.0],"offmtx":[[2.1330397714791616e-07,-1.0,0.0,5.731616],[0.0,0.0,1.0,7.165669],[-1.0,-2.1330403399133502e-07,0.0,4.206512]],"boundingbox":[[0.020423,-2.901241,-2.932446],[5.731595,3.040218,2.916897]]},{"name":"Bone002","parent":"Bone001","initpos":[13.666808,-3.336506,2e-06],"initquaternion":[0.0,0.0,0.0,1.0],"initscale":[1.0,1.0,1.0],"offmtx":[[1.6292067073209182e-07,0.0,-1.0,-7.875252],[8.503780577484576e-07,-1.0,0.0,15.809932],[-1.0,-8.503780577484576e-07,-1.629206423103824e-07,1.1e-05]],"boundingbox":[[-6.651444,-6.804481,-7.783773],[9.100328,6.736529,7.783779]]},{"name":"Bone003","parent":"Bone002","initpos":[5.844942,6.759767,-7.924600140540861e-07],"initquaternion":[1.32558866994259e-07,-1.3255883857254958e-07,0.707106,0.707106],"initscale":[0.999999,0.999999,1.0],"offmtx":[[6.028111556588556e-07,-1.0,0.0,9.050142],[1.6292054283439938e-07,0.0,1.0,13.720239],[-1.0,-6.028110988154367e-07,1.6292057125610881e-07,1.2e-05]],"boundingbox":[[0.111496,-1.505145,-4.378889],[2.973891,1.442555,4.378902]]},{"name":"Bone011","parent":"Bone002","initpos":[7.195437,-4.585002,0.027505],"initquaternion":[0.901004,-0.43381,-0.0,-3.885874946263357e-07],"initscale":[1.0,0.999999,0.999999],"offmtx":[[-2.90572756966867e-07,0.78173,-0.623617,-25.34169],[2.387977531270735e-07,0.623617,0.78173,-0.937441],[1.0,0.0,-3.678814550767129e-07,0.027504]],"boundingbox":[[-0.18005,-2.814869,-1.672652],[11.230888,2.988862,1.681619]]},{"name":"Bone012","parent":"Bone002","initpos":[2.413134,-9.194103,0.078814],"initquaternion":[-0.041197,0.99915,6.709742592647672e-07,-0.0],"initscale":[0.999999,0.999999,0.999999],"offmtx":[[0.0,0.082326,0.996605,8.195032],[-1.801930693545728e-07,-0.996605,0.082326,25.766143],[1.0,-1.8718496619385405e-07,-0.0,0.078827]],"boundingbox":[[-1.766107,-2.113777,-5.848481],[3.238371,2.570362,5.864422]]},{"name":"Bone013","parent":"Bone012","initpos":[1.431169,-0.07192,3e-06],"initquaternion":[2.413020752101147e-07,-0.0,0.043225,0.999065],"initscale":[1.0,1.0,1.0],"offmtx":[[4.2150836065957265e-07,-0.004057,0.999991,8.97015],[2.8934042006767413e-07,-0.999991,-0.004057,25.157337],[1.0,2.910481953222188e-07,-4.2033099134641816e-07,0.078812]],"boundingbox":[[-0.770447,-5.054387,-6.371713],[9.766887,3.791633,6.283431]]},{"name":"Bone014","parent":"Bone013","initpos":[9.762955,-0.003517,-4.246830940246582e-07],"initquaternion":[2.317001701612753e-07,-0.0,-0.235719,0.971821],"initscale":[0.999999,0.999999,1.0],"offmtx":[[3.11762647697833e-07,0.454544,0.890724,-12.232263],[8.759650995671109e-07,-0.890724,0.454544,22.001586],[1.0,6.385333790603909e-07,-6.758593258382461e-07,0.078803]],"boundingbox":[[-2.705802,-2.181406,-3.605813],[3.19986,3.979933,4.408247]]},{"name":"Bone004","parent":"Bone001","initpos":[12.957222,6.741783,4.193491],"initquaternion":[0.707106,0.707106,1.9106386162093258e-07,0.0],"initscale":[1.0,0.999999,0.999999],"offmtx":[[1.6975981509403937e-07,-1.0,0.0,5.731618],[0.0,0.0,-1.0,-7.165669],[1.0,1.6975982930489408e-07,0.0,4.193487]],"boundingbox":[[0.020424,-3.040215,-2.945477],[5.731595,2.901243,2.903867]]},{"name":"Bone006","parent":"Bone001","initpos":[-0.892777,6.741789,4.193491],"initquaternion":[0.707106,0.707106,3.1610846917828894e-07,2.9642382060046657e-07],"initscale":[0.999999,0.999999,1.0],"offmtx":[[1.9955344043864898e-07,-1.0,0.0,5.731618],[-3.253756801768759e-07,-0.0,-1.0,6.684328],[1.0,1.9955344043864898e-07,-3.2537573702029476e-07,4.193489]],"boundingbox":[[0.020427,-3.007558,-2.945482],[5.731597,2.933904,2.903863]]},{"name":"Bone008","parent":"Bone001","initpos":[5.04663,1.730696,7.66002],"initquaternion":[-0.31416,0.926268,-0.01844,-0.20734],"initscale":[1.0,0.999999,0.999999],"offmtx":[[-0.129015,0.597423,0.791479,-7.995802],[-0.096115,-0.801926,0.58964,7.439387],[0.986973,0.0,0.160882,7.440388]],"boundingbox":[[-0.271499,-3.683068,-0.509646],[11.760732,4.608213,0.412295]]},{"name":"Bone026","parent":"Bone001","initpos":[-4.867551,-4.059496,0.927927],"initquaternion":[-2.8668560503319895e-07,4.410012763855775e-07,-0.751501,0.659731],"initscale":[0.999999,0.999999,1.0],"offmtx":[[4.30750702662408e-07,0.991578,0.129508,-17.774168],[1e-06,0.129508,-0.991578,8.428221],[-1.0,5.895578851777827e-07,-1e-06,-0.927926]],"boundingbox":[[-1.779331,-1.594079,-3.138697],[4.803285,0.608684,3.125168]]},{"name":"Bone027","parent":"Bone026","initpos":[4.73973,-6.9e-05,-1e-06],"initquaternion":[-2.866561885639385e-07,0.0,-0.80442,0.59406],"initscale":[1.0,1.0,1.0],"offmtx":[[-1e-06,-0.415483,0.9096,-1.432059],[0.0,0.9096,0.415483,-23.997001],[-1.0,5.895578851777827e-07,-1e-06,-0.927925]],"boundingbox":[[-0.375751,-2.332208,-3.138701],[9.448638,5.226761,3.125169]]},{"name":"Bone028","parent":"Bone027","initpos":[6.761885,-4.9e-05,-0.0],"initquaternion":[0.0,2.0301818892676238e-07,-0.434563,0.900641],"initscale":[0.999999,0.999999,1.0],"offmtx":[[-3.8144409586493566e-07,-0.970568,0.240824,13.684954],[-1e-06,0.240824,0.970568,-21.347583],[-1.0,1.267546849703649e-07,-1e-06,-0.927919]],"boundingbox":[[-5.147994,-2.877048,-3.1387],[6.547884,2.365972,3.125163]]},{"name":"Bone029","parent":"Bone028","initpos":[5.762511,4.7e-05,-7.152557373046875e-07],"initquaternion":[6.42888323909574e-07,-4.269427904546319e-07,0.616106,0.787662],"initscale":[0.999999,0.999999,1.0],"offmtx":[[2e-06,0.0,1.0,-18.811368],[-3.5008270060643554e-07,1.0,0.0,-12.830309],[-1.0,-3.5008272902814497e-07,2e-06,-0.927981]],"boundingbox":[[-3.6e-05,-0.809207,-3.1387],[3.868828,3.24388,-0.421278]]},{"name":"Bone010","parent":"Bone001","initpos":[-4.857151,-3.807997,-3.043391],"initquaternion":[-0.206096,0.978531,1.95758545373792e-07,-0.0],"initscale":[1.0,0.999999,0.999999],"offmtx":[[-0.0,0.403344,0.915048,-16.31105],[-1.442134163198716e-07,-0.915048,0.403344,10.603179],[1.0,-0.0,1.3189202263674815e-07,-3.043389]],"boundingbox":[[-0.222633,-0.522653,-0.832624],[1.9276,1.274061,0.825456]]},{"name":"Bone022","parent":"Bone010","initpos":[1.42748,-3.5e-05,-2.384185791015625e-07],"initquaternion":[-0.0,0.0,-0.547142,0.837039],"initscale":[0.999999,0.999999,1.0],"offmtx":[[0.0,0.999997,-0.002266,-16.830028],[-1.3166973644729296e-07,0.002266,0.999997,-11.993066],[1.0,-0.0,1.3189554692871752e-07,-3.043389]],"boundingbox":[[-0.001233,-0.558854,-0.832624],[1.336946,0.549558,0.825456]]},{"name":"Bone023","parent":"Bone022","initpos":[1.335706,2.8e-05,-2.384185791015625e-07],"initquaternion":[7.343405172832718e-07,-6.704552220071491e-07,0.707918,0.706293],"initscale":[0.999999,0.999999,1.0],"offmtx":[[1e-06,-3.1e-05,1.0,-11.951287],[-0.0,-1.0,-3.1e-05,18.193294],[1.0,-0.0,-1e-06,-3.04337]],"boundingbox":[[-0.555917,-2.855664,-0.832633],[4.648706,8.2e-05,0.825457]]},{"name":"Bone024","parent":"Bone023","initpos":[3.6864,-1.5e-05,3e-06],"initquaternion":[0.0,-0.0,0.618028,0.786155],"initscale":[0.999999,0.999999,1.0],"offmtx":[[8.532905440006289e-07,-0.97174,0.236052,13.987212],[-1e-06,-0.236052,-0.97174,19.490829],[1.0,5.093883714835101e-07,-1e-06,-3.043382]],"boundingbox":[[-0.229525,-0.935079,-0.832636],[4.657968,2.021019,0.82545]]},{"name":"Bone025","parent":"Bone024","initpos":[4.076705,1.5e-05,-2e-06],"initquaternion":[5.894092396374617e-07,7.497275191781227e-07,-0.61804,0.786146],"initscale":[1.0,1.0,1.0],"offmtx":[[2.39981659433397e-07,-0.0,0.999999,-16.60061],[5.093887125440233e-07,-0.999999,-0.0,14.231333],[1.0,5.093887693874422e-07,-2.39981858385363e-07,-3.043403]],"boundingbox":[[-5.4e-05,-1.566506,-0.832638],[2.026491,0.598211,0.825444]]},{"name":"Bind","parent":"Bone001","initpos":[0.122996,-6.603199,-1.3018734534853138e-07],"initquaternion":[-0.499999,0.5,0.5,-0.499999],"initscale":[1.0,0.999999,0.999999],"offmtx":[[0.0,1.0,0.0,-19.076631],[-1.0,0.0,-1.6292101179260499e-07,-0.0],[-1.6292098337089556e-07,0.0,1.0,-5.668553]],"boundingbox":[[-1.390411,-7.231066,4.990552],[-1.390411,-7.231066,4.990552]]}],"boundingbox":[[-9.182638,1.9e-05,-22.197467],[9.18262,30.228967,22.680192]]}