{"skeleton":[{"name":"root","parent":"root","initpos":[0.0,0.0,-0.0],"initquaternion":[0.707106,0.0,0.0,0.707106],"initscale":[1.0,0.999999,0.999999],"offmtx":[[1.0,0.0,0.0,0.0],[0.0,1.0,0.0,0.0],[0.0,0.0,1.0,0.0]],"boundingbox":[[0.0,0.0,0.0],[0.0,0.0,0.0]]},{"name":"bone01","parent":"root","initpos":[2.6195252189609164e-07,5.52215,-15.175371],"initquaternion":[0.570335,-0.417992,0.570335,-0.417991],"initscale":[0.999999,0.999999,1.0],"offmtx":[[-1.5180597756625502e-07,-0.301131,-0.953582,9.835605],[-3.3006870125973364e-07,0.953582,-0.301131,-12.808078],[1.0,2.690342455480277e-07,-2.4415354005213885e-07,-2e-06]],"boundingbox":[[-0.138943,-4.548346,-7.174324],[9.710273,3.784871,7.099276]]},{"name":"bone02","parent":"bone01","initpos":[8.128907,0.0,9.24010294056643e-07],"initquaternion":[0.0,-0.0,0.149185,0.988809],"initscale":[0.999999,0.999999,1.0],"offmtx":[[-0.0,-0.00639,-0.999979,-2.148056],[-2.705890267407085e-07,0.999979,-0.00639,-12.741491],[1.0,2.701029018226109e-07,-0.0,-3e-06]],"boundingbox":[[-0.028586,-7.52187,-7.918611],[14.337385,4.965173,7.907237]]},{"name":"bone03","parent":"bone01","initpos":[1.975894,-2.575105,-0.0],"initquaternion":[-0.0,-0.0,0.98235,0.187049],"initscale":[1.0,1.0,1.0],"offmtx":[[0.0,0.630498,0.77619,-11.070311],[1.8791476463775325e-07,-0.77619,0.630498,6.628501],[1.0,1.3332076775895985e-07,-1.339137725153705e-07,-1e-06]],"boundingbox":[[-0.046442,-8.199758,-9.299025],[21.847648,8.195058,9.500266]]},{"name":"bone04","parent":"bone03","initpos":[19.884525,-3e-06,1e-06],"initquaternion":[0.0,0.0,0.0,1.0],"initscale":[1.0,1.0,1.0],"offmtx":[[1.0730703081662796e-07,0.630497,0.77619,-30.954839],[1e-06,-0.77619,0.630497,6.628511],[1.0,9.356357395517989e-07,-8.98262669579708e-07,-8e-06]],"boundingbox":[[-0.109034,-6.958073,-6.777844],[5.655935,6.609313,6.702792]]},{"name":"bone34","parent":"bone03","initpos":[1.48956,-3.034542,8.958465],"initquaternion":[0.982418,0.166308,0.083638,-0.014158],"initscale":[0.999999,1.0,1.0],"offmtx":[[0.169045,0.335002,0.926929,-10.069055],[4.4330954551696777e-07,0.940463,-0.339893,-13.258572],[-0.985608,0.057457,0.15898,7.362289]],"boundingbox":[[0.077616,-2.654339,-0.837558],[25.574058,2.44003,0.810387]]},{"name":"bone19","parent":"bone03","initpos":[1.489559,-3.034546,-8.958469],"initquaternion":[-0.014158,0.083638,0.166308,0.982418],"initscale":[0.999999,0.999999,0.999999],"offmtx":[[-0.169045,0.335002,0.926928,-10.069056],[2.4959447841865767e-07,-0.940463,0.339893,13.258569],[0.985608,0.057457,0.15898,7.362292]],"boundingbox":[[0.090305,-2.440026,-0.911522],[25.586738,2.654339,0.736427]]},{"name":"bone05","parent":"bone01","initpos":[5.404555,-0.588527,-6.04702],"initquaternion":[0.215818,0.711867,-0.584378,0.324297],"initscale":[0.999999,0.999999,0.999999],"offmtx":[[-0.713953,0.141313,0.685785,-6.526708],[-0.692021,0.006793,-0.721845,-3.878995],[-0.106665,-0.989941,0.092941,12.160326]],"boundingbox":[[-0.108434,-0.621546,-0.880664],[10.277912,1.37653,0.900392]]},{"name":"bone06","parent":"bone05","initpos":[9.871904,4.76837158203125e-07,-0.0],"initquaternion":[-0.469978,-0.265188,-0.350869,0.765301],"initscale":[0.999999,1.0,0.999999],"offmtx":[[-0.317073,-0.64361,0.696583,0.008122],[-0.720431,0.641129,0.264444,-20.589258],[-0.6168,-0.417992,-0.666962,2.813691]],"boundingbox":[[-3.630212,-1.584905,-3.142638],[13.164426,5.172275,3.297474]]},{"name":"bone07","parent":"bone06","initpos":[12.734437,-3e-06,-2.384185791015625e-07],"initquaternion":[-0.063695,-0.155286,-0.277681,0.945897],"initscale":[0.999999,0.999999,1.0],"offmtx":[[-0.091697,-0.97501,0.202353,1.184722],[-0.75519,0.200544,0.624074,-24.28053],[-0.649059,-0.095589,-0.754707,1.686965]],"boundingbox":[[-0.138883,-1.089019,-1.360009],[6.073811,0.618856,1.677067]]},{"name":"bone08","parent":"bone01","initpos":[8.334794,-1.608205,-3.732497],"initquaternion":[0.653426,0.330649,-0.021758,0.68061],"initscale":[0.999999,0.999999,0.999999],"offmtx":[[-0.478522,0.148808,-0.865373,-5.122727],[0.875069,-0.000655,-0.483997,2.333822],[-0.07259,-0.988865,-0.129904,10.484848]],"boundingbox":[[0.022386,-1.005183,-0.963172],[12.281862,1.07651,1.121372]]},{"name":"bone09","parent":"bone08","initpos":[11.959205,-9.5367431640625e-07,9.5367431640625e-07],"initquaternion":[0.023966,-0.513832,0.012611,0.857463],"initscale":[1.0,1.0,1.0],"offmtx":[[-0.292324,-0.801785,-0.521235,1.181981],[0.893877,-0.035365,-0.446913,3.415601],[0.339895,-0.596564,0.727036,19.852148]],"boundingbox":[[-2.648746,-2.557996,-2.693685],[9.894071,2.558216,1.262147]]},{"name":"bone10","parent":"bone09","initpos":[9.283011,-5e-06,5e-06],"initquaternion":[-0.038961,-0.325499,0.128549,0.935952],"initscale":[0.999999,0.999999,0.999999],"offmtx":[[0.220742,-0.972308,-0.076733,6.688974],[0.871316,0.231942,-0.432447,1.927049],[0.43827,0.0286,0.898388,20.565622]],"boundingbox":[[0.049339,-1.179439,-0.563835],[5.474734,1.113376,0.7208]]},{"name":"bone11","parent":"bone01","initpos":[8.950548,-1.404981,-3.879548],"initquaternion":[0.544506,0.615016,-0.236665,0.5189],"initscale":[0.999999,0.999999,0.999999],"offmtx":[[-0.895995,0.364865,-0.25311,-8.196292],[0.273983,0.005664,-0.961717,-1.490885],[-0.349463,-0.931043,-0.105042,8.744308]],"boundingbox":[[0.220936,-1.027849,-0.978577],[9.533029,0.906187,1.384428]]},{"name":"bone12","parent":"bone11","initpos":[8.511718,-4.76837158203125e-07,9.5367431640625e-07],"initquaternion":[-0.011245,-0.360846,0.055577,0.930899],"initscale":[1.0,0.999999,0.999999],"offmtx":[[-0.860892,-0.356107,-0.363388,-6.556364],[0.378995,0.027672,-0.924984,-0.421854],[0.339449,-0.934035,0.11114,17.739202]],"boundingbox":[[-0.999379,-1.403157,-1.690136],[5.180339,1.373315,2.277626]]},{"name":"bone13","parent":"bone12","initpos":[4.424984,4.172325134277344e-07,-1e-06],"initquaternion":[0.028318,-0.305658,-0.031839,0.951187],"initscale":[0.999999,0.999999,0.999999],"offmtx":[[-0.531033,-0.832435,-0.158286,1.408613],[0.365271,-0.056332,-0.929195,0.405566],[0.764578,-0.551251,0.333979,20.815832]],"boundingbox":[[-6.550781,-2.670104,-6.160305],[10.041725,3.003919,1.576436]]},{"name":"bone14","parent":"bone13","initpos":[9.338207,-6.854534149169922e-07,1e-06],"initquaternion":[0.038925,-0.317444,0.021099,0.947242],"initscale":[1.0,1.0,0.999999],"offmtx":[[0.043106,-0.997207,0.060978,6.234497],[0.444329,-0.035531,-0.895158,2.17306],[0.894826,0.065682,0.441556,21.27794]],"boundingbox":[[-0.013079,-1.155641,-0.779937],[4.859262,1.264337,0.832962]]},{"name":"bone15","parent":"bone01","initpos":[6.97656,-0.121664,-6.463423],"initquaternion":[0.405439,0.662603,-0.433874,0.45643],"initscale":[1.0,1.0,1.0],"offmtx":[[-0.956683,0.211331,0.200236,-8.702944],[-0.204863,-1.452862647965958e-07,-0.97879,-2.394855],[-0.206849,-0.977414,0.043294,11.376222]],"boundingbox":[[0.049195,-1.015948,-0.664282],[9.573903,0.894127,1.432873]]},{"name":"bone16","parent":"bone15","initpos":[8.568756,-2.384185791015625e-07,-1e-06],"initquaternion":[-0.0,-0.203283,0.0,0.979119],"initscale":[0.999999,0.999999,0.999999],"offmtx":[[-0.959957,-0.195221,0.200921,-11.315604],[-0.204863,-1.1175867342672063e-07,-0.97879,-2.394856],[0.191081,-0.980758,-0.039993,17.311477]],"boundingbox":[[-0.318211,-1.53216,-1.61691],[6.012199,1.357687,2.293315]]},{"name":"bone17","parent":"bone16","initpos":[5.41458,4.76837158203125e-07,3e-06],"initquaternion":[-0.0,-0.337493,-0.0,0.941327],"initscale":[1.0,1.0,1.0],"offmtx":[[-0.619866,-0.773907,0.129739,-1.919557],[-0.204863,-0.0,-0.97879,-2.394855],[0.757493,-0.633297,-0.158545,23.997943]],"boundingbox":[[-7.824844,-3.104714,-7.393637],[11.612729,3.565296,1.904021]]},{"name":"bone18","parent":"bone17","initpos":[10.875866,-2.384185791015625e-07,-0.0],"initquaternion":[0.0,-0.327323,0.0,0.944912],"initscale":[1.0,1.0,1.0],"offmtx":[[-0.018467,-0.999821,0.003865,4.791131],[-0.20486,-0.0,-0.97879,-2.394774],[0.978616,-0.018867,-0.204824,26.770681]],"boundingbox":[[-0.018148,-1.393792,-1.083341],[5.373346,1.39854,0.622343]]},{"name":"bone20","parent":"bone01","initpos":[8.950544,-1.404982,3.879553],"initquaternion":[0.5189,-0.236665,0.615016,0.544505],"initscale":[0.999999,0.999999,0.999999],"offmtx":[[0.895996,0.364865,-0.25311,-8.196294],[0.273983,-0.005665,0.961717,1.490889],[0.349463,-0.931043,-0.105043,8.744308]],"boundingbox":[[0.191012,-1.166409,-0.988722],[9.503103,0.767626,1.374287]]},{"name":"bone21","parent":"bone20","initpos":[8.511716,-2e-06,3e-06],"initquaternion":[0.011244,-0.360846,-0.055577,0.930899],"initscale":[1.0,1.0,1.0],"offmtx":[[0.860892,-0.356107,-0.363388,-6.556362],[0.378995,-0.027672,0.924984,0.421854],[-0.339449,-0.934034,0.11114,17.7392]],"boundingbox":[[-0.99909,-1.635333,-1.682488],[5.180625,1.141136,2.285274]]},{"name":"bone22","parent":"bone21","initpos":[4.424984,1e-06,-0.0],"initquaternion":[-0.028318,-0.305657,0.031839,0.951187],"initscale":[0.999999,0.999999,0.999999],"offmtx":[[0.531033,-0.832435,-0.158285,1.408609],[0.365271,0.056332,0.929194,-0.405561],[-0.764578,-0.55125,0.333979,20.815822]],"boundingbox":[[-6.566521,-3.265556,-6.044431],[10.025979,2.408461,1.573455]]},{"name":"bone23","parent":"bone22","initpos":[9.338207,-2e-06,-1e-06],"initquaternion":[-0.038925,-0.317444,-0.021099,0.947242],"initscale":[0.999999,0.999999,0.999999],"offmtx":[[-0.043107,-0.997208,0.060979,6.234498],[0.444329,0.035531,0.895158,-2.173072],[-0.894825,0.065682,0.441556,21.277931]],"boundingbox":[[-0.02344,-1.525796,-0.795667],[4.848903,0.894186,0.81723]]},{"name":"bone24","parent":"bone01","initpos":[8.334794,-1.608208,3.732501],"initquaternion":[0.680611,-0.021758,0.330649,0.653426],"initscale":[0.999999,0.999999,0.999999],"offmtx":[[0.478522,0.148808,-0.865373,-5.122726],[0.875069,0.000656,0.483996,-2.333827],[0.07259,-0.988865,-0.129904,10.484848]],"boundingbox":[[0.182831,-1.282405,-0.939167],[12.442308,0.799287,1.145372]]},{"name":"bone25","parent":"bone24","initpos":[11.959204,2.384185791015625e-07,3e-06],"initquaternion":[-0.023966,-0.513832,-0.012611,0.857463],"initscale":[1.0,1.0,0.999999],"offmtx":[[0.292324,-0.801785,-0.521235,1.18198],[0.893877,0.035365,0.446913,-3.415604],[-0.339894,-0.596564,0.727036,19.852144]],"boundingbox":[[-2.55253,-2.75706,-2.64218],[9.990285,2.359152,1.12103]]},{"name":"bone26","parent":"bone25","initpos":[9.283006,1e-06,-0.0],"initquaternion":[0.038961,-0.325499,-0.128549,0.935952],"initscale":[0.999999,0.999999,0.999999],"offmtx":[[-0.220742,-0.972308,-0.076732,6.688981],[0.871316,-0.231942,0.432447,-1.927043],[-0.43827,0.028601,0.898388,20.565624]],"boundingbox":[[0.090312,-1.306434,-0.736351],[5.515707,0.98638,0.548284]]},{"name":"bone27","parent":"bone01","initpos":[6.976558,-0.121667,6.463428],"initquaternion":[0.45643,-0.433874,0.662603,0.405439],"initscale":[1.0,1.0,0.999999],"offmtx":[[0.956683,0.211331,0.200236,-8.702943],[-0.204863,0.0,0.97879,2.39486],[0.206849,-0.977414,0.043294,11.376227]],"boundingbox":[[-0.096434,-1.109792,-0.69577],[9.428266,0.800277,1.401385]]},{"name":"bone28","parent":"bone27","initpos":[8.568752,-1e-06,-0.0],"initquaternion":[-0.0,-0.203283,-0.0,0.979119],"initscale":[0.999999,0.999999,1.0],"offmtx":[[0.959957,-0.195221,0.200922,-11.315602],[-0.204863,1.1920926112907182e-07,0.97879,2.39486],[-0.191081,-0.980758,-0.039993,17.311479]],"boundingbox":[[-0.464339,-1.57336,-1.587827],[5.866072,1.31649,2.322397]]},{"name":"bone29","parent":"bone28","initpos":[5.41458,-9.5367431640625e-07,-0.0],"initquaternion":[0.0,-0.337493,0.0,0.941327],"initscale":[0.999999,1.0,1.0],"offmtx":[[0.619866,-0.773908,0.129739,-1.919555],[-0.204863,1.1920917586394353e-07,0.97879,2.394859],[-0.757493,-0.633297,-0.158545,23.997932]],"boundingbox":[[-7.919207,-3.780966,-7.278833],[11.518375,2.889041,2.01933]]},{"name":"bone30","parent":"bone29","initpos":[10.875868,0.0,1e-06],"initquaternion":[-0.0,-0.327323,-0.0,0.944912],"initscale":[1.0,1.0,0.999999],"offmtx":[[0.018466,-0.999821,0.003865,4.791156],[-0.204861,1.57160584990379e-07,0.97879,2.394797],[-0.978616,-0.018866,-0.204825,26.770681]],"boundingbox":[[-0.020964,-1.614217,-0.934387],[5.370532,1.178116,0.771303]]},{"name":"bone31","parent":"bone01","initpos":[5.404553,-0.58853,6.047023],"initquaternion":[0.324297,-0.584378,0.711867,0.215818],"initscale":[1.0,0.999999,1.0],"offmtx":[[0.713952,0.141313,0.685785,-6.526709],[-0.692021,-0.006793,0.721845,3.878997],[0.106665,-0.989941,0.092941,12.160324]],"boundingbox":[[-0.346704,-1.480599,-0.913964],[10.039636,0.517482,0.867091]]},{"name":"bone32","parent":"bone31","initpos":[9.871906,-1e-06,3e-06],"initquaternion":[0.469978,-0.265188,0.350869,0.765301],"initscale":[1.0,1.0,1.0],"offmtx":[[0.317073,-0.64361,0.696583,0.008125],[-0.720431,-0.641129,-0.264444,20.589263],[0.6168,-0.417992,-0.666962,2.813689]],"boundingbox":[[-3.830752,-5.063093,-3.044184],[12.963877,1.722026,3.395928]]},{"name":"bone33","parent":"bone32","initpos":[12.734432,0.0,-1e-06],"initquaternion":[0.063695,-0.155286,0.277681,0.945897],"initscale":[0.999999,0.999999,1.0],"offmtx":[[0.091697,-0.975009,0.202353,1.184719],[-0.755191,-0.200543,-0.624073,24.280521],[0.649058,-0.095589,-0.754708,1.686987]],"boundingbox":[[-0.197101,-0.391309,-1.243634],[6.015592,1.31657,1.793443]]},{"name":"bind","parent":"bone01","initpos":[5.026257,3.838111,1e-06],"initquaternion":[-0.424866,-0.565232,0.575355,0.411056],"initscale":[0.999999,0.999999,1.0],"offmtx":[[-0.024213,0.999706,-2.9211145147201023e-07,-17.316686],[-0.999706,-0.024213,2.477038663073472e-07,0.419425],[2.405581369657739e-07,2.9802362178088515e-07,0.999999,0.426571]],"boundingbox":[[-1.678769,7.217089,-4.326852],[-1.678769,7.217089,-4.326852]]}],"boundingbox":[[-27.96511,-0.097446,-18.590902],[27.863468,33.493343,28.349061]]}