{"skeleton":[{"name":"root","parent":"root","initpos":[0.0,0.0,-0.0],"initquaternion":[0.707106,0.0,0.0,0.707106],"initscale":[1.0,0.999999,0.999999],"offmtx":[[1.0,0.0,0.0,0.0],[0.0,1.0,0.0,0.0],[0.0,0.0,1.0,0.0]],"boundingbox":[[0.0,0.0,0.0],[0.0,0.0,0.0]]},{"name":"Bone001_NTES","parent":"root","initpos":[0.0,0.0,-0.0],"initquaternion":[0.5,-0.499999,-0.5,-0.499999],"initscale":[1.0,1.0,1.0],"offmtx":[[1.9471603707188478e-07,0.999999,0.0,3.36030097969342e-07],[-0.999999,1.9471603707188478e-07,-1.6292068494294654e-07,0.0],[-1.6292072757551068e-07,0.0,0.999999,9.5367431640625e-07]],"boundingbox":[[3.171223,-6.052298,-6.065956],[18.282869,6.084611,6.084361]]},{"name":"Bone011_NTES","parent":"Bone001_NTES","initpos":[5.268071,-4.287263,-1.273599],"initquaternion":[-0.474739,0.4659,0.698096,-0.264991],"initscale":[1.0,0.999999,1.0],"offmtx":[[0.812342,-0.408804,-0.415907,-1.858815],[0.425431,-0.072383,0.902091,-0.293709],[-0.398883,-0.909746,0.115117,6.649346]],"boundingbox":[[-2.133697,-2.232671,-1.211238],[8.92023,0.942599,1.958557]]},{"name":"Bone012_NTES","parent":"Bone001_NTES","initpos":[6.427187,1.777318,-3.290386],"initquaternion":[-0.517182,-0.10956,0.847049,0.055012],"initscale":[0.999999,0.999999,0.999999],"offmtx":[[-0.206522,-0.458991,-0.864103,-0.260268],[0.969939,0.020129,-0.242509,0.796566],[0.128703,-0.888212,0.441036,7.388638]],"boundingbox":[[-2.049916,-2.397436,-0.57875],[9.311239,1.54494,3.118757]]},{"name":"Bone013_NTES","parent":"Bone001_NTES","initpos":[6.427188,-1.692589,-3.115798],"initquaternion":[-0.507756,0.130446,0.846866,-0.089347],"initscale":[0.999999,0.999999,0.999999],"offmtx":[[0.283801,-0.468399,-0.836694,-0.076835],[0.950001,0.01886,0.311675,-0.758064],[-0.130208,-0.883315,0.450333,7.300771]],"boundingbox":[[-1.756064,-1.407011,-0.765527],[9.429281,1.737358,3.049785]]},{"name":"bind","parent":"Bone001_NTES","initpos":[18.892543,-9.5367431640625e-07,-3e-06],"initquaternion":[0.0,0.0,0.0,1.0],"initscale":[1.0,1.0,1.0],"offmtx":[[2.5948989446078485e-07,0.999999,0.0,-18.892549],[-0.999999,2.594898660390754e-07,3.576277265437966e-07,-4e-06],[3.576278402306343e-07,-0.0,0.999999,8e-06]],"boundingbox":[[-0.657681,-4.000104,1.5e-05],[-0.657681,-4.000104,1.5e-05]]},{"name":"Bone006_NTES","parent":"Bone001_NTES","initpos":[4.594225,2.847411,4.065894],"initquaternion":[-0.077854,-0.851039,0.107705,0.508005],"initscale":[1.0,1.0,0.999999],"offmtx":[[-0.241944,-0.471738,0.847894,-1.969088],[-0.964675,0.023083,-0.262424,-1.785891],[0.104223,-0.881435,-0.460659,6.219276]],"boundingbox":[[-4.053604,-2.267308,-1.724852],[7.246467,1.371431,2.193767]]},{"name":"Bone007_NTES","parent":"Bone001_NTES","initpos":[4.594228,-2.762697,4.24048],"initquaternion":[0.067267,-0.828756,-0.150968,0.534646],"initscale":[0.999998,0.999999,1.0],"offmtx":[[0.272925,-0.419256,0.865872,-2.499566],[-0.945366,0.049933,0.32216,1.016239],[-0.178304,-0.906492,-0.382723,6.280166]],"boundingbox":[[-4.104321,-1.330653,-1.25098],[6.98389,1.972533,2.05414]]},{"name":"Bone008_NTES","parent":"Bone001_NTES","initpos":[5.455441,3.915693,1.197952],"initquaternion":[0.288269,0.715439,-0.466258,-0.433186],"initscale":[0.999999,0.999999,0.999999],"offmtx":[[-0.816431,-0.4585,0.35102,-1.116081],[-0.399007,0.008524,-0.916907,-0.510484],[0.41741,-0.888652,-0.189904,6.709942]],"boundingbox":[[-1.897781,-2.728247,-1.751893],[9.453443,1.175837,2.083126]]},{"name":"Bone009_NTES","parent":"Bone001_NTES","initpos":[5.455444,-3.830973,1.372533],"initquaternion":[-0.255386,0.696219,0.44768,-0.499638],"initscale":[1.0,1.0,1.0],"offmtx":[[0.802966,-0.370277,0.467051,-1.697155],[-0.468719,0.091746,0.878569,0.089267],[-0.368165,-0.924379,-0.099887,6.590432]],"boundingbox":[[-1.806206,-1.623985,-1.138324],[9.394701,1.881255,2.204403]]},{"name":"Bone010_NTES","parent":"Bone001_NTES","initpos":[6.022716,4.359437,-1.360744],"initquaternion":[-0.302785,0.220622,0.620582,0.688856],"initscale":[1.0,0.999999,1.0],"offmtx":[[-0.721382,0.132405,-0.679761,-4.867245],[-0.046396,-0.988587,-0.143321,5.556698],[-0.69098,-0.071851,0.719293,-1.600772]],"boundingbox":[[-2.337073,-5.383897,-2.809148],[12.81792,1.852393,1.206199]]},{"name":"Bone014_NTES","parent":"Bone001_NTES","initpos":[17.720386,11.625504,-10.522836],"initquaternion":[4e-06,0.0,0.00505,0.999987],"initscale":[0.999999,0.999999,1.0],"offmtx":[[-0.010101,0.999948,-1.5053080915095052e-07,-17.836921],[-0.999948,-0.010101,8e-06,-11.445823],[8e-06,2.37987634932324e-07,0.999999,10.522941]],"boundingbox":[[-1.676707,-1.607923,-1.494358],[3.112484,1.422904,1.505863]]},{"name":"Bone015_NTES","parent":"Bone001_NTES","initpos":[22.788028,6.603096,3.48164],"initquaternion":[7e-06,0.0,0.005154,0.999986],"initscale":[0.999999,0.999999,1.0],"offmtx":[[-0.010309,0.999946,-0.0,-22.8549],[-0.999946,-0.010309,1.4e-05,-6.36786],[1.4e-05,2.355237853635117e-07,0.999999,-3.481544]],"boundingbox":[[-1.78154,-1.499442,-1.490061],[2.978835,1.531988,1.510175]]},{"name":"Bone016_NTES","parent":"Bone001_NTES","initpos":[20.879123,-8.199259,-7.495798],"initquaternion":[-8.925683800953266e-07,0.0,-0.007137,0.999974],"initscale":[0.999999,0.999999,1.0],"offmtx":[[0.014273,0.999898,-0.0,-20.994035],[-0.999898,0.014273,-1e-06,7.900382],[-1e-06,1.1963687995830696e-07,0.999999,7.495818]],"boundingbox":[[-1.658271,-1.388473,-1.515827],[3.270684,1.654323,1.484361]]}],"boundingbox":[[-14.161406,-0.099866,-12.017191],[12.322585,25.751235,11.24738]]}