{"skeleton":[{"name":"root","parent":"root","initpos":[0.0,0.0,-0.0],"initquaternion":[0.707106,0.0,0.0,0.707106],"initscale":[1.0,0.999999,0.999999],"offmtx":[[1.0,0.0,0.0,0.0],[0.0,1.0,0.0,0.0],[0.0,0.0,1.0,0.0]],"boundingbox":[[0.0,0.0,0.0],[0.0,0.0,0.0]]},{"name":"bone01","parent":"root","initpos":[3.7904652572251507e-07,5.156133,-7.676789],"initquaternion":[0.502075,-0.497915,0.502075,-0.497915],"initscale":[0.999999,0.999999,0.999999],"offmtx":[[-1.3311377244917821e-07,-0.00832,-0.999965,5.219827],[-0.0,0.999965,-0.00832,-7.633625],[1.0,0.0,-1.334820751708321e-07,1.2731810272725852e-07]],"boundingbox":[[-3.902811,-4.464995,-8.72439],[8.602384,11.748944,8.769568]]},{"name":"bone02","parent":"bone01","initpos":[7.740334,9.5367431640625e-07,9.227134682987526e-07],"initquaternion":[-0.0,-0.0,0.006144,0.999981],"initscale":[0.999999,0.999999,1.0],"offmtx":[[-0.0,0.003968,-0.999992,-2.614122],[-1.1915078346191876e-07,0.999992,0.003968,-7.602076],[1.0,1.1921085274479992e-07,-0.0,-1e-06]],"boundingbox":[[-0.802682,-4.792908,-6.094161],[13.101098,11.742788,6.09416]]},{"name":"bone18","parent":"bone01","initpos":[7.968598,-1.63371,-2.21161],"initquaternion":[0.770015,-0.40224,-0.437047,0.232954],"initscale":[0.999999,1.0,0.999999],"offmtx":[[-0.485659,-0.825508,-0.287524,3.055173],[0.710353,-0.564389,0.420549,6.121238],[-0.509442,-2.8312203426139604e-07,0.860504,1.281516]],"boundingbox":[[-0.153814,-1.921022,-0.908632],[5.329382,0.779179,0.973356]]},{"name":"bone20","parent":"bone18","initpos":[4.254037,4.76837158203125e-07,-5.960464477539062e-07],"initquaternion":[0.0,2.5554146532158484e-07,-0.706025,0.708185],"initscale":[0.999999,0.999999,1.0],"offmtx":[[-0.711833,0.561865,-0.421426,-6.124872],[-0.483487,-0.827228,-0.286238,-1.18016],[-0.509443,-2.384185791015625e-07,0.860504,1.281513]],"boundingbox":[[0.175188,-0.790895,-0.838892],[7.200946,1.065746,0.982318]]},{"name":"bone22","parent":"bone20","initpos":[7.026858,-9.5367431640625e-07,1e-06],"initquaternion":[-0.040829,0.049047,0.689786,0.721194],"initscale":[1.0,1.0,0.999999],"offmtx":[[-0.445387,-0.795245,-0.411355,-1.905419],[0.684831,-0.598542,0.415633,13.095935],[-0.576745,-0.09659,0.811193,0.9321]],"boundingbox":[[-2.038365,-1.501051,-2.000438],[4.200921,1.315522,1.905374]]},{"name":"bone24","parent":"bone22","initpos":[3.420176,1e-06,1.1920928955078125e-07],"initquaternion":[0.013635,-0.037384,0.233395,0.971567],"initscale":[1.0,1.0,0.999999],"offmtx":[[-0.1313,-0.984854,-0.113224,1.269049],[0.807195,-0.172514,0.564512,14.093416],[-0.575495,-0.017273,0.817622,0.706584]],"boundingbox":[[0.032832,-0.653249,-1.516351],[3.597961,0.736318,1.544557]]},{"name":"bone10","parent":"bone01","initpos":[2.345938,-1.567444,-4.666081],"initquaternion":[0.626745,-0.327399,-0.623999,0.332602],"initscale":[0.999999,1.0,0.999999],"offmtx":[[-0.564389,-0.825508,2.6577623657431104e-07,2.39376],[0.825508,-0.564389,-3.804372568083636e-07,7.288956],[4.64055631255178e-07,0.0,1.0,-2.823317]],"boundingbox":[[-0.108068,-1.771313,-1.004267],[5.363925,0.91263,0.823798]]},{"name":"bone12","parent":"bone10","initpos":[4.254037,4.76837158203125e-07,-9.5367431640625e-07],"initquaternion":[0.0,2.62937192019308e-07,-0.706025,0.708185],"initscale":[0.999999,0.999999,1.0],"offmtx":[[-0.827228,0.561865,-0.0,-7.294602],[-0.561865,-0.827228,-0.0,-1.838001],[-0.0,0.0,1.0,-2.823319]],"boundingbox":[[0.04165,-0.744749,-0.964113],[7.051928,1.100994,0.783649]]},{"name":"bone14","parent":"bone12","initpos":[7.026859,-1e-06,9.5367431640625e-07],"initquaternion":[1.1529841259516616e-07,-3.2009822348300077e-07,0.666745,0.745285],"initscale":[1.0,1.0,1.0],"offmtx":[[-0.65014,-0.759813,6.184183121149545e-07,-3.414945],[0.759813,-0.65014,-1.6026774574129377e-07,14.029277],[5.238327958068112e-07,3.656862759271462e-07,1.0,-2.823315]],"boundingbox":[[-3.955456,-1.516777,-2.647164],[4.386152,1.374215,3.029074]]},{"name":"bone16","parent":"bone14","initpos":[3.687772,1e-06,-2.384185791015625e-07],"initquaternion":[1e-06,-2.8862521617156744e-07,0.285315,0.958433],"initscale":[1.0,1.0,1.0],"offmtx":[[-0.12874,-0.991677,2e-06,1.726437],[0.991677,-0.12874,3e-06,15.629718],[-2e-06,2e-06,1.0,-2.823374]],"boundingbox":[[-0.022099,-0.499979,-1.403961],[3.943214,0.550872,1.854709]]},{"name":"bone26","parent":"bone01","initpos":[-0.302679,-1.550274,-4.425991],"initquaternion":[-0.305723,0.166739,0.819202,-0.455673],"initscale":[0.999999,0.999999,0.999999],"offmtx":[[-0.34894,-0.84519,0.404836,1.420693],[0.551807,-0.534464,-0.6402,9.221058],[0.757462,-2.6822084464583895e-07,0.652878,-0.219836]],"boundingbox":[[-0.104068,-1.949293,-0.935384],[5.404067,0.925893,0.95796]]},{"name":"bone28","parent":"bone26","initpos":[4.585527,9.5367431640625e-07,-1e-06],"initquaternion":[0.002397,0.002231,-0.73022,0.683203],"initscale":[0.999999,0.999999,0.999999],"offmtx":[[-0.532349,0.589438,0.607591,-8.98872],[-0.384827,-0.807804,0.446497,-3.770632],[0.753997,0.003874,0.656866,-0.278665]],"boundingbox":[[0.142354,-0.831554,-0.84825],[8.529196,1.090308,1.057078]]},{"name":"bone30","parent":"bone28","initpos":[8.473984,-1e-06,1e-06],"initquaternion":[-0.021085,0.042617,0.663791,0.746404],"initscale":[1.0,1.0,0.999999],"offmtx":[[-0.511003,-0.731506,0.451411,-5.714511],[0.502035,-0.680261,-0.534045,16.883983],[0.697736,-0.046274,0.714858,-1.231555]],"boundingbox":[[-6.210869,-3.079961,-4.146889],[4.926459,1.153419,3.74967]]},{"name":"bone32","parent":"bone30","initpos":[4.316322,0.0,-2.384185791015625e-07],"initquaternion":[0.006739,-0.036376,0.242762,0.96938],"initscale":[1.0,1.0,0.999999],"offmtx":[[-0.161888,-0.966602,0.198673,-0.974555],[0.680367,-0.255157,-0.687017,19.624048],[0.714766,0.02395,0.698952,-1.072386]],"boundingbox":[[0.010948,-0.60152,-2.213951],[4.421321,0.567625,2.166869]]},{"name":"bone19","parent":"bone01","initpos":[7.968597,-1.63371,2.211614],"initquaternion":[0.232954,-0.437048,-0.40224,0.770015],"initscale":[0.999999,1.0,0.999999],"offmtx":[[0.48566,-0.825508,-0.287524,3.055169],[0.710353,0.56439,-0.420548,-6.12124],[0.509442,-1.9371512394172896e-07,0.860504,1.281517]],"boundingbox":[[-0.153813,-0.779182,-0.908635],[5.329381,1.921013,0.973351]]},{"name":"bone21","parent":"bone19","initpos":[4.254038,-2e-06,-2e-06],"initquaternion":[-1.5029227995455585e-07,4.89216006371862e-07,0.706026,0.708185],"initscale":[0.999999,0.999999,1.0],"offmtx":[[0.711833,0.561865,-0.421425,-6.12487],[-0.483488,0.827228,0.286238,1.180165],[0.509442,-0.0,0.860504,1.281512]],"boundingbox":[[0.175183,-1.065746,-0.838894],[7.200939,0.790887,0.982315]]},{"name":"bone23","parent":"bone21","initpos":[7.026858,-4.76837158203125e-07,2e-06],"initquaternion":[0.040829,0.049047,-0.689787,0.721194],"initscale":[1.0,1.0,0.999999],"offmtx":[[0.445388,-0.795245,-0.411354,-1.905416],[0.684831,0.598542,-0.415633,-13.095934],[0.576744,-0.09659,0.811194,0.932105]],"boundingbox":[[-2.03836,-1.315526,-2.000441],[4.200924,1.501049,1.905367]]},{"name":"bone25","parent":"bone23","initpos":[3.420176,0.0,-5.960464477539062e-07],"initquaternion":[-0.013636,-0.037384,-0.233395,0.971567],"initscale":[0.999999,0.999999,0.999999],"offmtx":[[0.131301,-0.984855,-0.113224,1.269048],[0.807194,0.172514,-0.564513,-14.093428],[0.575496,-0.017273,0.817621,0.706566]],"boundingbox":[[0.032839,-0.736324,-1.516356],[3.597972,0.653243,1.544551]]},{"name":"bone11","parent":"bone01","initpos":[2.345937,-1.567441,4.666083],"initquaternion":[0.332602,-0.623999,-0.327399,0.626744],"initscale":[1.0,0.999999,0.999999],"offmtx":[[0.564389,-0.825508,3.120221094832232e-07,2.39376],[0.825508,0.564389,6.539856940435129e-07,-7.28896],[-7.159728738770355e-07,-1.1152591383734034e-07,1.0,-2.823314]],"boundingbox":[[-0.108065,-0.912636,-1.004268],[5.363926,1.771304,0.823799]]},{"name":"bone13","parent":"bone11","initpos":[4.254037,-9.5367431640625e-07,-2.384185791015625e-07],"initquaternion":[-1.6832967730806558e-07,1.688446644720898e-07,0.706026,0.708185],"initscale":[1.0,0.999999,1.0],"offmtx":[[0.827228,0.561865,1.7791161610603012e-07,-7.294604],[-0.561865,0.827228,-3.0998029387774295e-07,1.838003],[-3.213409058844263e-07,1.5646214990283625e-07,0.999999,-2.823317]],"boundingbox":[[0.041643,-1.100996,-0.964115],[7.051917,0.74474,0.783647]]},{"name":"bone15","parent":"bone13","initpos":[7.02686,-1e-06,-4.76837158203125e-07],"initquaternion":[-1.1757698104020164e-07,-1.3142722821157804e-07,-0.666745,0.745285],"initscale":[0.999999,0.999999,1.0],"offmtx":[[0.65014,-0.759813,6.818442557232629e-07,-3.414947],[0.759813,0.65014,1.4651321578185161e-07,-14.029282],[-5.546177135329344e-07,4.2282044887542725e-07,0.999999,-2.823316]],"boundingbox":[[-3.955454,-1.374225,-2.647162],[4.386153,1.516769,3.029076]]},{"name":"bone17","parent":"bone15","initpos":[3.687769,-4e-06,7.152557373046875e-07],"initquaternion":[-1e-06,-3.1139708767113916e-07,-0.285315,0.958433],"initscale":[1.0,0.999999,1.0],"offmtx":[[0.12874,-0.991677,2e-06,1.726441],[0.991677,0.12874,-2e-06,-15.629725],[2e-06,2e-06,0.999999,-2.82337]],"boundingbox":[[-0.022092,-0.550876,-1.403959],[3.943221,0.499973,1.854711]]},{"name":"bone27","parent":"bone01","initpos":[-0.30268,-1.550272,4.42599],"initquaternion":[-0.455673,0.819202,0.166739,-0.305723],"initscale":[0.999999,0.999999,1.0],"offmtx":[[0.348941,-0.84519,0.404836,1.420691],[0.551807,0.534464,0.640199,-9.22106],[-0.757461,-3.278256031080673e-07,0.652879,-0.219839]],"boundingbox":[[-0.104065,-0.925896,-0.935384],[5.40407,1.949287,0.957963]]},{"name":"bone29","parent":"bone27","initpos":[4.585528,-1e-06,0.0],"initquaternion":[-0.002397,0.002231,0.73022,0.683203],"initscale":[0.999999,0.999999,0.999999],"offmtx":[[0.532348,0.589438,0.607591,-8.988721],[-0.384827,0.807803,-0.446497,3.770637],[-0.753997,0.003874,0.656865,-0.278661]],"boundingbox":[[0.142352,-1.090313,-0.848253],[8.529195,0.831553,1.05707]]},{"name":"bone31","parent":"bone29","initpos":[8.473985,-4.76837158203125e-07,1e-06],"initquaternion":[0.021085,0.042617,-0.663792,0.746404],"initscale":[0.999999,1.0,0.999999],"offmtx":[[0.511003,-0.731507,0.451411,-5.714509],[0.502035,0.680261,0.534045,-16.883989],[-0.697736,-0.046274,0.714858,-1.231563]],"boundingbox":[[-6.210868,-1.153422,-4.146898],[4.926465,3.079958,3.749662]]},{"name":"bone33","parent":"bone31","initpos":[4.316323,1e-06,-0.0],"initquaternion":[-0.006739,-0.036376,-0.242762,0.96938],"initscale":[0.999999,1.0,1.0],"offmtx":[[0.161889,-0.966602,0.198673,-0.974549],[0.680368,0.255157,0.687017,-19.624053],[-0.714766,0.02395,0.698953,-1.072399]],"boundingbox":[[0.010957,-0.567625,-2.213956],[4.421331,0.601514,2.166861]]},{"name":"bind","parent":"bone01","initpos":[0.657445,10.438206,-0.049646],"initquaternion":[-0.503958,-0.49601,0.508067,0.491799],"initscale":[1.0,1.0,0.999999],"offmtx":[[-0.024213,0.999706,-0.0,-18.105051],[-0.999706,-0.024213,-2e-06,0.388867],[-2e-06,0.0,0.999999,-4.411863]],"boundingbox":[[0.175874,1.693129,-1.029455],[0.175874,1.693129,-1.029455]]},{"name":"bone03","parent":"bone01","initpos":[-0.08838,1.388092,9.536742595628311e-07],"initquaternion":[0.0,-0.0,0.999908,-0.013557],"initscale":[0.999999,0.999999,1.0],"offmtx":[[1.3427995781967184e-07,-0.018793,0.999823,-5.061661],[-1.3365203699322592e-07,-0.999823,-0.018793,9.162316],[1.0,-1.311047697072354e-07,-1.3676806531748298e-07,7.75633907323936e-07]],"boundingbox":[[-0.234021,-6.461043,-6.540887],[17.261062,6.09692,6.540877]]},{"name":"bone04","parent":"bone03","initpos":[12.115072,9.5367431640625e-07,-3.850148857509339e-07],"initquaternion":[0.0,0.0,-0.013969,0.999902],"initscale":[0.999999,0.999999,1.0],"offmtx":[[1.379612655227902e-07,0.009144,0.999958,-17.425987],[-1.2984862962639454e-07,-0.999958,0.009144,8.678891],[1.0,-1.311047839180901e-07,-1.367680795283377e-07,1e-06]],"boundingbox":[[-0.051517,-5.490364,-4.802975],[5.283691,5.036319,4.802964]]},{"name":"bone05","parent":"bone04","initpos":[4.979764,-9.5367431640625e-07,-1.599277084096684e-07],"initquaternion":[0.0,0.0,-0.00359,0.999993],"initscale":[1.0,1.0,1.0],"offmtx":[[1.3889004435441166e-07,0.016324,0.999866,-22.467491],[-1.2885466560419445e-07,-0.999866,0.016324,8.517786],[1.0,-1.311047839180901e-07,-1.367680937391924e-07,1e-06]],"boundingbox":[[-0.059419,-4.963292,-3.493075],[2.688333,2.937832,3.493062]]},{"name":"bone08","parent":"bone01","initpos":[-0.81071,7.043026,-5.382299],"initquaternion":[-0.383994,-0.182688,0.89455,0.137666],"initscale":[1.0,0.999999,0.999999],"offmtx":[[-0.636705,0.392139,0.663952,-13.124484],[-0.432574,-0.894433,0.113441,10.173226],[0.638345,-0.214979,0.739119,2.234749]],"boundingbox":[[0.697155,-2.506576,-1.699065],[12.592125,3.019952,1.285712]]},{"name":"bone06","parent":"bone01","initpos":[-0.92944,6.365381,-5.754169],"initquaternion":[-0.13345,-0.278272,0.937087,0.163162],"initscale":[0.999999,1.0,0.999999],"offmtx":[[-0.159301,0.387634,0.907944,-11.840033],[-0.565079,-0.789931,0.238105,6.410335],[0.809511,-0.475129,0.344881,9.252963]],"boundingbox":[[-2.81796,-3.952126,-0.998176],[20.853141,4.822214,0.639909]]},{"name":"bone07","parent":"bone01","initpos":[-0.929441,6.365383,5.753831],"initquaternion":[0.163162,0.937088,-0.278271,-0.13345],"initscale":[1.0,1.0,0.999999],"offmtx":[[0.159302,0.387633,0.907944,-11.839972],[-0.565078,0.789932,-0.238104,-6.410546],[-0.809511,-0.475129,0.344881,9.252689]],"boundingbox":[[-2.843704,-4.730889,-0.867355],[20.827404,4.043452,0.770736]]},{"name":"bone09","parent":"bone01","initpos":[-0.810708,7.043032,5.38196],"initquaternion":[0.137666,0.89455,-0.182687,-0.383995],"initscale":[1.0,0.999999,0.999999],"offmtx":[[0.636706,0.392139,0.663951,-13.124267],[-0.432573,0.894433,-0.113441,-10.173385],[-0.638345,-0.214978,0.73912,2.234509]],"boundingbox":[[0.697371,-3.020104,-1.699279],[12.592338,2.506421,1.285513]]}],"boundingbox":[[-16.27577,-0.289747,-15.639249],[16.275766,24.158428,25.680675]]}