{"skeleton":[{"name":"root","parent":"root","initpos":[0.0,0.0,-0.0],"initquaternion":[0.707106,0.0,0.0,0.707106],"initscale":[1.0,0.999999,0.999999],"offmtx":[[1.0,0.0,0.0,0.0],[0.0,1.0,0.0,0.0],[0.0,0.0,1.0,0.0]],"boundingbox":[[0.0,0.0,0.0],[0.0,0.0,0.0]]},{"name":"Bone095","parent":"root","initpos":[1.5694395472110045e-07,3.590458,-3.766896],"initquaternion":[-0.5,0.5,-0.5,0.499999],"initscale":[1.0,1.0,1.0],"offmtx":[[2.0187620464184874e-07,0.0,-0.999999,3.590459],[-1.6292069915380125e-07,0.999999,-0.0,-3.766895],[1.0,1.6292068494294654e-07,2.0187619043099403e-07,-1e-06]],"boundingbox":[[0.003504,-1.331197,-2.031999],[2.848305,1.107203,2.032001]]},{"name":"Bone096","parent":"Bone095","initpos":[2.839436,-4.76837158203125e-07,3.3810994182204013e-07],"initquaternion":[0.0,0.0,0.0,1.0],"initscale":[0.999999,0.999999,1.0],"offmtx":[[2.0187621885270346e-07,0.0,-0.999999,0.751022],[-1.6292069915380125e-07,0.999999,-0.0,-3.766896],[1.0,1.6292067073209182e-07,2.0187619043099403e-07,-7.977699283401307e-07]],"boundingbox":[[0.008866,-1.331198,-2.031999],[2.040866,1.107201,2.032001]]},{"name":"Bone097","parent":"Bone096","initpos":[2.029536,-1.1e-05,-0.0],"initquaternion":[0.0,0.0,0.0,1.0],"initscale":[0.999999,0.999999,1.0],"offmtx":[[2.0187620464184874e-07,0.0,-0.999999,-1.278513],[-1.6292069915380125e-07,0.999999,-0.0,-3.766884],[1.0,1.6292067073209182e-07,2.0187617622013931e-07,-0.0]],"boundingbox":[[-0.632589,-1.381428,-2.130296],[2.532424,1.174929,2.1303]]},{"name":"Bone002","parent":"Bone097","initpos":[1.210132,1.119771,-0.069845],"initquaternion":[0.5,0.5,-0.499999,-0.499999],"initscale":[0.999999,1.0,1.0],"offmtx":[[1.686826749391912e-07,1.0,0.0,-4.886657],[-0.999999,1.6868263230662706e-07,-1.1920927533992653e-07,-0.069847],[-1.1920928955078125e-07,0.0,0.999999,2.488646]],"boundingbox":[[-0.023323,-1.289047,-0.833196],[0.789476,1.149352,1.198802]]},{"name":"Bone001","parent":"Bone002","initpos":[0.77614,-0.083818,-0.238113],"initquaternion":[0.0,0.0,0.0,1.0],"initscale":[1.0,1.0,1.0],"offmtx":[[1.686826749391912e-07,1.0,0.0,-5.662797],[-0.999999,1.6868263230662706e-07,-2.1792943982745783e-07,0.01397],[-2.1792948246002197e-07,0.0,0.999999,2.72676]],"boundingbox":[[0.013335,-2.830828,-2.831752],[3.670938,2.858771,2.045047]]},{"name":"Bone017","parent":"Bone001","initpos":[1.235347,-1.501972,-1.9979],"initquaternion":[6e-06,0.0,0.006849,0.999976],"initscale":[0.999999,0.999999,1.0],"offmtx":[[-0.013698,0.999906,0.0,-6.87673],[-0.999906,-0.013698,1.2e-05,1.610354],[1.2e-05,1.3264893539144396e-07,0.999999,4.72464]],"boundingbox":[[-0.009697,-0.735731,-0.057178],[1.226089,0.903633,-0.057157]]},{"name":"Bone016","parent":"Bone001","initpos":[1.235348,1.476431,-1.997899],"initquaternion":[6e-06,0.0,0.006849,0.999976],"initscale":[0.999999,0.999999,1.0],"offmtx":[[-0.013698,0.999906,0.0,-6.917529],[-0.999906,-0.013698,1.2e-05,-1.367769],[1.2e-05,1.3264893539144396e-07,0.999999,4.724678]],"boundingbox":[[-0.011531,-0.866786,-0.057176],[1.227039,0.769794,-0.057155]]},{"name":"Bone074","parent":"Bone001","initpos":[3.209094,1.67602,-0.815365],"initquaternion":[1.7e-05,0.0,0.002427,0.999997],"initscale":[0.999999,0.999999,1.0],"offmtx":[[-0.004854,0.999988,0.0,-8.879853],[-0.999988,-0.004854,3.4e-05,-1.61884],[3.4e-05,1.2295207341139758e-07,0.999999,3.542181]],"boundingbox":[[0.458373,-0.628793,-0.391647],[2.065148,0.773159,0.408401]]},{"name":"Bone072","parent":"Bone001","initpos":[3.220673,-1.644328,-0.81548],"initquaternion":[1.7e-05,0.0,0.002436,0.999997],"initscale":[0.999999,0.999999,1.0],"offmtx":[[-0.004873,0.999988,0.0,-8.875282],[-0.999987,-0.004873,3.4e-05,1.701697],[3.4e-05,1.2361908829916501e-07,0.999999,3.542182]],"boundingbox":[[0.446026,-0.789137,-0.391528],[2.048929,0.61867,0.408519]]},{"name":"Bone094","parent":"Bone001","initpos":[4.033041,0.188009,-1.429138],"initquaternion":[0.004665,0.831323,-0.009418,0.555688],"initscale":[1.0,1.0,0.999999],"offmtx":[[0.00271,-0.382375,-0.924002,-0.132136],[-0.999778,0.018223,-0.010474,-0.394221],[0.020843,0.923827,-0.382241,-10.542212]],"boundingbox":[[-0.226357,-2.603289,-0.212481],[1.793505,2.602617,0.175326]]},{"name":"Bone006","parent":"Bone097","initpos":[1.049793,-0.889413,-1.459031],"initquaternion":[5e-05,-4.9e-05,-0.707106,0.707106],"initscale":[1.0,1.0,1.0],"offmtx":[[5.349219236450153e-07,-0.999999,0.0,2.877472],[0.00014,0.0,-0.999999,-2.328101],[1.0,5.349218668015965e-07,0.00014,1.459359]],"boundingbox":[[0.029767,-0.609888,-0.593844],[1.248968,0.609483,0.625527]]},{"name":"Bone102","parent":"Bone006","initpos":[1.241528,0.0,3.5762786865234375e-07],"initquaternion":[0.0,0.0,0.0,1.0],"initscale":[0.999999,0.999999,1.0],"offmtx":[[4.3308148178766714e-07,-1.0,0.0,1.635943],[0.00014,0.0,-1.0,-2.328102],[1.0,4.3308139652253885e-07,0.00014,1.45936]],"boundingbox":[[0.007438,-0.609889,-0.593901],[1.633039,1.015882,0.625527]]},{"name":"Bone030","parent":"Bone097","initpos":[1.666499,0.9539,2.964838],"initquaternion":[-0.019814,0.0184,-0.489922,0.871346],"initscale":[0.999999,0.999999,1.0],"offmtx":[[-0.012651,-0.854514,-0.519274,2.542218],[-0.052561,0.519166,-0.853055,-4.807299],[0.998537,0.016501,-0.051482,-3.190017]],"boundingbox":[[-0.075342,-0.839418,-0.883262],[2.430656,0.977336,0.893931]]},{"name":"Bone029","parent":"Bone097","initpos":[1.872521,0.873115,-2.827684],"initquaternion":[-0.080182,-0.089376,-0.483722,0.866945],"initscale":[0.999999,1.0,1.0],"offmtx":[[0.232541,-0.824389,-0.516048,2.856633],[-0.05256,0.519166,-0.853055,-5.245566],[0.971165,0.225494,0.077397,1.943734]],"boundingbox":[[0.025048,-1.001369,-0.869437],[2.567421,0.872373,0.992608]]},{"name":"Bone045","parent":"Bone097","initpos":[2.448353,-1.844316,-2.564083],"initquaternion":[-0.097632,-0.633792,0.109844,0.759413],"initscale":[0.999999,1.0,0.999999],"offmtx":[[0.941172,0.290592,-0.172481,1.211744],[-0.287524,0.956803,0.043077,-2.416216],[0.177549,0.009049,0.98407,4.105352]],"boundingbox":[[-0.01721,-1.200005,-0.490889],[6.801396,1.233231,0.41927]]},{"name":"Bone103","parent":"Bone097","initpos":[1.049792,-0.889413,1.451894],"initquaternion":[5e-05,-4.9e-05,-0.707106,0.707106],"initscale":[1.0,1.0,1.0],"offmtx":[[5.349219236450153e-07,-0.999999,0.0,2.87747],[0.00014,0.0,-0.999999,-2.328511],[1.0,5.349218668015965e-07,0.00014,-1.451567]],"boundingbox":[[0.029767,-0.609892,-0.61839],[1.248968,0.609479,0.600982]]},{"name":"Bone104","parent":"Bone103","initpos":[1.241528,0.0,3.5762786865234375e-07],"initquaternion":[0.0,0.0,0.0,1.0],"initscale":[0.999999,0.999999,1.0],"offmtx":[[4.3308148178766714e-07,-1.0,0.0,1.635942],[0.00014,0.0,-1.0,-2.328512],[1.0,4.3308139652253885e-07,0.00014,-1.451566]],"boundingbox":[[0.007439,-0.609892,-0.618447],[1.63304,1.015878,0.600982]]},{"name":"Bone046","parent":"Bone095","initpos":[-0.00142,0.671195,-0.004667],"initquaternion":[0.001708,-0.001592,0.999992,-0.003215],"initscale":[1.0,0.999999,1.0],"offmtx":[[0.003407,-0.006435,0.999972,-3.563205],[-0.003196,-0.999974,-0.006424,4.461041],[0.999989,-0.003174,-0.003427,0.031066]],"boundingbox":[[-0.008888,-0.408766,-0.406963],[0.81189,0.411831,0.411193]]},{"name":"Bone053","parent":"Bone046","initpos":[0.775359,-4.76837158203125e-07,-9.57399606704712e-07],"initquaternion":[0.0,0.0,0.0,1.0],"initscale":[1.0,0.999999,0.999999],"offmtx":[[0.003407,-0.006435,0.999972,-4.338562],[-0.003196,-0.999974,-0.006424,4.461042],[0.999988,-0.003174,-0.003427,0.031067]],"boundingbox":[[0.028531,-0.413988,-0.409748],[0.84931,0.40661,0.408408]]},{"name":"Bone054","parent":"Bone053","initpos":[0.830546,-9.5367431640625e-07,0.0],"initquaternion":[0.0,0.0,0.0,1.0],"initscale":[1.0,0.999999,1.0],"offmtx":[[0.003407,-0.006435,0.999972,-5.169107],[-0.003196,-0.999974,-0.006424,4.461043],[0.999988,-0.003174,-0.003427,0.031067]],"boundingbox":[[0.010763,-0.41921,-0.412534],[0.831542,0.401387,0.405622]]},{"name":"Bone089","parent":"Bone054","initpos":[0.835047,0.0,-4.544854164123535e-07],"initquaternion":[0.0,0.0,0.0,1.0],"initscale":[1.0,0.999999,1.0],"offmtx":[[0.003407,-0.006435,0.999972,-6.004154],[-0.003195,-0.999974,-0.006425,4.461043],[0.999988,-0.003173,-0.003427,0.031067]],"boundingbox":[[-0.011507,-0.424433,-0.41532],[0.809271,0.396165,0.402836]]},{"name":"Bone055","parent":"Bone089","initpos":[0.790642,4.76837158203125e-07,-0.0],"initquaternion":[0.0,0.0,0.0,1.0],"initscale":[1.0,0.999999,1.0],"offmtx":[[0.003407,-0.006435,0.999972,-6.794795],[-0.003195,-0.999974,-0.006425,4.461044],[0.999988,-0.003173,-0.003427,0.031067]],"boundingbox":[[0.010629,-0.434877,-0.420892],[1.644186,0.390943,0.40005]]},{"name":"Bone098","parent":"Bone095","initpos":[1.646815,0.696738,-1.470646],"initquaternion":[0.0,0.0,-0.707106,0.707106],"initscale":[1.0,1.0,1.0],"offmtx":[[1.686826749391912e-07,-0.999999,0.0,4.463634],[-1.6292067073209182e-07,-0.0,-0.999999,1.943643],[1.0,1.6868266072833649e-07,-1.629206565212371e-07,1.470645]],"boundingbox":[[-0.025321,-0.83051,-0.677272],[2.006679,1.201489,0.541928]]},{"name":"Bone105","parent":"Bone098","initpos":[1.998987,0.0,-0.0],"initquaternion":[0.0,0.0,0.0,1.0],"initscale":[1.0,1.0,1.0],"offmtx":[[6e-06,-0.999999,0.0,2.464656],[3.1391647326017846e-07,0.0,-0.999999,1.943644],[1.0,6e-06,3.1391644483846903e-07,1.470628]],"boundingbox":[[0.007686,-0.83051,-0.677288],[2.446094,0.795089,0.541928]]},{"name":"Bone106","parent":"Bone095","initpos":[1.646814,0.696737,1.487389],"initquaternion":[0.0,0.0,-0.707106,0.707106],"initscale":[1.0,1.0,1.0],"offmtx":[[0.0,-0.999999,0.0,4.463634],[-0.0,-0.0,-0.999999,1.943644],[1.0,0.0,-0.0,-1.48739]],"boundingbox":[[-0.025321,-0.83051,-0.558671],[2.006678,1.201489,0.660529]]},{"name":"Bone107","parent":"Bone106","initpos":[1.998987,0.0,-0.0],"initquaternion":[0.0,0.0,0.0,1.0],"initscale":[1.0,1.0,1.0],"offmtx":[[6e-06,-0.999999,0.0,2.464636],[4.0133926404450904e-07,0.0,-0.999999,1.943643],[1.0,6e-06,4.013392356227996e-07,-1.487407]],"boundingbox":[[0.007686,-0.83051,-0.558688],[2.446095,0.795089,0.660528]]}],"boundingbox":[[-3.658073,0.002902,-5.821389],[3.99515,10.933297,8.463753]]}