{"skeleton":[{"name":"root","parent":"root","initpos":[0.0,0.0,-0.0],"initquaternion":[0.707106,0.0,0.0,0.707106],"initscale":[1.0,0.999999,0.999999],"offmtx":[[1.0,0.0,0.0,0.0],[0.0,1.0,0.0,0.0],[0.0,0.0,1.0,0.0]],"boundingbox":[[0.0,0.0,0.0],[0.0,0.0,0.0]]},{"name":"bone_02","parent":"root","initpos":[-5e-06,2e-06,-24.013828],"initquaternion":[-0.5,0.499999,0.5,0.5],"initscale":[1.0,1.0,1.0],"offmtx":[[6.159081067380612e-07,0.999999,0.0,-24.01383],[-1.0,6.159081067380612e-07,-5.205485535952903e-07,-1.9e-05],[-5.205485535952903e-07,0.0,0.999999,1e-06]],"boundingbox":[[-0.061407,-3.735088,-3.993163],[7.410191,3.736515,3.716568]]},{"name":"bone_18","parent":"bone_02","initpos":[1.873388,1.947963,-3.728509],"initquaternion":[1e-06,0.0,0.004202,0.999991],"initscale":[1.0,1.0,1.0],"offmtx":[[-0.008403,0.999964,6.115116093496908e-07,-25.902671],[-0.999964,-0.008403,3e-06,-1.730329],[3e-06,-5.838493279952672e-07,0.999999,3.728532]],"boundingbox":[[-0.044485,-0.949709,-0.365627],[1.77287,1.362513,-0.072688]]},{"name":"bone_23","parent":"bone_18","initpos":[0.669046,0.136548,-0.025524],"initquaternion":[-2e-06,0.0,-0.004202,0.999991],"initscale":[0.999999,0.999999,1.0],"offmtx":[[6.082159416109789e-07,0.999999,0.0,-26.555091],[-1.0,6.082158847675601e-07,-1e-06,-2.090156],[-1e-06,0.0,0.999999,3.75403]],"boundingbox":[[-0.017899,-0.176082,-0.330002],[0.365777,0.207594,-0.138033]]},{"name":"bone_21","parent":"bone_02","initpos":[1.871219,-1.996147,-3.716058],"initquaternion":[1e-06,0.0,0.004202,0.999991],"initscale":[1.0,1.0,1.0],"offmtx":[[-0.008403,0.999964,6.115116093496908e-07,-25.867357],[-0.999964,-0.008403,3e-06,2.213622],[3e-06,-5.838493279952672e-07,0.999999,3.716066]],"boundingbox":[[-0.042866,-1.361035,-0.378073],[1.765758,0.936957,-0.085137]]},{"name":"bone_24","parent":"bone_21","initpos":[0.672868,0.333499,-0.037971],"initquaternion":[-2e-06,0.0,-0.004202,0.999991],"initscale":[0.999999,0.999999,1.0],"offmtx":[[6.082159416109789e-07,0.999999,0.0,-26.555093],[-1.0,6.082158847675601e-07,-1e-06,1.656977],[-1e-06,0.0,0.999999,3.754031]],"boundingbox":[[-0.017899,-0.195037,-0.330008],[0.365777,0.18864,-0.138039]]},{"name":"bone_25","parent":"bone_02","initpos":[1.016035,0.4374,-3.687216],"initquaternion":[1.4146741023068898e-07,1.9624967251274938e-07,-0.713872,0.700275],"initscale":[0.999999,0.999999,1.0],"offmtx":[[0.999815,-0.019226,0.0,0.918571],[0.019226,0.999815,5.437408958641754e-07,-25.016824],[-0.0,-5.430295573205512e-07,0.999999,3.687231]],"boundingbox":[[-0.014224,-0.168945,-0.336238],[0.899168,0.100898,-0.144269]]},{"name":"bone_26","parent":"bone_02","initpos":[6.615974,-6e-06,1.165445],"initquaternion":[0.649698,-0.332313,0.279089,0.624153],"initscale":[1.0,1.0,1.0],"offmtx":[[0.083417,0.623352,0.777478,-19.999288],[-7.189808570728928e-07,-0.780197,0.625532,23.16827],[0.996514,-0.05218,-0.065081,1.674134]],"boundingbox":[[-0.168705,-2.23501,-6.635506],[6.997858,6.264479,6.209921]]},{"name":"bone_30","parent":"bone_26","initpos":[1.787662,-0.356504,-0.149644],"initquaternion":[-0.010993,0.040271,-0.263113,0.963861],"initscale":[0.999999,0.999999,0.999999],"offmtx":[[1.341105502206119e-07,0.935187,0.354153,-30.78358],[-1e-06,-0.354153,0.935186,9.153326],[0.999999,-6.891774546602392e-07,1e-06,1.9e-05]],"boundingbox":[[-0.795733,-2.255047,-0.298571],[5.366954,2.632072,2.124649]]},{"name":"bone_58","parent":"bone_26","initpos":[4.951578,-0.655237,-0.414493],"initquaternion":[0.029332,0.029702,0.702038,0.710914],"initscale":[0.999999,1.0,0.999999],"offmtx":[[-2.2840674773760838e-07,-0.772276,0.635286,23.507041],[-3.556476144694898e-07,-0.635286,-0.772276,25.335472],[1.0,-4.0233129539046786e-07,-1.2955470651832002e-07,1.5e-05]],"boundingbox":[[-0.043842,-4.277644,-4.76598],[4.312482,2.843091,1.922714]]},{"name":"bone_28","parent":"bone_58","initpos":[3.183849,-0.093553,-1e-06],"initquaternion":[-7.985238426044816e-07,7.198913181127864e-07,-0.005789,0.999983],"initscale":[0.999999,0.999998,1.0],"offmtx":[[-1e-06,-0.764868,0.644186,20.027364],[-1e-06,-0.644186,-0.764868,25.66267],[1.0,-2e-06,-4.347563447026914e-07,8.7e-05]],"boundingbox":[[-1.524148,-2.827288,-2.78954],[4.600025,1.236655,2.679021]]},{"name":"bone_17","parent":"bone_28","initpos":[3.418413,0.962589,0.277336],"initquaternion":[6.277434181356512e-07,-1.892081940013668e-07,-0.000474,0.999999],"initscale":[0.999999,0.999999,1.0],"offmtx":[[-1e-06,-0.764257,0.644911,16.585523],[-7.085636752890423e-07,-0.644911,-0.764257,24.715826],[1.0,-1e-06,2.813283970226621e-07,-0.277286]],"boundingbox":[[-1.197525,-1.770724,-1.856913],[4.347433,1.301739,1.716726]]},{"name":"bone_29","parent":"bone_26","initpos":[4.029396,2.013414,-0.3373],"initquaternion":[0.033064,0.025481,0.79138,0.609897],"initscale":[0.999999,0.999999,0.999999],"offmtx":[[-7.692719918850344e-07,-0.913811,0.406137,26.599624],[-1e-06,-0.406138,-0.913811,17.927928],[1.0,-1e-06,-1e-06,5.2e-05]],"boundingbox":[[-0.939514,-2.188405,-3.272897],[4.669431,3.869595,3.632227]]},{"name":"bone_20","parent":"bone_29","initpos":[4.238733,-0.296951,-0.0],"initquaternion":[6.415453981389874e-07,0.0,0.280159,0.959953],"initscale":[1.0,1.0,1.0],"offmtx":[[-1e-06,-0.988815,-0.149138,28.653514],[7.764979841340391e-07,0.149138,-0.988816,3.336466],[1.0,-1e-06,5.995027549943188e-07,3.7e-05]],"boundingbox":[[-1.397705,-2.989626,-0.853981],[4.358915,1.266642,1.569339]]},{"name":"bone_19","parent":"bone_02","initpos":[7.697639,-1.927694,-3.595212],"initquaternion":[-0.0,-1.678137664384849e-07,0.987133,-0.159896],"initscale":[1.0,1.0,1.0],"offmtx":[[0.315678,-0.948866,-5.075113449493074e-07,29.48141],[0.948866,0.315678,3.625180511335202e-07,-11.839739],[-1.8377090782450978e-07,-5.959995519333461e-07,0.999999,3.595227]],"boundingbox":[[-0.049271,-0.656866,-0.468492],[4.208926,0.763972,-0.373155]]},{"name":"bone_41","parent":"bone_02","initpos":[7.807634,-2.93155,-3.631963],"initquaternion":[-1.8621035735577607e-07,-2.0208376838581898e-07,0.953587,-0.301116],"initscale":[0.999999,0.999999,1.0],"offmtx":[[0.574281,-0.818657,-6.821135798418254e-07,24.367353],[0.818657,0.574281,5.06588548887521e-07,-20.674417],[-0.0,-8.493421432831383e-07,0.999999,3.631986]],"boundingbox":[[-0.033201,-0.416786,-0.411549],[3.011751,0.494541,-0.31621]]},{"name":"bone_34","parent":"bone_02","initpos":[7.953279,-1.077486,-3.595212],"initquaternion":[-0.0,-0.0,0.988883,-0.148695],"initscale":[1.0,1.0,1.0],"offmtx":[[0.294085,-0.955778,-5.230091346675181e-07,30.236618],[0.955778,0.294085,5.912357323722972e-07,-10.430888],[-4.1128171801574354e-07,-6.737550393154379e-07,0.999999,3.595231]],"boundingbox":[[-0.052108,-1.446701,-0.418149],[4.249186,0.567502,-0.418146]]},{"name":"bone_42","parent":"bone_02","initpos":[7.740407,1.254419,-3.587886],"initquaternion":[-0.0,-1.5294160959911096e-07,0.985017,0.172453],"initscale":[0.999999,0.999999,1.0],"offmtx":[[-0.339739,-0.940519,-8.435470135736978e-07,29.439306],[0.940519,-0.339738,-0.0,11.967961],[-2.437893158457882e-07,-8.088318850241194e-07,0.999999,3.587909]],"boundingbox":[[-0.038764,-0.514601,-0.425474],[2.704945,0.50172,-0.330136]]},{"name":"bone_32","parent":"bone_02","initpos":[7.379053,2.014149,-3.681758],"initquaternion":[-0.0,-1.5256046026479453e-07,0.984085,0.177697],"initscale":[0.999999,0.999999,1.0],"offmtx":[[-0.349738,-0.936847,-8.464904794891481e-07,28.705917],[0.936847,-0.349738,-0.0,12.866239],[-2.458602637034346e-07,-8.117688707898196e-07,0.999999,3.681781]],"boundingbox":[[-0.035132,-0.523762,-0.382086],[4.430738,0.522545,-0.286747]]},{"name":"bone_43","parent":"bone_02","initpos":[8.212959,2.751105,-3.415309],"initquaternion":[-0.0,-0.0,0.984807,0.173648],"initscale":[1.0,1.0,1.0],"offmtx":[[-0.34202,-0.939692,-8.442252692475449e-07,29.342336],[0.939692,-0.34202,1.9107983462163247e-07,13.607417],[-4.6829873667775246e-07,-7.279589340214443e-07,0.999999,3.41533]],"boundingbox":[[-0.004412,-0.555474,-0.59805],[3.675361,0.555168,-0.502712]]}],"boundingbox":[[-6.256145,23.434253,-4.094137],[6.553869,36.857963,11.897369]]}