{
  "skeleton": [
    {
      "name": "root",
      "parent": "root",
      "initpos": [
        0,
        0,
        0
      ],
      "initquaternion": [
        0.707106,
        0,
        0,
        0.707106
      ],
      "initscale": [
        1,
        0.999999,
        0.999999
      ],
      "offmtx": [
        [
          1,
          0,
          0,
          0
        ],
        [
          0,
          1,
          0,
          0
        ],
        [
          0,
          0,
          1,
          0
        ]
      ],
      "boundingbox": [
        [
          0,
          0,
          0
        ],
        [
          0,
          0,
          0
        ]
      ]
    },
    {
      "name": "Bone050",
      "parent": "root",
      "initpos": [
        -78.805976,
        101.444076,
        -58.332424
      ],
      "initquaternion": [
        0.126974,
        -0.04047,
        0.933238,
        0.333625
      ],
      "initscale": [
        1,
        0.999999,
        0.999999
      ],
      "offmtx": [
        [
          -0.769849,
          -0.093466,
          0.631344,
          6.042693
        ],
        [
          -0.63386,
          -0.003518,
          -0.773439,
          16.955085
        ],
        [
          0.074512,
          -0.995616,
          -0.056536,
          19.1893
        ]
      ],
      "boundingbox": [
        [
          0.034887,
          -1.668451,
          -1.447351
        ],
        [
          4.097599,
          1.684312,
          2.331583
        ]
      ]
    },
    {
      "name": "Bone044",
      "parent": "Bone050",
      "initpos": [
        0.417678,
        -0.049121,
        -0.333786
      ],
      "initquaternion": [
        -0.071626,
        -0.010785,
        0.997371,
        0.001839
      ],
      "initscale": [
        0.999999,
        0.999999,
        0.999999
      ],
      "offmtx": [
        [
          0.189374,
          -0.015023,
          -0.981789,
          8.26878
        ],
        [
          0.966894,
          0.177015,
          0.183792,
          -19.590126
        ],
        [
          0.17103,
          -0.984093,
          0.048048,
          17.426919
        ]
      ],
      "boundingbox": [
        [
          -0.003847,
          -2.064908,
          -2.226629
        ],
        [
          4.210855,
          2.158058,
          1.870648
        ]
      ]
    },
    {
      "name": "Bone054",
      "parent": "Bone050",
      "initpos": [
        2.760955,
        -0.259113,
        -0.252166
      ],
      "initquaternion": [
        -0.07869,
        -0.126548,
        -0.057895,
        0.987137
      ],
      "initscale": [
        0.999999,
        0.999999,
        1
      ],
      "offmtx": [
        [
          -0.660908,
          -0.347332,
          0.665251,
          6.564277
        ],
        [
          -0.735573,
          0.12409,
          -0.665982,
          14.590585
        ],
        [
          0.148765,
          -0.929495,
          -0.337501,
          20.714578
        ]
      ],
      "boundingbox": [
        [
          -0.057349,
          -0.411132,
          -0.421079
        ],
        [
          1.999072,
          0.50691,
          0.415438
        ]
      ]
    },
    {
      "name": "Bone055",
      "parent": "Bone054",
      "initpos": [
        1.957664,
        0.000007,
        0
      ],
      "initquaternion": [
        0.187155,
        0.323349,
        -0.071299,
        0.924842
      ],
      "initscale": [
        0.999999,
        0.999999,
        0.999999
      ],
      "offmtx": [
        [
          -0.600953,
          0.308217,
          0.737466,
          -9.503914
        ],
        [
          -0.799078,
          -0.252622,
          -0.545578,
          20.801008
        ],
        [
          0.018143,
          -0.91716,
          0.398104,
          11.840344
        ]
      ],
      "boundingbox": [
        [
          -0.151511,
          -0.198005,
          -0.490683
        ],
        [
          2.558735,
          0.493667,
          0.558353
        ]
      ]
    },
    {
      "name": "Bone045",
      "parent": "Bone050",
      "initpos": [
        2.029312,
        -1.412979,
        0.26062
      ],
      "initquaternion": [
        -0.176579,
        -0.020201,
        -0.700987,
        0.690672
      ],
      "initscale": [
        1.000001,
        0.999999,
        0.999999
      ],
      "offmtx": [
        [
          -0.092709,
          -0.208599,
          0.973597,
          -6.689627
        ],
        [
          -0.114595,
          0.973545,
          0.197676,
          -20.732666
        ],
        [
          -0.989076,
          -0.093243,
          -0.114161,
          17.750345
        ]
      ],
      "boundingbox": [
        [
          -0.020745,
          -0.864396,
          -0.138913
        ],
        [
          2.887671,
          0.825127,
          0.100816
        ]
      ]
    },
    {
      "name": "Bone053",
      "parent": "Bone050",
      "initpos": [
        2.145469,
        1.348638,
        0.206481
      ],
      "initquaternion": [
        0.217976,
        -0.124062,
        0.6482,
        0.718978
      ],
      "initscale": [
        1.000001,
        0.999999,
        1
      ],
      "offmtx": [
        [
          -0.870316,
          -0.011564,
          0.492357,
          6.414911
        ],
        [
          0.102187,
          -0.982207,
          0.157562,
          16.763832
        ],
        [
          0.481775,
          0.187441,
          0.856012,
          -17.505928
        ]
      ],
      "boundingbox": [
        [
          -0.047976,
          -0.916031,
          -0.078905
        ],
        [
          2.842592,
          0.797115,
          0.041695
        ]
      ]
    },
    {
      "name": "Bone048",
      "parent": "root",
      "initpos": [
        -92.529747,
        85.296157,
        -59.285369
      ],
      "initquaternion": [
        0.099751,
        -0.088477,
        0.939792,
        0.314659
      ],
      "initscale": [
        0.999999,
        1,
        1
      ],
      "offmtx": [
        [
          0.817556,
          -0.145098,
          0.557267,
          9.104022
        ],
        [
          -0.565073,
          -0.015819,
          0.824888,
          -15.787603
        ],
        [
          -0.110874,
          -0.98929,
          -0.094924,
          19.091392
        ]
      ],
      "boundingbox": [
        [
          0.148309,
          -2.262009,
          -1.534427
        ],
        [
          4.982824,
          1.994535,
          2.63686
        ]
      ]
    },
    {
      "name": "Bone042",
      "parent": "Bone048",
      "initpos": [
        4.002197,
        0.169868,
        -0.464767
      ],
      "initquaternion": [
        -0.013046,
        -0.246312,
        0.00388,
        0.969094
      ],
      "initscale": [
        0.999999,
        0.999999,
        1
      ],
      "offmtx": [
        [
          0.657528,
          -0.599896,
          0.45583,
          13.594187
        ],
        [
          -0.562743,
          0.011251,
          0.826555,
          -16.489036
        ],
        [
          -0.500976,
          -0.799998,
          -0.330189,
          14.367437
        ]
      ],
      "boundingbox": [
        [
          -0.042229,
          -0.399171,
          -0.328218
        ],
        [
          2.11893,
          0.388467,
          0.242398
        ]
      ]
    },
    {
      "name": "Bone041",
      "parent": "Bone042",
      "initpos": [
        1.957664,
        -0.000011,
        0
      ],
      "initquaternion": [
        0.002299,
        0.331052,
        -0.006554,
        0.943586
      ],
      "initscale": [
        0.999999,
        0.999999,
        1
      ],
      "offmtx": [
        [
          0.832453,
          0.031351,
          0.553207,
          0.287215
        ],
        [
          -0.553553,
          0.002916,
          0.832808,
          -16.325778
        ],
        [
          0.024496,
          -0.999504,
          0.019782,
          18.63079
        ]
      ],
      "boundingbox": [
        [
          -0.004048,
          -0.447218,
          -0.256276
        ],
        [
          2.972233,
          0.394254,
          0.328863
        ]
      ]
    },
    {
      "name": "Bone051",
      "parent": "Bone048",
      "initpos": [
        2.941864,
        -0.115074,
        -1.618637
      ],
      "initquaternion": [
        -0.075617,
        0.704562,
        0.061845,
        0.702886
      ],
      "initscale": [
        0.999999,
        0.999999,
        0.999999
      ],
      "offmtx": [
        [
          0.121555,
          0.989478,
          0.078468,
          -20.401519
        ],
        [
          -0.710359,
          0.031505,
          0.703133,
          -16.962415
        ],
        [
          0.693262,
          -0.141209,
          0.706715,
          2.925758
        ]
      ],
      "boundingbox": [
        [
          -0.037982,
          -2.10909,
          -0.100972
        ],
        [
          1.881725,
          2.112033,
          0.109925
        ]
      ]
    },
    {
      "name": "Bone049",
      "parent": "Bone048",
      "initpos": [
        1.489791,
        -1.961588,
        -0.808563
      ],
      "initquaternion": [
        0.292256,
        0.243325,
        -0.582998,
        0.717977
      ],
      "initscale": [
        0.999999,
        1,
        1.000001
      ],
      "offmtx": [
        [
          0.88159,
          -0.033748,
          0.470807,
          6.053141
        ],
        [
          0.074071,
          0.994974,
          -0.067377,
          -18.922943
        ],
        [
          -0.466167,
          0.094272,
          0.879659,
          -15.330602
        ]
      ],
      "boundingbox": [
        [
          -0.01995,
          -0.779354,
          -0.089175
        ],
        [
          2.863333,
          0.891777,
          0.062276
        ]
      ]
    },
    {
      "name": "Bone047",
      "parent": "Bone048",
      "initpos": [
        1.40232,
        2.233924,
        -0.996963
      ],
      "initquaternion": [
        -0.303214,
        0.279724,
        0.60733,
        0.678943
      ],
      "initscale": [
        1,
        0.999999,
        0.999998
      ],
      "offmtx": [
        [
          0.204365,
          0.389251,
          0.898174,
          -16.037624
        ],
        [
          0.081048,
          -0.921117,
          0.380753,
          15.582464
        ],
        [
          0.975533,
          -0.005017,
          -0.219792,
          16.632997
        ]
      ],
      "boundingbox": [
        [
          -0.051682,
          -0.848052,
          -0.08426
        ],
        [
          2.846671,
          0.83649,
          0.107526
        ]
      ]
    },
    {
      "name": "Bone052",
      "parent": "Bone048",
      "initpos": [
        0.188499,
        -0.063235,
        -1.714927
      ],
      "initquaternion": [
        0.003511,
        -0.000819,
        0.999863,
        0.016092
      ],
      "initscale": [
        0.999999,
        1,
        0.999999
      ],
      "offmtx": [
        [
          -0.423927,
          0.086847,
          -0.901522,
          1.014986
        ],
        [
          0.882467,
          -0.184382,
          -0.432729,
          19.977607
        ],
        [
          -0.203806,
          -0.97901,
          0.001524,
          18.416032
        ]
      ],
      "boundingbox": [
        [
          -0.012344,
          -2.298934,
          -2.374704
        ],
        [
          5.437497,
          2.404388,
          2.217151
        ]
      ]
    },
    {
      "name": "Bone036",
      "parent": "root",
      "initpos": [
        -0.000003,
        -0.000036,
        179.694931
      ],
      "initquaternion": [
        -0.494599,
        0.486702,
        0.489991,
        0.527636
      ],
      "initscale": [
        0.000999,
        0.001,
        0.001
      ],
      "offmtx": [
        [
          1,
          0,
          0,
          0
        ],
        [
          0,
          1,
          0,
          0
        ],
        [
          0,
          0,
          1,
          0
        ]
      ],
      "boundingbox": [
        [
          0,
          0,
          0
        ],
        [
          0,
          0,
          0
        ]
      ]
    },
    {
      "name": "Bone030",
      "parent": "Bone036",
      "initpos": [
        1.96875,
        2.092285,
        3.474121
      ],
      "initquaternion": [
        -0.167988,
        0.701603,
        -0.606439,
        -0.334309
      ],
      "initscale": [
        1.000002,
        1.000001,
        0.999999
      ],
      "offmtx": [
        [
          -0.423448,
          -0.860581,
          0.283002,
          20.38421
        ],
        [
          -0.0938,
          -0.269063,
          -0.958543,
          10.219118
        ],
        [
          0.90105,
          -0.432439,
          0.033211,
          12.750801
        ]
      ],
      "boundingbox": [
        [
          0.016462,
          -1.892888,
          -2.613438
        ],
        [
          3.249031,
          1.905458,
          1.699707
        ]
      ]
    },
    {
      "name": "Bone034",
      "parent": "Bone030",
      "initpos": [
        2.765625,
        -0.039062,
        -0.140625
      ],
      "initquaternion": [
        0.231801,
        -0.012053,
        -0.238142,
        0.943085
      ],
      "initscale": [
        1.000001,
        0.999998,
        0.999999
      ],
      "offmtx": [
        [
          -0.412566,
          -0.78754,
          0.457787,
          15.189963
        ],
        [
          0.251908,
          -0.581589,
          -0.773495,
          17.82776
        ],
        [
          0.875403,
          -0.203798,
          0.438332,
          5.579995
        ]
      ],
      "boundingbox": [
        [
          0.068406,
          -1.223255,
          -1.003737
        ],
        [
          2.462275,
          1.191273,
          0.99143
        ]
      ]
    },
    {
      "name": "Bone007",
      "parent": "Bone034",
      "initpos": [
        1.824218,
        0.109375,
        -0.583007
      ],
      "initquaternion": [
        -0.05249,
        -0.011814,
        -0.107332,
        0.992766
      ],
      "initscale": [
        0.999997,
        1,
        1.000001
      ],
      "offmtx": [
        [
          -0.446097,
          -0.686587,
          0.574104,
          10.428374
        ],
        [
          0.102022,
          -0.676298,
          -0.729528,
          18.947366
        ],
        [
          0.88915,
          -0.266868,
          0.371742,
          7.939119
        ]
      ],
      "boundingbox": [
        [
          -0.445688,
          -2.804136,
          -2.245826
        ],
        [
          3.437378,
          1.91843,
          2.043217
        ]
      ]
    },
    {
      "name": "Bone039",
      "parent": "Bone007",
      "initpos": [
        2.873046,
        0.03125,
        -0.567871
      ],
      "initquaternion": [
        0.112325,
        0.003445,
        -0.05527,
        0.992127
      ],
      "initscale": [
        0.999998,
        0.999998,
        0.999996
      ],
      "offmtx": [
        [
          -0.492174,
          -0.567443,
          0.660129,
          4.323965
        ],
        [
          0.243822,
          -0.817845,
          -0.521228,
          21.313137
        ],
        [
          0.835651,
          -0.09558,
          0.540877,
          3.651687
        ]
      ],
      "boundingbox": [
        [
          -0.004309,
          -1.156877,
          -0.699207
        ],
        [
          2.166082,
          1.198776,
          0.751005
        ]
      ]
    },
    {
      "name": "Bone008",
      "parent": "Bone039",
      "initpos": [
        1.112792,
        -0.078125,
        -0.753906
      ],
      "initquaternion": [
        -0.080667,
        -0.01357,
        0.028421,
        0.996243
      ],
      "initscale": [
        1.000002,
        0.999999,
        1.000001
      ],
      "offmtx": [
        [
          -0.456467,
          -0.574724,
          0.679212,
          3.490187
        ],
        [
          0.100777,
          -0.791867,
          -0.60232,
          20.373878
        ],
        [
          0.884014,
          -0.20649,
          0.41938,
          7.754908
        ]
      ],
      "boundingbox": [
        [
          0.092399,
          -1.710925,
          -1.834277
        ],
        [
          3.389482,
          2.276562,
          1.836716
        ]
      ]
    },
    {
      "name": "Bone033",
      "parent": "Bone008",
      "initpos": [
        2.842773,
        0.109375,
        -0.509765
      ],
      "initquaternion": [
        0.159559,
        0.016479,
        0.016358,
        0.986915
      ],
      "initscale": [
        0.999997,
        0.999999,
        0.999996
      ],
      "offmtx": [
        [
          -0.487355,
          -0.541116,
          0.685329,
          -0.293559
        ],
        [
          0.357543,
          -0.839697,
          -0.408742,
          21.85638
        ],
        [
          0.796646,
          0.045832,
          0.602703,
          1.37669
        ]
      ],
      "boundingbox": [
        [
          0.058705,
          -0.821532,
          -0.792148
        ],
        [
          1.422126,
          0.957408,
          0.830531
        ]
      ]
    },
    {
      "name": "Bone004",
      "parent": "Bone033",
      "initpos": [
        1.064453,
        0.125,
        -0.492187
      ],
      "initquaternion": [
        -0.055551,
        0.007552,
        0.006006,
        0.998409
      ],
      "initscale": [
        1.000003,
        1.000004,
        0.999999
      ],
      "offmtx": [
        [
          -0.506521,
          -0.503081,
          0.700247,
          -2.34212
        ],
        [
          0.24796,
          -0.86282,
          -0.440518,
          21.334598
        ],
        [
          0.825803,
          -0.049498,
          0.56178,
          4.176748
        ]
      ],
      "boundingbox": [
        [
          0.022747,
          -1.880242,
          -1.546399
        ],
        [
          2.313612,
          1.671667,
          1.655709
        ]
      ]
    },
    {
      "name": "Bone031",
      "parent": "Bone004",
      "initpos": [
        2.220703,
        0,
        -0.210937
      ],
      "initquaternion": [
        0.096447,
        0.003431,
        -0.094035,
        0.99088
      ],
      "initscale": [
        0.999992,
        0.999998,
        0.999999
      ],
      "offmtx": [
        [
          -0.594362,
          -0.138601,
          0.792162,
          -12.429401
        ],
        [
          0.218017,
          -0.975917,
          -0.007173,
          18.448965
        ],
        [
          0.77408,
          0.168442,
          0.610266,
          -0.24904
        ]
      ],
      "boundingbox": [
        [
          0.056804,
          -0.716666,
          -0.520386
        ],
        [
          1.073672,
          0.71947,
          0.522304
        ]
      ]
    },
    {
      "name": "Bone016",
      "parent": "Bone031",
      "initpos": [
        0.79541,
        0.015625,
        -0.070312
      ],
      "initquaternion": [
        -0.067178,
        0.019706,
        0.02436,
        0.997248
      ],
      "initscale": [
        1.000003,
        1.000002,
        0.999998
      ],
      "offmtx": [
        [
          -0.639044,
          -0.074305,
          0.765571,
          -14.504364
        ],
        [
          0.072876,
          -0.996694,
          -0.035905,
          17.373394
        ],
        [
          0.765709,
          0.032846,
          0.642347,
          1.562426
        ]
      ],
      "boundingbox": [
        [
          -0.080336,
          -1.365877,
          -1.023283
        ],
        [
          2.290772,
          1.272831,
          1.497051
        ]
      ]
    },
    {
      "name": "Bone040",
      "parent": "Bone016",
      "initpos": [
        1.461425,
        -0.015625,
        0.035156
      ],
      "initquaternion": [
        0.034454,
        -0.002331,
        -0.041344,
        0.998547
      ],
      "initscale": [
        1.000002,
        0.999999,
        0.999996
      ],
      "offmtx": [
        [
          -0.630527,
          0.152218,
          0.761093,
          -19.450733
        ],
        [
          -0.000002,
          -0.98058,
          0.196113,
          13.456614
        ],
        [
          0.776166,
          0.123653,
          0.618283,
          0.494328
        ]
      ],
      "boundingbox": [
        [
          0.002368,
          -0.695024,
          -0.424109
        ],
        [
          1.527482,
          0.74407,
          0.40426
        ]
      ]
    },
    {
      "name": "Bone017",
      "parent": "Bone040",
      "initpos": [
        1.190429,
        0.03125,
        -0.046875
      ],
      "initquaternion": [
        -0.048693,
        0.002797,
        0.025959,
        0.998472
      ],
      "initscale": [
        0.999997,
        1.000003,
        1.000004
      ],
      "offmtx": [
        [
          -0.620908,
          0.155596,
          0.768285,
          -20.658266
        ],
        [
          -0.075741,
          -0.987424,
          0.138765,
          13.267616
        ],
        [
          0.780215,
          0.027969,
          0.624885,
          2.059044
        ]
      ],
      "boundingbox": [
        [
          -0.084907,
          -1.090572,
          -0.752326
        ],
        [
          1.722656,
          1.016004,
          1.364717
        ]
      ]
    },
    {
      "name": "Bone032",
      "parent": "Bone017",
      "initpos": [
        1.054779,
        -0.140625,
        -0.003906
      ],
      "initquaternion": [
        0.063404,
        0.018956,
        -0.047142,
        0.996693
      ],
      "initscale": [
        1.000006,
        0.999997,
        0.999995
      ],
      "offmtx": [
        [
          -0.638091,
          0.31779,
          0.701318,
          -23.733116
        ],
        [
          -0.089431,
          -0.935274,
          0.342435,
          9.585327
        ],
        [
          0.764748,
          0.155784,
          0.625211,
          -0.265686
        ]
      ],
      "boundingbox": [
        [
          -0.000822,
          -0.557937,
          -0.387603
        ],
        [
          1.116312,
          0.549546,
          0.789399
        ]
      ]
    },
    {
      "name": "Bone011",
      "parent": "Bone032",
      "initpos": [
        1.162109,
        0,
        0.085937
      ],
      "initquaternion": [
        -0.065125,
        -0.007197,
        0.031411,
        0.997356
      ],
      "initscale": [
        0.999993,
        0.999999,
        1.000002
      ],
      "offmtx": [
        [
          -0.607421,
          0.272391,
          0.746218,
          -24.319028
        ],
        [
          -0.149342,
          -0.96178,
          0.229512,
          10.777255
        ],
        [
          0.780216,
          0.027969,
          0.624885,
          2.059053
        ]
      ],
      "boundingbox": [
        [
          -0.110666,
          -1.146232,
          -0.794514
        ],
        [
          1.403957,
          1.132421,
          1.307814
        ]
      ]
    },
    {
      "name": "Bone043",
      "parent": "Bone011",
      "initpos": [
        1.071289,
        0.34375,
        -0.066406
      ],
      "initquaternion": [
        0.008539,
        0.045546,
        -0.03321,
        0.998373
      ],
      "initscale": [
        1.000001,
        0.999994,
        0.999998
      ],
      "offmtx": [
        [
          -0.617249,
          0.324142,
          0.716891,
          -25.969667
        ],
        [
          -0.177699,
          -0.945077,
          0.274316,
          9.013285
        ],
        [
          0.766436,
          0.041929,
          0.640949,
          1.431196
        ]
      ],
      "boundingbox": [
        [
          -0.014028,
          -0.576746,
          -0.412709
        ],
        [
          1.846475,
          1.600993,
          0.608571
        ]
      ]
    },
    {
      "name": "Bone019",
      "parent": "Bone043",
      "initpos": [
        0.93457,
        0.078125,
        -1
      ],
      "initquaternion": [
        0.030511,
        -0.027401,
        0.333369,
        0.941903
      ],
      "initscale": [
        1.000001,
        0.999995,
        1.000007
      ],
      "offmtx": [
        [
          -0.400868,
          -0.653859,
          0.641694,
          -5.418392
        ],
        [
          0.447312,
          -0.750963,
          -0.485761,
          27.78565
        ],
        [
          0.799509,
          0.092311,
          0.593517,
          2.843006
        ]
      ],
      "boundingbox": [
        [
          -0.034986,
          -1.742494,
          -1.60153
        ],
        [
          5.825939,
          1.848226,
          1.928535
        ]
      ]
    },
    {
      "name": "Bone018",
      "parent": "Bone036",
      "initpos": [
        2.109375,
        -1.700683,
        3.583984
      ],
      "initquaternion": [
        0.178921,
        0.72326,
        0.591005,
        -0.309182
      ],
      "initscale": [
        1,
        0.999998,
        1
      ],
      "offmtx": [
        [
          0.423448,
          -0.860581,
          0.283002,
          20.384164
        ],
        [
          -0.0938,
          0.269062,
          0.958543,
          -10.219103
        ],
        [
          -0.90105,
          -0.432439,
          0.033211,
          12.75089
        ]
      ],
      "boundingbox": [
        [
          0.016419,
          -1.905449,
          -2.613349
        ],
        [
          3.24899,
          1.892898,
          1.699795
        ]
      ]
    },
    {
      "name": "Bone012",
      "parent": "Bone018",
      "initpos": [
        2.734375,
        0,
        -0.042968
      ],
      "initquaternion": [
        -0.229118,
        -0.011859,
        0.236955,
        0.944042
      ],
      "initscale": [
        1,
        1,
        1.000002
      ],
      "offmtx": [
        [
          0.412566,
          -0.78754,
          0.457787,
          15.18992
        ],
        [
          0.251908,
          0.581589,
          0.773495,
          -17.827785
        ],
        [
          -0.875403,
          -0.203798,
          0.438332,
          5.580081
        ]
      ],
      "boundingbox": [
        [
          0.068364,
          -1.1913,
          -1.003654
        ],
        [
          2.462234,
          1.223229,
          0.991516
        ]
      ]
    },
    {
      "name": "Bone014",
      "parent": "Bone012",
      "initpos": [
        1.8125,
        -0.109375,
        -0.582031
      ],
      "initquaternion": [
        0.050703,
        -0.007111,
        0.109705,
        0.992644
      ],
      "initscale": [
        0.999996,
        1.000005,
        0.999997
      ],
      "offmtx": [
        [
          0.446096,
          -0.686586,
          0.574104,
          10.428324
        ],
        [
          0.102023,
          0.676298,
          0.729528,
          -18.947376
        ],
        [
          -0.88915,
          -0.266868,
          0.371742,
          7.939199
        ]
      ],
      "boundingbox": [
        [
          -0.445735,
          -1.91844,
          -2.245736
        ],
        [
          3.437329,
          2.804123,
          2.043304
        ]
      ]
    },
    {
      "name": "Bone013",
      "parent": "Bone014",
      "initpos": [
        2.871093,
        -0.046875,
        -0.572265
      ],
      "initquaternion": [
        -0.11407,
        0.005702,
        0.056402,
        0.991853
      ],
      "initscale": [
        1.000004,
        0.999995,
        0.999998
      ],
      "offmtx": [
        [
          0.492174,
          -0.567444,
          0.660129,
          4.323923
        ],
        [
          0.243822,
          0.817845,
          0.521228,
          -21.313154
        ],
        [
          -0.835652,
          -0.09558,
          0.540878,
          3.651765
        ]
      ],
      "boundingbox": [
        [
          -0.004361,
          -1.198794,
          -0.699127
        ],
        [
          2.166031,
          1.156859,
          0.751088
        ]
      ]
    },
    {
      "name": "Bone010",
      "parent": "Bone013",
      "initpos": [
        1.111328,
        0.09375,
        -0.757812
      ],
      "initquaternion": [
        0.080375,
        -0.014299,
        -0.029133,
        0.996236
      ],
      "initscale": [
        1.000003,
        0.999997,
        1
      ],
      "offmtx": [
        [
          0.456467,
          -0.574724,
          0.679212,
          3.490137
        ],
        [
          0.100777,
          0.791867,
          0.60232,
          -20.373878
        ],
        [
          -0.884014,
          -0.20649,
          0.41938,
          7.754983
        ]
      ],
      "boundingbox": [
        [
          0.09235,
          -2.276564,
          -1.834188
        ],
        [
          3.38943,
          1.710921,
          1.8368
        ]
      ]
    },
    {
      "name": "Bone026",
      "parent": "Bone010",
      "initpos": [
        2.84375,
        -0.0625,
        -0.503906
      ],
      "initquaternion": [
        -0.15955,
        0.015307,
        -0.017392,
        0.986917
      ],
      "initscale": [
        0.999992,
        1.000011,
        0.999997
      ],
      "offmtx": [
        [
          0.487355,
          -0.541117,
          0.685329,
          -0.293607
        ],
        [
          0.357543,
          0.839697,
          0.408743,
          -21.856403
        ],
        [
          -0.796647,
          0.045831,
          0.602704,
          1.376769
        ]
      ],
      "boundingbox": [
        [
          0.058651,
          -0.957432,
          -0.79207
        ],
        [
          1.422076,
          0.821507,
          0.83061
        ]
      ]
    },
    {
      "name": "Bone028",
      "parent": "Bone026",
      "initpos": [
        1.0625,
        -0.109375,
        -0.492187
      ],
      "initquaternion": [
        0.055505,
        0.005839,
        -0.007746,
        0.998411
      ],
      "initscale": [
        1.000012,
        0.999986,
        0.999999
      ],
      "offmtx": [
        [
          0.506521,
          -0.503081,
          0.700246,
          -2.342161
        ],
        [
          0.24796,
          0.862819,
          0.440518,
          -21.334608
        ],
        [
          -0.825803,
          -0.049498,
          0.561781,
          4.176828
        ]
      ],
      "boundingbox": [
        [
          0.022693,
          -1.671679,
          -1.546319
        ],
        [
          2.313559,
          1.880228,
          1.655791
        ]
      ]
    },
    {
      "name": "Bone024",
      "parent": "Bone028",
      "initpos": [
        2.214843,
        0.015625,
        -0.203125
      ],
      "initquaternion": [
        -0.098787,
        0.001734,
        0.092449,
        0.990803
      ],
      "initscale": [
        0.99999,
        0.999996,
        1.000009
      ],
      "offmtx": [
        [
          0.594362,
          -0.138603,
          0.792163,
          -12.42945
        ],
        [
          0.218018,
          0.975917,
          0.007174,
          -18.448989
        ],
        [
          -0.77408,
          0.168442,
          0.610267,
          -0.248971
        ]
      ],
      "boundingbox": [
        [
          0.056746,
          -0.719479,
          -0.520304
        ],
        [
          1.073613,
          0.716656,
          0.522385
        ]
      ]
    },
    {
      "name": "Bone025",
      "parent": "Bone024",
      "initpos": [
        0.795898,
        -0.015625,
        -0.054687
      ],
      "initquaternion": [
        0.066857,
        0.018663,
        -0.025884,
        0.997252
      ],
      "initscale": [
        1.000013,
        0.999998,
        0.999986
      ],
      "offmtx": [
        [
          0.639045,
          -0.074305,
          0.765572,
          -14.504441
        ],
        [
          0.072876,
          0.996694,
          0.035905,
          -17.373378
        ],
        [
          -0.765709,
          0.032846,
          0.642347,
          1.562492
        ]
      ],
      "boundingbox": [
        [
          -0.080398,
          -1.272822,
          -1.023203
        ],
        [
          2.290716,
          1.365885,
          1.497131
        ]
      ]
    },
    {
      "name": "Bone020",
      "parent": "Bone025",
      "initpos": [
        1.45996,
        0.015625,
        0.023437
      ],
      "initquaternion": [
        -0.035398,
        -0.003457,
        0.039985,
        0.998567
      ],
      "initscale": [
        0.999986,
        0.999997,
        1.000012
      ],
      "offmtx": [
        [
          0.630528,
          0.152218,
          0.761094,
          -19.450805
        ],
        [
          -0.000002,
          0.98058,
          -0.196114,
          -13.456598
        ],
        [
          -0.776166,
          0.123654,
          0.618283,
          0.494396
        ]
      ],
      "boundingbox": [
        [
          0.002313,
          -0.744059,
          -0.424027
        ],
        [
          1.527427,
          0.695034,
          0.404343
        ]
      ]
    },
    {
      "name": "Bone027",
      "parent": "Bone020",
      "initpos": [
        1.189941,
        0,
        -0.03125
      ],
      "initquaternion": [
        0.048728,
        0.001885,
        -0.027126,
        0.998441
      ],
      "initscale": [
        0.999981,
        1.000019,
        1.000008
      ],
      "offmtx": [
        [
          0.620908,
          0.155596,
          0.768285,
          -20.658334
        ],
        [
          -0.075741,
          0.987424,
          -0.138765,
          -13.267588
        ],
        [
          -0.780215,
          0.027969,
          0.624885,
          2.059114
        ]
      ],
      "boundingbox": [
        [
          -0.084966,
          -1.015985,
          -0.75224
        ],
        [
          1.722599,
          1.090592,
          1.364803
        ]
      ]
    },
    {
      "name": "Bone021",
      "parent": "Bone027",
      "initpos": [
        1.05664,
        0.125,
        0
      ],
      "initquaternion": [
        -0.063633,
        0.018085,
        0.046049,
        0.996746
      ],
      "initscale": [
        1.000035,
        0.999998,
        0.999977
      ],
      "offmtx": [
        [
          0.638091,
          0.317791,
          0.701318,
          -23.733182
        ],
        [
          -0.089432,
          0.935274,
          -0.342436,
          -9.585279
        ],
        [
          -0.764749,
          0.155785,
          0.625211,
          -0.265618
        ]
      ],
      "boundingbox": [
        [
          -0.000877,
          -0.549531,
          -0.38752
        ],
        [
          1.116258,
          0.557953,
          0.445368
        ]
      ]
    },
    {
      "name": "Bone022",
      "parent": "Bone021",
      "initpos": [
        1.161552,
        0.046875,
        0.078125
      ],
      "initquaternion": [
        0.06531,
        -0.008034,
        -0.032302,
        0.997309
      ],
      "initscale": [
        0.999978,
        1.000001,
        1.000024
      ],
      "offmtx": [
        [
          0.607421,
          0.272391,
          0.746218,
          -24.319097
        ],
        [
          -0.149342,
          0.961779,
          -0.229512,
          -10.777218
        ],
        [
          -0.780215,
          0.027968,
          0.624885,
          2.059136
        ]
      ],
      "boundingbox": [
        [
          -0.110719,
          -1.132399,
          -0.794431
        ],
        [
          1.403903,
          1.146251,
          1.307899
        ]
      ]
    },
    {
      "name": "Bone023",
      "parent": "Bone022",
      "initpos": [
        1.073242,
        -0.359375,
        -0.0625
      ],
      "initquaternion": [
        -0.008381,
        0.044461,
        0.032383,
        0.99845
      ],
      "initscale": [
        1.000025,
        0.999995,
        0.999979
      ],
      "offmtx": [
        [
          0.617249,
          0.324142,
          0.716892,
          -25.96972
        ],
        [
          -0.177699,
          0.945078,
          -0.274315,
          -9.013271
        ],
        [
          -0.766436,
          0.04193,
          0.640949,
          1.431262
        ]
      ],
      "boundingbox": [
        [
          -0.014078,
          -1.600964,
          -0.412629
        ],
        [
          1.846422,
          0.576776,
          0.608652
        ]
      ]
    },
    {
      "name": "Bone029",
      "parent": "Bone023",
      "initpos": [
        0.933593,
        -0.046875,
        -0.984375
      ],
      "initquaternion": [
        -0.029055,
        -0.028501,
        -0.333581,
        0.941842
      ],
      "initscale": [
        0.999973,
        0.999996,
        1.000023
      ],
      "offmtx": [
        [
          0.400868,
          -0.653859,
          0.641694,
          -5.418434
        ],
        [
          0.447312,
          0.750963,
          0.485761,
          -27.785682
        ],
        [
          -0.799509,
          0.092311,
          0.593517,
          2.843088
        ]
      ],
      "boundingbox": [
        [
          -0.03503,
          -1.848256,
          -1.601449
        ],
        [
          5.825897,
          1.742465,
          1.928614
        ]
      ]
    }
  ],
  "boundingbox": [
    [
      -20.618661,
      12.302355,
      2.057053
    ],
    [
      20.618661,
      27.208547,
      20.328866
    ]
  ]
}
