{"skeleton":[{"name":"root","parent":"root","initpos":[0.0,0.0,-0.0],"initquaternion":[0.707106,0.0,0.0,0.707106],"initscale":[1.0,0.999999,0.999999],"offmtx":[[1.0,0.0,0.0,0.0],[0.0,1.0,0.0,0.0],[0.0,0.0,1.0,0.0]],"boundingbox":[[0.0,0.0,0.0],[0.0,0.0,0.0]]},{"name":"bone_10","parent":"root","initpos":[-5.15519,-0.097046,-21.380357],"initquaternion":[-0.000133,-0.707099,-0.000133,0.707113],"initscale":[1.0,0.999999,0.999999],"offmtx":[[0.0,-1.0,1.9e-05,21.380363],[4e-06,1.9e-05,0.999999,0.096913],[-1.0,-0.0,4e-06,-5.155091]],"boundingbox":[[0.400202,-2.075778,-1.354589],[6.84123,2.535202,1.489018]]},{"name":"bone_06","parent":"bone_10","initpos":[6.317003,2.27801,0.161902],"initquaternion":[-0.728629,-0.176163,-0.073957,0.65772],"initscale":[0.999999,1.0,0.999999],"offmtx":[[-0.339507,-0.92699,0.159447,11.810736],[0.932411,-0.354003,-0.072733,10.448743],[0.123868,0.123977,0.984523,-3.355989]],"boundingbox":[[-0.083769,-2.669849,-0.446988],[6.725184,1.974803,0.357393]]},{"name":"bone_09","parent":"bone_10","initpos":[6.320752,0.140714,-0.418955],"initquaternion":[0.348153,-0.615458,0.615458,0.348154],"initscale":[0.999999,0.999999,0.999999],"offmtx":[[-0.857097,0.515154,-9e-06,-11.817358],[0.515154,0.857097,-1.6e-05,-10.467702],[-5.513966812031867e-07,-1.8e-05,-0.999999,0.043809]],"boundingbox":[[-0.039857,-1.461394,-2.894252],[4.08379,1.416618,2.79887]]},{"name":"bone_11","parent":"bone_10","initpos":[1.734336,0.304403,-0.567192],"initquaternion":[0.360335,-0.580401,0.657311,0.318174],"initscale":[0.999999,0.999999,0.999999],"offmtx":[[-0.843042,0.537846,-9e-06,-14.434343],[0.533708,0.836555,-0.123814,-13.960741],[-0.066585,-0.104386,-0.992305,1.950826]],"boundingbox":[[0.021999,-1.157826,-4.349178],[3.859525,1.161482,3.633153]]}],"boundingbox":[[-9.476593,8.81225,-3.474208],[-3.457915,22.906129,4.598485]]}