{
  "skeleton": [
    {
      "name": "root",
      "parent": "root",
      "initpos": [
        0,
        0,
        0
      ],
      "initquaternion": [
        0.707106,
        0,
        0,
        0.707106
      ],
      "initscale": [
        1,
        0.999999,
        0.999999
      ],
      "offmtx": [
        [
          1,
          0,
          0,
          0
        ],
        [
          0,
          1,
          0,
          0
        ],
        [
          0,
          0,
          1,
          0
        ]
      ],
      "boundingbox": [
        [
          0,
          0,
          0
        ],
        [
          0,
          0,
          0
        ]
      ]
    },
    {
      "name": "bone_47",
      "parent": "root",
      "initpos": [
        5.207359,
        -0.097356,
        -21.658191
      ],
      "initquaternion": [
        -3.374067603090225e-7,
        -0.707099,
        -3.3740670346560364e-7,
        0.707113
      ],
      "initscale": [
        0.999999,
        1,
        0.999999
      ],
      "offmtx": [
        [
          4.577932202209922e-7,
          -0.999999,
          0.000019,
          21.658185
        ],
        [
          0.000004,
          0.000019,
          0.999999,
          0.096865
        ],
        [
          -1,
          -4.577070171762898e-7,
          0.000004,
          5.207323
        ]
      ],
      "boundingbox": [
        [
          -0.040717,
          -2.209246,
          -1.617427
        ],
        [
          7.141518,
          2.569531,
          1.406813
        ]
      ]
    },
    {
      "name": "bone_08",
      "parent": "bone_47",
      "initpos": [
        1.273468,
        0.304403,
        0.390919
      ],
      "initquaternion": [
        0.29295,
        0.665934,
        -0.605816,
        0.322021
      ],
      "initscale": [
        0.999999,
        0.999999,
        0.999999
      ],
      "offmtx": [
        [
          0.783838,
          0.620964,
          -0.000012,
          -16.433464
        ],
        [
          0.618195,
          -0.780341,
          0.094346,
          12.910034
        ],
        [
          0.058575,
          -0.07396,
          -0.995539,
          1.431724
        ]
      ],
      "boundingbox": [
        [
          0.141227,
          -1.200336,
          -4.346002
        ],
        [
          4.095368,
          1.015141,
          3.615166
        ]
      ]
    },
    {
      "name": "bone_07",
      "parent": "bone_47",
      "initpos": [
        6.604825,
        0.140714,
        0.596203
      ],
      "initquaternion": [
        0.307829,
        0.636585,
        -0.636585,
        0.307829
      ],
      "initscale": [
        0.999999,
        0.999999,
        0.999999
      ],
      "offmtx": [
        [
          0.783838,
          0.620964,
          -0.000012,
          -12.961972
        ],
        [
          0.620964,
          -0.783838,
          0.000015,
          8.936071
        ],
        [
          -3.954137923756207e-7,
          -0.000019,
          -0.999999,
          0.043832
        ]
      ],
      "boundingbox": [
        [
          -0.081206,
          -1.376459,
          -2.711861
        ],
        [
          4.211193,
          1.341408,
          2.605629
        ]
      ]
    },
    {
      "name": "bone_04",
      "parent": "bone_47",
      "initpos": [
        6.852713,
        2.264198,
        0.464143
      ],
      "initquaternion": [
        -0.709803,
        0.060088,
        0.180414,
        0.678247
      ],
      "initscale": [
        0.999999,
        0.999999,
        0.999999
      ],
      "offmtx": [
        [
          0.337627,
          -0.927676,
          0.159447,
          11.787789
        ],
        [
          0.941162,
          0.330031,
          -0.072746,
          -9.192741
        ],
        [
          0.014862,
          0.174627,
          0.984522,
          -4.789422
        ]
      ],
      "boundingbox": [
        [
          -0.107654,
          -1.819409,
          -0.084789
        ],
        [
          6.34292,
          1.892849,
          0.195728
        ]
      ]
    }
  ],
  "boundingbox": [
    [
      3.017472,
      9.327708,
      -3.47986
    ],
    [
      8.722932,
      24.030176,
      4.604135
    ]
  ]
}
