{"skeleton":[{"name":"root","parent":"root","initpos":[0.0,0.0,-0.0],"initquaternion":[0.707106,0.0,0.0,0.707106],"initscale":[1.0,0.999999,0.999999],"offmtx":[[1.0,0.0,0.0,0.0],[0.0,1.0,0.0,0.0],[0.0,0.0,1.0,0.0]],"boundingbox":[[0.0,0.0,0.0],[0.0,0.0,0.0]]},{"name":"Bone001","parent":"root","initpos":[-1e-06,1.183154,-0.033358],"initquaternion":[0.707106,4.7485355025855824e-07,-0.707106,4.7485363552368653e-07],"initscale":[1.0,0.999999,0.999999],"offmtx":[[4.107505446881987e-07,0.999999,0.0,-0.033357],[1e-06,-0.0,-0.999999,0.0],[-1.0,4.107505162664893e-07,-1e-06,-0.0]],"boundingbox":[[-8.162856,-1.290992,-0.959998],[8.084694,1.665522,0.960004]]},{"name":"Bind","parent":"Bone001","initpos":[-0.02405,0.0,0.0],"initquaternion":[0.5,0.499999,-0.499999,0.5],"initscale":[0.999999,0.999999,0.999999],"offmtx":[[1.0,0.0,0.0,-0.0],[-0.0,0.999999,-4.132640469833859e-07,-0.009307],[-0.0,4.132640469833859e-07,0.999999,-0.0]],"boundingbox":[[0.532697,-0.227421,-0.618578],[0.532697,-0.227421,-0.618578]]},{"name":"Bone002","parent":"Bone001","initpos":[9.378291,-1.113219,-9.536741458759934e-07],"initquaternion":[4.5114521185496415e-07,-4.993502216166235e-07,0.717164,0.696903],"initscale":[1.0,1.0,1.0],"offmtx":[[-0.0,-0.02865,-0.999589,1.382406],[1.3724134362291807e-07,-0.999589,0.02865,9.375891],[-1.0,-1.3633064099849435e-07,0.0,-0.0]],"boundingbox":[[-0.558126,-1.814791,-0.607565],[12.913214,3.934452,0.607567]]},{"name":"Bone011","parent":"Bone002","initpos":[-0.013675,-0.584935,-0.485798],"initquaternion":[-0.0,-1.0643249481745443e-07,0.999927,0.012022],"initscale":[0.999999,0.999999,1.0],"offmtx":[[0.0,0.004608,0.999989,-1.156184],[0.0,0.999989,-0.004608,-9.991514],[-1.0,0.0,0.0,0.485796]],"boundingbox":[[0.003622,-0.859596,-0.100434],[2.412472,0.811313,0.091567]]},{"name":"Bone013","parent":"Bone011","initpos":[2.374906,0.149672,-0.015644],"initquaternion":[0.0,0.0,-0.711129,0.70306],"initscale":[0.999999,0.999999,1.0],"offmtx":[[0.0,-0.999976,-0.006802,10.180819],[1.1966135105012654e-07,-0.006802,0.999976,-3.41514],[-1.0,-0.0,1.1958609036355483e-07,0.501441]],"boundingbox":[[0.02202,-0.382359,-0.080744],[0.792876,0.388492,0.094867]]},{"name":"Bone014","parent":"Bone013","initpos":[0.812087,-4.76837158203125e-07,-0.0],"initquaternion":[0.0,0.0,0.0,1.0],"initscale":[1.0,1.0,1.0],"offmtx":[[0.0,-0.999976,-0.006803,9.368733],[-5.081708422949305e-07,-0.006803,0.999976,-3.415137],[-1.0,-0.0,-5.088262469143956e-07,0.501444]],"boundingbox":[[0.00385,-0.376958,-0.080744],[0.774705,0.393893,0.094867]]},{"name":"Bone003","parent":"Bone002","initpos":[2.08326,-0.688493,0.0],"initquaternion":[0.0,-0.0,0.964357,-0.264602],"initscale":[1.0,1.0,1.0],"offmtx":[[-0.0,0.534771,0.844996,-4.533572],[0.0,0.844996,-0.534771,-9.012756],[-1.0,0.0,-0.0,-1e-06]],"boundingbox":[[0.004418,-0.852163,-0.805409],[2.703609,1.03349,0.805406]]},{"name":"Bone004","parent":"Bone003","initpos":[2.134365,0.864015,-0.535511],"initquaternion":[0.0,0.0,0.285165,0.958478],"initscale":[0.999999,0.999999,1.0],"offmtx":[[0.0,0.909714,0.415235,-10.982606],[0.0,0.415235,-0.909714,-4.625408],[-1.0,0.0,-0.0,0.53551]],"boundingbox":[[-0.030297,-0.638037,-0.139769],[1.842391,1.074487,0.12012]]},{"name":"Bone005","parent":"Bone003","initpos":[2.134364,0.864014,0.520292],"initquaternion":[0.958478,0.285164,-0.0,-3.1334715799857804e-07],"initscale":[0.999999,0.999999,0.999999],"offmtx":[[-0.0,0.909713,0.415235,-10.982603],[3.9063468193489825e-07,-0.415235,0.909713,4.625412],[1.0,2.3877262833593704e-07,-3.204169161108439e-07,0.520291]],"boundingbox":[[-0.030296,-1.074488,-0.154986],[1.842393,0.638035,0.104904]]},{"name":"Bone006","parent":"Bone003","initpos":[1.890386,0.527118,-0.0],"initquaternion":[0.0,0.0,0.334714,0.942319],"initscale":[1.0,1.0,1.0],"offmtx":[[0.0,0.947984,0.318317,-11.002466],[0.0,0.318317,-0.947984,-3.349961],[-1.0,0.0,-0.0,-1e-06]],"boundingbox":[[-0.023185,-0.744973,-0.388988],[4.761438,0.755588,0.388988]]},{"name":"Bone010","parent":"Bone003","initpos":[2.466055,-0.633151,-9.536747711536009e-07],"initquaternion":[0.0,0.0,-0.076978,0.997032],"initscale":[0.999999,0.999999,1.0],"offmtx":[[-0.0,0.398726,0.917069,-5.630402],[0.0,0.917069,-0.398726,-9.35474],[-1.0,0.0,-0.0,-9.942516498995246e-07]],"boundingbox":[[-0.016342,-0.596363,-0.558553],[3.955227,0.581196,0.558546]]},{"name":"Bone007","parent":"Bone003","initpos":[2.649522,0.211118,-1e-06],"initquaternion":[0.0,0.0,-0.014226,0.999898],"initscale":[0.999999,0.999999,1.0],"offmtx":[[-0.0,0.510514,0.859869,-6.917764],[0.0,0.859869,-0.510514,-9.424504],[-1.0,0.0,-0.0,-0.0]],"boundingbox":[[-0.042443,-0.675112,-0.361625],[2.830271,0.558801,0.383242]]},{"name":"Bone008","parent":"Bone007","initpos":[1.528913,0.865452,-0.0],"initquaternion":[-1.251118675327234e-07,-0.0,0.023376,0.999726],"initscale":[0.999999,0.999999,1.0],"offmtx":[[-0.0,0.550147,0.835067,-8.918405],[3.2505525382475753e-07,0.835067,-0.550147,-9.883907],[-1.0,2.4776767304501846e-07,-2.1476509459716908e-07,-2e-06]],"boundingbox":[[0.011808,-0.336001,-0.361625],[4.033739,0.310637,0.383243]]},{"name":"Bone009","parent":"Bone008","initpos":[4.001672,0.631664,-0.176657],"initquaternion":[0.0,0.0,-0.014429,0.999895],"initscale":[0.999999,0.999999,1.0],"offmtx":[[-0.0,0.525822,0.850594,-12.611265],[3.2367813673772616e-07,0.850594,-0.525822,-10.884009],[-1.0,2.4776767304501846e-07,-2.147651088080238e-07,0.176655]],"boundingbox":[[-0.007675,-0.312408,-0.191075],[1.407235,0.259869,0.198724]]},{"name":"Bone012","parent":"Bone002","initpos":[-0.013675,-0.584936,0.497096],"initquaternion":[0.012022,0.999927,-1.9469312917408388e-07,-0.0],"initscale":[0.999999,0.999999,0.999999],"offmtx":[[0.0,0.004608,0.999989,-1.156185],[4.6232608497120964e-07,-0.999989,0.004608,9.991515],[1.0,4.621685434358369e-07,-0.0,0.497092]],"boundingbox":[[0.003622,-0.811314,-0.089134],[2.412472,0.859597,0.102867]]},{"name":"Bone015","parent":"Bone012","initpos":[2.374907,-0.149673,-0.001461],"initquaternion":[-0.0,-0.0,0.711129,0.70306],"initscale":[0.999999,0.999999,1.0],"offmtx":[[3.744953005480056e-07,-0.999976,-0.006802,10.180816],[-1.2579128849665722e-07,0.006802,-0.999976,3.415143],[1.0,3.7534235275415995e-07,-1.232408664009199e-07,0.498555]],"boundingbox":[[0.02202,-0.388491,-0.083627],[0.792874,0.382359,0.091984]]},{"name":"Bone016","parent":"Bone015","initpos":[0.812086,-4.76837158203125e-07,-0.0],"initquaternion":[-1.7e-05,2.384170727509627e-07,0.0,1.0],"initscale":[1.0,1.0,1.0],"offmtx":[[-1.0234172265199959e-07,-0.999976,-0.006802,9.368732],[-3.4e-05,0.006802,-0.999976,3.415124],[1.0,1.349244769244251e-07,-3.4e-05,0.498678]],"boundingbox":[[0.003853,-0.393895,-0.083641],[0.774707,0.376962,0.091997]]},{"name":"Bone017","parent":"Bone001","initpos":[-7.905741,-0.66571,-0.0],"initquaternion":[0.0,-6.561301120200369e-07,0.999927,-0.012045],"initscale":[0.999999,0.999999,1.0],"offmtx":[[-0.0,-0.999709,0.024089,-7.886136],[0.0,0.024089,0.999709,-0.475877],[-1.0,0.0,-0.0,-1.735007231218333e-07]],"boundingbox":[[-0.020197,-0.663072,-0.536973],[3.860066,0.545635,0.536967]]},{"name":"Bone018","parent":"Bone017","initpos":[0.99138,-0.499842,-0.0],"initquaternion":[-0.0,-1.0774295589044414e-07,0.912887,0.408212],"initscale":[1.0,1.0,1.0],"offmtx":[[0.0,0.684486,0.729025,5.936728],[2.3682542860115063e-07,0.729025,-0.684486,6.600461],[-1.0,1.731389716042031e-07,-1.6158496407570055e-07,1e-06]],"boundingbox":[[-0.006081,-0.551696,-0.876254],[1.692086,0.61737,0.876249]]},{"name":"Bone019","parent":"Bone018","initpos":[1.10182,0.037834,-0.689522],"initquaternion":[-0.0,-0.0,0.0123,0.999924],"initscale":[0.999999,0.999999,1.0],"offmtx":[[0.0,0.702213,0.711966,4.994885],[3.610360295169812e-07,0.711966,-0.702213,6.441699],[-1.0,2.6163621669184067e-07,-2.4886989535843895e-07,0.689524]],"boundingbox":[[-0.000757,-0.561674,-0.124782],[2.235615,0.554542,0.108714]]},{"name":"Bone020","parent":"Bone018","initpos":[1.10182,0.037834,0.700042],"initquaternion":[0.999924,0.0123,-0.0,-4.3309299257998646e-07],"initscale":[0.999999,0.999999,1.0],"offmtx":[[0.0,0.702213,0.711966,4.994886],[5.6594228681206e-07,-0.711966,0.702213,-6.4417],[1.0,3.9834134213379e-07,-4.020666892756708e-07,0.700046]],"boundingbox":[[-0.000757,-0.554542,-0.114262],[2.235615,0.561674,0.119234]]}],"boundingbox":[[-0.960002,-11.72042,-11.716012],[0.959997,16.842807,6.350874]]}