{
  "skeleton": [
    {
      "name": "root",
      "parent": "root",
      "initpos": [
        0,
        0,
        0
      ],
      "initquaternion": [
        0.707106,
        0,
        0,
        0.707106
      ],
      "initscale": [
        1,
        0.999999,
        0.999999
      ],
      "offmtx": [
        [
          1,
          0,
          0,
          0
        ],
        [
          0,
          1,
          0,
          0
        ],
        [
          0,
          0,
          1,
          0
        ]
      ],
      "boundingbox": [
        [
          0,
          0,
          0
        ],
        [
          0,
          0,
          0
        ]
      ]
    },
    {
      "name": "bone01",
      "parent": "root",
      "initpos": [
        -6.449795,
        -5.014947532799852e-7,
        -12.022544
      ],
      "initquaternion": [
        0.500001,
        -0.499998,
        -0.500001,
        -0.499998
      ],
      "initscale": [
        1,
        0.999999,
        0.999999
      ],
      "offmtx": [
        [
          1.6292068494294654e-7,
          0.999999,
          0,
          -12.022543
        ],
        [
          -1,
          1.6292067073209182e-7,
          -0.000006,
          -6.449797
        ],
        [
          -0.000006,
          0,
          0.999999,
          -0.00004
        ]
      ],
      "boundingbox": [
        [
          -0.026232,
          -2.596394,
          -2.460662
        ],
        [
          15.378447,
          4.374489,
          2.611737
        ]
      ]
    },
    {
      "name": "bone06",
      "parent": "bone01",
      "initpos": [
        11.01616,
        -0.495603,
        1.373758
      ],
      "initquaternion": [
        -0.003439,
        0.980774,
        -0.000735,
        -0.195111
      ],
      "initscale": [
        0.999999,
        0.999999,
        1
      ],
      "offmtx": [
        [
          0.006457,
          -0.923839,
          0.382726,
          20.796731
        ],
        [
          -0.999975,
          -0.007033,
          -0.000107,
          -5.791858
        ],
        [
          0.002791,
          -0.382715,
          -0.923861,
          10.103061
        ]
      ],
      "boundingbox": [
        [
          0.056627,
          -1.995613,
          -0.111787
        ],
        [
          4.832818,
          2.035635,
          0.158415
        ]
      ]
    },
    {
      "name": "bone07",
      "parent": "bone06",
      "initpos": [
        4.81877,
        0,
        -9.5367431640625e-7
      ],
      "initquaternion": [
        0.000126,
        -0.004266,
        0.009272,
        0.999947
      ],
      "initscale": [
        0.999999,
        1,
        1
      ],
      "offmtx": [
        [
          -0.012063,
          -0.927043,
          0.374758,
          15.953463
        ],
        [
          -0.999922,
          0.010033,
          -0.007366,
          -6.085425
        ],
        [
          0.003068,
          -0.374818,
          -0.927092,
          9.968322
        ]
      ],
      "boundingbox": [
        [
          -0.02371,
          -2.036676,
          -0.114155
        ],
        [
          6.02419,
          2.036169,
          0.149917
        ]
      ]
    },
    {
      "name": "bone08",
      "parent": "bone07",
      "initpos": [
        6.00274,
        0,
        -9.5367431640625e-7
      ],
      "initquaternion": [
        -0.005174,
        0.008237,
        -0.00437,
        0.999943
      ],
      "initscale": [
        1,
        1,
        0.999999
      ],
      "offmtx": [
        [
          -0.003286,
          -0.920813,
          0.389989,
          9.838929
        ],
        [
          -0.999967,
          0.005914,
          0.005537,
          -6.102607
        ],
        [
          -0.007405,
          -0.389958,
          -0.920802,
          10.068282
        ]
      ],
      "boundingbox": [
        [
          -0.007208,
          -2.047776,
          -0.131707
        ],
        [
          8.002978,
          1.971959,
          0.156438
        ]
      ]
    },
    {
      "name": "bone09",
      "parent": "bone06",
      "initpos": [
        -0.206203,
        -0.31963,
        -0.255691
      ],
      "initquaternion": [
        -0.061869,
        -0.018499,
        0.146214,
        0.987143
      ],
      "initscale": [
        0.999999,
        0.999999,
        0.999999
      ],
      "offmtx": [
        [
          -0.284722,
          -0.892806,
          0.34904,
          18.689275
        ],
        [
          -0.951769,
          0.306707,
          0.008138,
          -12.532504
        ],
        [
          -0.114319,
          -0.329888,
          -0.937072,
          8.486442
        ]
      ],
      "boundingbox": [
        [
          0.000169,
          -2.000518,
          -0.45836
        ],
        [
          4.939966,
          2.208397,
          0.410197
        ]
      ]
    },
    {
      "name": "bone10",
      "parent": "bone09",
      "initpos": [
        4.796756,
        -0.000001,
        9.5367431640625e-7
      ],
      "initquaternion": [
        -0.000192,
        0.012033,
        -0.023739,
        0.999645
      ],
      "initscale": [
        1,
        0.999999,
        0.999999
      ],
      "offmtx": [
        [
          -0.236391,
          -0.898166,
          0.370696,
          14.263626
        ],
        [
          -0.964099,
          0.264305,
          0.025589,
          -11.867167
        ],
        [
          -0.12096,
          -0.351338,
          -0.928401,
          8.820702
        ]
      ],
      "boundingbox": [
        [
          0.04066,
          -2.000553,
          -0.455792
        ],
        [
          6.048979,
          2.004732,
          0.329731
        ]
      ]
    },
    {
      "name": "bone11",
      "parent": "bone10",
      "initpos": [
        5.957093,
        -9.5367431640625e-7,
        9.5367431640625e-7
      ],
      "initquaternion": [
        0.013381,
        0.026612,
        0.013525,
        0.999464
      ],
      "initscale": [
        0.999999,
        0.999999,
        0.999999
      ],
      "offmtx": [
        [
          -0.256332,
          -0.870668,
          0.419797,
          7.496373
        ],
        [
          -0.960501,
          0.278108,
          -0.009689,
          -11.834952
        ],
        [
          -0.108312,
          -0.405699,
          -0.907565,
          9.558829
        ]
      ],
      "boundingbox": [
        [
          0.0146,
          -2.071868,
          -0.349936
        ],
        [
          4.852022,
          1.979617,
          0.386957
        ]
      ]
    }
  ],
  "boundingbox": [
    [
      -10.892211,
      5.605188,
      -2.46065
    ],
    [
      -3.853417,
      27.400991,
      8.698171
    ]
  ]
}
