{"skeleton":[{"name":"root","parent":"root","initpos":[0.0,0.0,-0.0],"initquaternion":[0.707106,0.0,0.0,0.707106],"initscale":[1.0,0.999999,0.999999],"offmtx":[[1.0,0.0,0.0,0.0],[0.0,1.0,0.0,0.0],[0.0,0.0,1.0,0.0]],"boundingbox":[[0.0,0.0,0.0],[0.0,0.0,0.0]]},{"name":"Bone067","parent":"root","initpos":[9.99611,13.904982,-25.519809],"initquaternion":[0.563238,-0.42907,-0.557372,-0.433586],"initscale":[0.999999,0.999999,1.0],"offmtx":[[0.01047,0.999945,0.0,-25.623075],[-0.966676,0.010122,-0.255799,12.961584],[-0.255785,0.002678,0.966729,-10.953841]],"boundingbox":[[-0.196895,-2.354804,-0.523954],[5.737631,2.410932,0.493893]]},{"name":"Bone068","parent":"Bone067","initpos":[5.688449,-0.000111,-1e-06],"initquaternion":[-0.0,-0.0,0.006823,0.999976],"initscale":[0.999999,0.999999,0.999999],"offmtx":[[-0.002722,0.99999,-0.00349,-31.131736],[-0.966728,-0.003524,-0.25578,13.387829],[-0.25579,0.002678,0.966728,-10.953777]],"boundingbox":[[0.015017,-2.332809,-0.512259],[5.96796,2.901663,0.504423]]},{"name":"Bone065","parent":"Bone068","initpos":[5.369136,-1e-06,6e-06],"initquaternion":[0.0,-1.1267221111666004e-07,0.708506,0.705704],"initscale":[1.0,1.0,1.0],"offmtx":[[-0.96671,-0.007487,-0.25576,13.532316],[0.006553,-0.999968,0.004504,36.447521],[-0.255785,0.002678,0.966729,-10.953834]],"boundingbox":[[-1.275396,-2.339564,-0.576746],[18.418401,2.996605,0.606715]]},{"name":"Bone005","parent":"Bone065","initpos":[17.761348,-0.024902,1.2e-05],"initquaternion":[1e-06,-0.0,0.329402,0.944189],"initscale":[1.0,1.0,1.0],"offmtx":[[-0.752846,-0.627879,-0.197454,19.375926],[0.60646,-0.778305,0.162621,31.18803],[-0.255786,0.00268,0.966728,-10.953935]],"boundingbox":[[-0.937357,-2.58842,-0.40401],[3.13353,3.792022,0.617609]]},{"name":"Bone009","parent":"Bone005","initpos":[2.178932,-1.1e-05,-0.0],"initquaternion":[1e-06,-1e-06,0.431414,0.902153],"initscale":[0.999999,0.999998,0.999999],"offmtx":[[-0.000537,-0.999995,0.002633,35.072505],[0.966744,0.000153,0.255739,6.192996],[-0.255739,0.002683,0.96674,-10.95373]],"boundingbox":[[-2.075639,-2.073339,-0.398718],[5.120666,1.564504,0.61751]]},{"name":"Bone061","parent":"root","initpos":[10.246296,14.131403,-25.267427],"initquaternion":[-0.502238,0.497751,0.497754,0.502235],"initscale":[0.999999,0.999999,0.999999],"offmtx":[[0.008968,0.999959,-1.1497018448380913e-07,-25.358304],[-0.999959,0.008968,-6e-06,10.01938],[-6e-06,1.7523755957427056e-07,0.999999,-14.131336]],"boundingbox":[[-0.04949,-5.402755,-2.306423],[6.706545,5.329569,2.318629]]},{"name":"Bone057","parent":"Bone061","initpos":[1.710063,2.567302,-2.352832],"initquaternion":[-0.0,-0.0,0.003095,0.999995],"initscale":[0.999999,0.999999,1.0],"offmtx":[[0.002778,0.999996,-1.5656945606679074e-07,-27.021724],[-0.999996,0.002778,-6e-06,7.619491],[-6e-06,1.7572328658843617e-07,0.999999,-11.7785]],"boundingbox":[[-0.018861,-0.528715,-0.008237],[1.127894,0.517919,-0.008231]]},{"name":"Bone058","parent":"Bone061","initpos":[1.145717,3.073825,-2.352828],"initquaternion":[-0.0,-0.0,0.003095,0.999995],"initscale":[0.999999,0.999999,1.0],"offmtx":[[0.002778,0.999996,-1.5656945606679074e-07,-26.460523],[-0.999996,0.002778,-6e-06,7.109485],[-6e-06,1.7572328658843617e-07,0.999999,-11.778504]],"boundingbox":[[-0.027123,-0.510553,0.02887],[1.119633,0.536079,0.028878]]},{"name":"Bone064","parent":"Bone061","initpos":[1.184984,-2.144672,-2.352865],"initquaternion":[-0.0,-0.0,0.003095,0.999995],"initscale":[0.999999,0.999999,1.0],"offmtx":[[0.002778,0.999996,-1.5656945606679074e-07,-26.467487],[-0.999996,0.002778,-6e-06,12.328125],[-6e-06,1.7572328658843617e-07,0.999999,-11.778467]],"boundingbox":[[-0.019593,-0.509179,0.028872],[1.127163,0.537454,0.028879]]},{"name":"Bone059","parent":"Bone061","initpos":[1.747327,-1.587711,-2.352859],"initquaternion":[-0.0,-0.0,0.003095,0.999995],"initscale":[0.999999,0.999999,1.0],"offmtx":[[0.002778,0.999996,-1.5656945606679074e-07,-27.033267],[-0.999996,0.002778,-6e-06,11.774656],[-6e-06,1.7572328658843617e-07,0.999999,-11.778472]],"boundingbox":[[-0.018839,-0.536658,-0.008239],[1.127917,0.509975,-0.008232]]},{"name":"Bone069","parent":"root","initpos":[-9.711931,8.173145,-28.032127],"initquaternion":[-0.500385,0.499614,0.499595,0.500404],"initscale":[0.999999,0.999999,0.999999],"offmtx":[[0.001581,0.999998,-0.0,-28.01674],[-0.999998,0.001581,1.8e-05,-9.75639],[1.8e-05,0.0,0.999999,-8.172961]],"boundingbox":[[-0.035513,-2.711218,-1.699702],[3.220885,2.642003,1.675692]]},{"name":"Bone066","parent":"Bone069","initpos":[0.972152,0.765419,-1.737989],"initquaternion":[-9e-06,-0.0,0.00079,0.999999],"initscale":[1.0,1.0,1.0],"offmtx":[[1.7209670488682605e-07,0.999999,0.0,-29.005489],[-1.0,1.7209669067597133e-07,-1.2316557729263877e-07,-10.475849],[-1.231655915034935e-07,0.0,0.999999,-6.435168]],"boundingbox":[[-0.005493,-0.270394,-0.008554],[0.494506,0.269536,-0.008553]]},{"name":"Bone060","parent":"Bone069","initpos":[0.97553,-1.366268,-1.737948],"initquaternion":[-9e-06,-0.0,0.00079,0.999999],"initscale":[1.0,1.0,1.0],"offmtx":[[1.7209670488682605e-07,0.999999,0.0,-29.005496],[-1.0,1.7209669067597133e-07,-1.2566668772251433e-07,-8.344158],[-1.2566670193336904e-07,0.0,0.999999,-6.435168]],"boundingbox":[[-0.0055,-0.276398,-0.008554],[0.494499,0.263532,-0.008554]]},{"name":"Bone063","parent":"Bone069","initpos":[0.401817,-2.177892,-1.714287],"initquaternion":[-1.2e-05,0.0,-0.000598,0.999999],"initscale":[1.0,1.0,1.0],"offmtx":[[0.002778,0.999996,-1.0748861001275145e-07,-28.409463],[-0.999996,0.002778,-6e-06,-7.612354],[-6e-06,1.2631268475615798e-07,0.999999,-6.458868]],"boundingbox":[[0.069792,-0.527501,-0.014624],[1.061344,0.542778,-0.014619]]},{"name":"Bone062","parent":"Bone069","initpos":[0.39594,1.539732,-1.714354],"initquaternion":[-1.2e-05,0.0,-0.000598,0.999999],"initscale":[1.0,1.0,1.0],"offmtx":[[0.002778,0.999996,-1.0748861001275145e-07,-28.399137],[-0.999996,0.002778,-6e-06,-11.32997],[-6e-06,1.2631268475615798e-07,0.999999,-6.458895]],"boundingbox":[[0.069718,-0.501686,-0.014626],[1.06127,0.568594,-0.014622]]}],"boundingbox":[[-12.350003,25.25019,6.426607],[15.649998,38.777729,16.449998]]}