{
  "skeleton": [
    {
      "name": "root",
      "parent": "root",
      "initpos": [
        0,
        0,
        0
      ],
      "initquaternion": [
        0.707106,
        0,
        0,
        0.707106
      ],
      "initscale": [
        1,
        0.999999,
        0.999999
      ],
      "offmtx": [
        [
          1,
          0,
          0,
          0
        ],
        [
          0,
          1,
          0,
          0
        ],
        [
          0,
          0,
          1,
          0
        ]
      ],
      "boundingbox": [
        [
          0,
          0,
          0
        ],
        [
          0,
          0,
          0
        ]
      ]
    },
    {
      "name": "bone_01",
      "parent": "root",
      "initpos": [
        1.9371509552001953e-7,
        0.000055,
        -11.89532
      ],
      "initquaternion": [
        0.5,
        -0.499999,
        -0.5,
        -0.499999
      ],
      "initscale": [
        1,
        1,
        1
      ],
      "offmtx": [
        [
          1,
          0,
          0,
          0
        ],
        [
          0,
          1,
          0,
          0
        ],
        [
          0,
          0,
          1,
          0
        ]
      ],
      "boundingbox": [
        [
          0,
          0,
          0
        ],
        [
          0,
          0,
          0
        ]
      ]
    },
    {
      "name": "bone_22",
      "parent": "bone_01",
      "initpos": [
        5.270006,
        -0.000006,
        8.815334
      ],
      "initquaternion": [
        0.707071,
        -0.00707,
        0.00707,
        0.707071
      ],
      "initscale": [
        1,
        1,
        1
      ],
      "offmtx": [
        [
          2.3199692122943816e-7,
          0.999799,
          0.019997,
          -17.338178
        ],
        [
          -3.583814418561815e-7,
          -0.019997,
          0.999799,
          -8.470369
        ],
        [
          1,
          -2.3911712787594297e-7,
          3.5367048667467316e-7,
          0
        ]
      ],
      "boundingbox": [
        [
          -0.103485,
          -2.155835,
          -4.041319
        ],
        [
          5.6414,
          2.489931,
          4.034999
        ]
      ]
    },
    {
      "name": "bone_53",
      "parent": "bone_22",
      "initpos": [
        -1.800408,
        1.015809,
        2.397238
      ],
      "initquaternion": [
        -0.211637,
        0.900096,
        -0.375006,
        0.066382
      ],
      "initscale": [
        0.01,
        0.01,
        0.009999
      ],
      "offmtx": [
        [
          0.039228,
          -0.892811,
          -0.448719,
          18.001329
        ],
        [
          -0.703181,
          -0.343715,
          0.62241,
          0.863488
        ],
        [
          -0.709927,
          0.291115,
          -0.641292,
          3.516162
        ]
      ],
      "boundingbox": [
        [
          0.11977,
          -0.41543,
          -0.669885
        ],
        [
          1.261851,
          0.572888,
          0.62324
        ]
      ]
    },
    {
      "name": "bone_57",
      "parent": "bone_22",
      "initpos": [
        -1.645153,
        1.123088,
        -2.182056
      ],
      "initquaternion": [
        -0.197944,
        0.908496,
        -0.361883,
        0.067021
      ],
      "initscale": [
        0.01,
        0.009999,
        0.009999
      ],
      "offmtx": [
        [
          0.021488,
          -0.904307,
          -0.42634,
          18.284946
        ],
        [
          -0.684074,
          -0.324285,
          0.653361,
          -2.938669
        ],
        [
          -0.729095,
          0.277608,
          -0.625581,
          0.30329
        ]
      ],
      "boundingbox": [
        [
          0.152912,
          -0.802423,
          -0.630569
        ],
        [
          1.646335,
          0.877757,
          0.636214
        ]
      ]
    },
    {
      "name": "bone_61",
      "parent": "bone_22",
      "initpos": [
        0.093225,
        -2.51255,
        -3.756376
      ],
      "initquaternion": [
        0.707071,
        -0.00707,
        -0.00707,
        0.707071
      ],
      "initscale": [
        1,
        1,
        1
      ],
      "offmtx": [
        [
          1,
          0,
          0,
          0
        ],
        [
          0,
          1,
          0,
          0
        ],
        [
          0,
          0,
          1,
          0
        ]
      ],
      "boundingbox": [
        [
          0,
          0,
          0
        ],
        [
          0,
          0,
          0
        ]
      ]
    },
    {
      "name": "bone_05",
      "parent": "bone_61",
      "initpos": [
        4.586774,
        0.638464,
        0.313625
      ],
      "initquaternion": [
        0,
        0,
        -0.489622,
        0.871934
      ],
      "initscale": [
        0.999999,
        0.999999,
        1
      ],
      "offmtx": [
        [
          -0.853837,
          0.520539,
          1.0337681999317283e-7,
          -14.059687
        ],
        [
          0.520539,
          0.853837,
          3.7873007840971695e-7,
          -17.072256
        ],
        [
          1.0887684709359746e-7,
          3.771856427192688e-7,
          -0.999999,
          5.99157
        ]
      ],
      "boundingbox": [
        [
          -1.126634,
          -1.258704,
          -0.729675
        ],
        [
          11.34456,
          3.608032,
          0.424318
        ]
      ]
    },
    {
      "name": "bone_37",
      "parent": "bone_61",
      "initpos": [
        3.138429,
        -0.295791,
        0.284027
      ],
      "initquaternion": [
        0,
        0,
        -0.615831,
        0.787877
      ],
      "initscale": [
        0.999999,
        0.999999,
        1
      ],
      "offmtx": [
        [
          -0.9704,
          0.241502,
          -1.19674950838089e-7,
          -8.870277
        ],
        [
          0.241502,
          0.9704,
          -5.211019242779003e-7,
          -18.863363
        ],
        [
          0,
          -5.345791009858658e-7,
          -0.999999,
          6.02119
        ]
      ],
      "boundingbox": [
        [
          -1.567172,
          -1.938156,
          -0.615841
        ],
        [
          8.177567,
          1.415044,
          0.296544
        ]
      ]
    },
    {
      "name": "bone_52",
      "parent": "bone_61",
      "initpos": [
        0.366662,
        -0.036849,
        0.282087
      ],
      "initquaternion": [
        0,
        0,
        -0.743968,
        0.668214
      ],
      "initscale": [
        1,
        0.999999,
        1
      ],
      "offmtx": [
        [
          -0.994261,
          -0.106977,
          0,
          -1.880582
        ],
        [
          -0.106977,
          0.994261,
          4.7125820401561214e-7,
          -17.979801
        ],
        [
          0,
          4.7311192474808195e-7,
          -0.999999,
          6.02311
        ]
      ],
      "boundingbox": [
        [
          -1.648641,
          -1.230195,
          -0.586135
        ],
        [
          5.599874,
          1.134314,
          0.130076
        ]
      ]
    },
    {
      "name": "bone_56",
      "parent": "bone_61",
      "initpos": [
        0.237371,
        0.360185,
        0.243691
      ],
      "initquaternion": [
        -0.524594,
        0.851352,
        -1.6576439065829618e-7,
        1.0214232304406323e-7
      ],
      "initscale": [
        1,
        1,
        0.999999
      ],
      "offmtx": [
        [
          -0.893229,
          -0.449601,
          1.13155699921208e-7,
          4.8552
        ],
        [
          0.449601,
          -0.893229,
          1.3489074035533122e-7,
          17.199661
        ],
        [
          0,
          1.7136333951839333e-7,
          0.999999,
          -6.061515
        ]
      ],
      "boundingbox": [
        [
          -0.070756,
          -0.769882,
          -0.244134
        ],
        [
          3.416239,
          1.015663,
          0.634455
        ]
      ]
    },
    {
      "name": "bone_60",
      "parent": "bone_22",
      "initpos": [
        0.091451,
        -2.601142,
        3.045382
      ],
      "initquaternion": [
        0.707071,
        -0.00707,
        -0.00707,
        0.707071
      ],
      "initscale": [
        1,
        1,
        1
      ],
      "offmtx": [
        [
          1,
          0,
          0,
          0
        ],
        [
          0,
          1,
          0,
          0
        ],
        [
          0,
          0,
          1,
          0
        ]
      ],
      "boundingbox": [
        [
          0,
          0,
          0
        ],
        [
          0,
          0,
          0
        ]
      ]
    },
    {
      "name": "bone_03",
      "parent": "bone_60",
      "initpos": [
        4.563591,
        0.035665,
        0.225019
      ],
      "initquaternion": [
        0,
        0,
        0.495026,
        0.868877
      ],
      "initscale": [
        1,
        1,
        1
      ],
      "offmtx": [
        [
          0.860235,
          0.509897,
          0,
          -13.803086
        ],
        [
          0.509897,
          -0.860235,
          2.79926268831332e-7,
          17.244369
        ],
        [
          1.184736007076026e-7,
          -2.5518241386635054e-7,
          -1,
          5.991582
        ]
      ],
      "boundingbox": [
        [
          -1.085375,
          -3.618951,
          -0.729675
        ],
        [
          11.392213,
          1.157397,
          0.424316
        ]
      ]
    },
    {
      "name": "bone_48",
      "parent": "bone_60",
      "initpos": [
        3.270954,
        0.926934,
        0.222959
      ],
      "initquaternion": [
        0,
        0,
        0.622974,
        0.782242
      ],
      "initscale": [
        0.999999,
        0.999999,
        1
      ],
      "offmtx": [
        [
          0.974633,
          0.223806,
          -1.2118835002183914e-7,
          -8.477427
        ],
        [
          0.223806,
          -0.974633,
          -2.5907453959916893e-7,
          19.168676
        ],
        [
          -1.760967762720611e-7,
          2.2538009147865523e-7,
          -0.999999,
          5.993633
        ]
      ],
      "boundingbox": [
        [
          -1.497038,
          -1.353318,
          -0.643381
        ],
        [
          8.230041,
          2.080955,
          0.269004
        ]
      ]
    },
    {
      "name": "bone_51",
      "parent": "bone_60",
      "initpos": [
        0.382673,
        0.768968,
        0.222959
      ],
      "initquaternion": [
        0,
        0,
        0.736918,
        0.675981
      ],
      "initscale": [
        0.999999,
        0.999999,
        1
      ],
      "offmtx": [
        [
          0.996286,
          -0.086099,
          0,
          -2.276972
        ],
        [
          -0.086099,
          -0.996286,
          6.578802071999235e-7,
          17.954166
        ],
        [
          -1.4038261042514932e-7,
          -6.482004550889542e-7,
          -0.999999,
          5.993648
        ]
      ],
      "boundingbox": [
        [
          -1.662024,
          -1.118587,
          -0.615617
        ],
        [
          5.574945,
          1.243645,
          0.100593
        ]
      ]
    },
    {
      "name": "bone_55",
      "parent": "bone_60",
      "initpos": [
        0.179498,
        0.3007,
        0.155086
      ],
      "initquaternion": [
        0.520096,
        0.854107,
        -1.6630087884550449e-7,
        -1.0126651517339269e-7
      ],
      "initscale": [
        1,
        0.999999,
        0.999999
      ],
      "offmtx": [
        [
          0.888436,
          -0.458999,
          0,
          5.054322
        ],
        [
          0.458999,
          0.888436,
          -2.9479807039933803e-7,
          -17.073074
        ],
        [
          0,
          3.0593940891776583e-7,
          0.999999,
          -6.061517
        ]
      ],
      "boundingbox": [
        [
          -0.060487,
          -0.941724,
          -0.244135
        ],
        [
          3.43492,
          0.880183,
          0.634455
        ]
      ]
    }
  ],
  "boundingbox": [
    [
      -13.447856,
      13.71189,
      5.567255
    ],
    [
      13.447859,
      27.457267,
      11.328195
    ]
  ]
}
