{
  "skeleton": [
    {
      "name": "root",
      "parent": "root",
      "initpos": [
        0,
        0,
        0
      ],
      "initquaternion": [
        0.707106,
        0,
        0,
        0.707106
      ],
      "initscale": [
        1,
        0.999999,
        0.999999
      ],
      "offmtx": [
        [
          1,
          0,
          0,
          0
        ],
        [
          0,
          1,
          0,
          0
        ],
        [
          0,
          0,
          1,
          0
        ]
      ],
      "boundingbox": [
        [
          0,
          0,
          0
        ],
        [
          0,
          0,
          0
        ]
      ]
    },
    {
      "name": "bone_01",
      "parent": "root",
      "initpos": [
        0.000093,
        12.507874,
        -18.550428
      ],
      "initquaternion": [
        0.497527,
        -0.50246,
        -0.49753,
        0.502456
      ],
      "initscale": [
        0.999999,
        0.999999,
        0.999999
      ],
      "offmtx": [
        [
          -0.000007,
          -0.009859,
          -0.999951,
          12.690162
        ],
        [
          0,
          -0.999951,
          0.009859,
          18.426208
        ],
        [
          -1,
          0,
          0.000007,
          0.000002
        ]
      ],
      "boundingbox": [
        [
          -0.775092,
          -4.794241,
          -5.568727
        ],
        [
          11.845886,
          4.684738,
          5.568859
        ]
      ]
    },
    {
      "name": "bone_64",
      "parent": "bone_01",
      "initpos": [
        2.006533,
        -3.41868,
        0
      ],
      "initquaternion": [
        1.0496314217789404e-7,
        -1.881750648635716e-7,
        0.873325,
        -0.487136
      ],
      "initscale": [
        0.999999,
        0.999999,
        1
      ],
      "offmtx": [
        [
          0.000003,
          0.855996,
          0.51698,
          -24.200027
        ],
        [
          -0.000005,
          0.51698,
          -0.855996,
          -2.38695
        ],
        [
          -1,
          2.1086289336835762e-7,
          0.000006,
          0.000001
        ]
      ],
      "boundingbox": [
        [
          -0.114526,
          -2.44596,
          -2.784275
        ],
        [
          4.853338,
          2.521855,
          2.784522
        ]
      ]
    },
    {
      "name": "bone_56",
      "parent": "bone_64",
      "initpos": [
        3.91983,
        -0.818831,
        0
      ],
      "initquaternion": [
        0,
        0,
        0.263425,
        0.964679
      ],
      "initscale": [
        1,
        1,
        1
      ],
      "offmtx": [
        [
          2.815334028127836e-7,
          0.999948,
          0.010177,
          -25.014205
        ],
        [
          -0.000006,
          0.010177,
          -0.999948,
          12.941211
        ],
        [
          -1,
          2.1086280810322933e-7,
          0.000006,
          0.000001
        ]
      ],
      "boundingbox": [
        [
          0.004784,
          -1.44811,
          -2.088186
        ],
        [
          5.601613,
          1.39284,
          2.088464
        ]
      ]
    },
    {
      "name": "bone_58",
      "parent": "bone_56",
      "initpos": [
        4.657917,
        -0.102015,
        0.000001
      ],
      "initquaternion": [
        -2.678111741261091e-7,
        0,
        -0.24289,
        0.970053
      ],
      "initscale": [
        1,
        1,
        1
      ],
      "offmtx": [
        [
          0.000003,
          0.877167,
          0.480185,
          -32.317474
        ],
        [
          -0.000005,
          0.480185,
          -0.877167,
          -2.478246
        ],
        [
          -1,
          4.760006788728788e-7,
          0.000006,
          -0.000001
        ]
      ],
      "boundingbox": [
        [
          -0.081522,
          -1.392821,
          -1.740124
        ],
        [
          6.941015,
          1.54903,
          1.740482
        ]
      ]
    },
    {
      "name": "bone_53",
      "parent": "bone_58",
      "initpos": [
        5.865482,
        0.536536,
        -0.000003
      ],
      "initquaternion": [
        -1.2690036044205044e-7,
        -2.0348871032638272e-7,
        -0.434623,
        0.900612
      ],
      "initscale": [
        0.999999,
        0.999999,
        1
      ],
      "offmtx": [
        [
          0.000005,
          0.169862,
          0.985467,
          -21.397478
        ],
        [
          -5.766196977674554e-7,
          0.985467,
          -0.169862,
          -31.767513
        ],
        [
          -1,
          4.459469380435621e-7,
          0.000005,
          0.00001
        ]
      ],
      "boundingbox": [
        [
          -0.006104,
          -1.707731,
          -4.17653
        ],
        [
          6.96893,
          1.402556,
          4.820791
        ]
      ]
    },
    {
      "name": "bone_61",
      "parent": "bone_53",
      "initpos": [
        6.817518,
        0.287021,
        -0.000007
      ],
      "initquaternion": [
        0,
        0,
        -0.159331,
        0.987225
      ],
      "initscale": [
        0.999999,
        0.999999,
        1
      ],
      "offmtx": [
        [
          0.000005,
          -0.148782,
          0.98887,
          -16.698335
        ],
        [
          0.000001,
          0.98887,
          0.148782,
          -39.303249
        ],
        [
          -1,
          4.459469380435621e-7,
          0.000005,
          0.000018
        ]
      ],
      "boundingbox": [
        [
          1.140586,
          -5.981655,
          -5.395422
        ],
        [
          14.201826,
          2.020088,
          5.230174
        ]
      ]
    },
    {
      "name": "bone_60",
      "parent": "bone_61",
      "initpos": [
        4.522382,
        -0.000015,
        3.89458
      ],
      "initquaternion": [
        0.046207,
        -0.229249,
        -0.081424,
        0.968854
      ],
      "initscale": [
        0.999999,
        0.999999,
        0.999999
      ],
      "offmtx": [
        [
          -0.436688,
          -0.308141,
          0.845193,
          -13.375745
        ],
        [
          -0.126867,
          0.951212,
          0.281245,
          -42.006885
        ],
        [
          -0.890622,
          0.015588,
          -0.454477,
          8.169544
        ]
      ],
      "boundingbox": [
        [
          -0.238687,
          -0.886229,
          -1.324197
        ],
        [
          7.572822,
          1.545903,
          1.159826
        ]
      ]
    },
    {
      "name": "bone_55",
      "parent": "bone_60",
      "initpos": [
        7.321215,
        0,
        -0.000004
      ],
      "initquaternion": [
        0.024609,
        0.223189,
        0.15664,
        0.961792
      ],
      "initscale": [
        0.999999,
        0.999999,
        0.999999
      ],
      "offmtx": [
        [
          -0.035875,
          0.028167,
          0.998959,
          -34.182357
        ],
        [
          -0.098139,
          0.994671,
          -0.031571,
          -32.927776
        ],
        [
          -0.994526,
          -0.09917,
          -0.032919,
          -2.648138
        ]
      ],
      "boundingbox": [
        [
          -0.484985,
          -0.899554,
          -1.137552
        ],
        [
          6.582904,
          0.909897,
          1.306635
        ]
      ]
    },
    {
      "name": "bone_62",
      "parent": "bone_55",
      "initpos": [
        6.584999,
        -0.000011,
        0.000001
      ],
      "initquaternion": [
        -0.030807,
        0.046333,
        0.56423,
        0.82374
      ],
      "initscale": [
        0.999999,
        1,
        0.999999
      ],
      "offmtx": [
        [
          0.006664,
          0.942896,
          0.33302,
          -44.855331
        ],
        [
          -0.003539,
          0.333048,
          -0.942903,
          26.108232
        ],
        [
          -0.999971,
          0.005105,
          0.005556,
          -7.719269
        ]
      ],
      "boundingbox": [
        [
          -0.808161,
          -2.160518,
          -1.051198
        ],
        [
          8.474339,
          0.706375,
          1.020378
        ]
      ]
    },
    {
      "name": "bone_63",
      "parent": "bone_62",
      "initpos": [
        8.346691,
        0.000028,
        0.00001
      ],
      "initquaternion": [
        -0.024232,
        -0.003625,
        0.136422,
        0.990347
      ],
      "initscale": [
        0.999999,
        0.999999,
        0.999999
      ],
      "offmtx": [
        [
          0.00489,
          0.997829,
          0.06567,
          -44.165405
        ],
        [
          0.043783,
          0.065394,
          -0.996898,
          39.850326
        ],
        [
          -0.999029,
          0.00775,
          -0.043368,
          -5.748893
        ]
      ],
      "boundingbox": [
        [
          -0.039751,
          -0.723648,
          -0.993441
        ],
        [
          4.228836,
          0.931953,
          1.042842
        ]
      ]
    },
    {
      "name": "bone_02",
      "parent": "bone_61",
      "initpos": [
        8.066659,
        -0.685443,
        -2.073169
      ],
      "initquaternion": [
        0,
        0,
        0.061429,
        0.998111
      ],
      "initscale": [
        1,
        1,
        1
      ],
      "offmtx": [
        [
          0.000005,
          -0.026398,
          0.999651,
          -29.313642
        ],
        [
          6.058300527911342e-7,
          0.999651,
          0.026398,
          -35.289497
        ],
        [
          -1,
          4.4898874307364167e-7,
          0.000005,
          2.073189
        ]
      ],
      "boundingbox": [
        [
          -0.141874,
          -0.996123,
          -1.063739
        ],
        [
          6.176128,
          1.256895,
          1.024709
        ]
      ]
    },
    {
      "name": "bone_04",
      "parent": "bone_02",
      "initpos": [
        6.241085,
        -0.000003,
        0.000003
      ],
      "initquaternion": [
        0,
        0,
        0.15786,
        0.987461
      ],
      "initscale": [
        1,
        1,
        1
      ],
      "offmtx": [
        [
          0.000005,
          0.28657,
          0.958058,
          -44.784606
        ],
        [
          -0.000001,
          0.958058,
          -0.28657,
          -22.446065
        ],
        [
          -1,
          4.4898874307364167e-7,
          0.000005,
          2.073185
        ]
      ],
      "boundingbox": [
        [
          -0.280555,
          -0.944715,
          -1.13434
        ],
        [
          5.326076,
          1.303277,
          1.095437
        ]
      ]
    },
    {
      "name": "bone_06",
      "parent": "bone_04",
      "initpos": [
        5.996646,
        0.000017,
        2.384185791015625e-7
      ],
      "initquaternion": [
        -0.003262,
        0.003755,
        0.655742,
        0.754968
      ],
      "initscale": [
        0.999999,
        0.999999,
        0.999999
      ],
      "offmtx": [
        [
          0.009948,
          0.988691,
          -0.149631,
          -29.352695
        ],
        [
          -0.000005,
          -0.149638,
          -0.98874,
          47.139228
        ],
        [
          -0.99995,
          0.009837,
          -0.001482,
          1.781241
        ]
      ],
      "boundingbox": [
        [
          -1.177809,
          -1.495311,
          -1.118911
        ],
        [
          8.836481,
          1.504295,
          1.143179
        ]
      ]
    },
    {
      "name": "bone_05",
      "parent": "bone_06",
      "initpos": [
        8.731634,
        0,
        0.000003
      ],
      "initquaternion": [
        0.000001,
        0,
        -0.045484,
        0.998965
      ],
      "initscale": [
        0.999999,
        0.999999,
        1
      ],
      "offmtx": [
        [
          0.009907,
          0.998199,
          -0.05916,
          -42.21051
        ],
        [
          0.000895,
          -0.059172,
          -0.998247,
          43.483299
        ],
        [
          -0.99995,
          0.009837,
          -0.00148,
          1.781133
        ]
      ],
      "boundingbox": [
        [
          -0.158074,
          -1.764137,
          -0.948272
        ],
        [
          6.558001,
          1.24522,
          1.069813
        ]
      ]
    },
    {
      "name": "bone_07",
      "parent": "bone_04",
      "initpos": [
        1.766235,
        -0.59169,
        -1.277557
      ],
      "initquaternion": [
        0.000001,
        -0.000002,
        -0.800691,
        0.599077
      ],
      "initscale": [
        1,
        1,
        1
      ],
      "offmtx": [
        [
          -3.345308243751788e-7,
          -0.999989,
          0.004545,
          34.103309
        ],
        [
          3.1460672289540526e-7,
          0.004545,
          0.999989,
          -38.49102
        ],
        [
          -1,
          3.3595719628465304e-7,
          3.130829213660036e-7,
          3.350962
        ]
      ],
      "boundingbox": [
        [
          0.000943,
          -0.576457,
          0.112414
        ],
        [
          5.574331,
          0.518356,
          0.195234
        ]
      ]
    },
    {
      "name": "bone_03",
      "parent": "bone_61",
      "initpos": [
        4.622472,
        0.568798,
        -3.637283
      ],
      "initquaternion": [
        -0.069514,
        0.255844,
        -0.09936,
        0.959082
      ],
      "initscale": [
        0.999999,
        0.999999,
        0.999999
      ],
      "offmtx": [
        [
          0.476942,
          -0.350009,
          0.806237,
          -10.826002
        ],
        [
          0.184184,
          0.936723,
          0.297699,
          -42.674499
        ],
        [
          -0.859419,
          0.00651,
          0.511229,
          -10.921171
        ]
      ],
      "boundingbox": [
        [
          -0.042589,
          -1.122926,
          -1.115283
        ],
        [
          7.652366,
          1.051994,
          1.07167
        ]
      ]
    },
    {
      "name": "bone_11",
      "parent": "bone_03",
      "initpos": [
        7.144066,
        -0.245174,
        -0.274717
      ],
      "initquaternion": [
        0.051726,
        -0.255287,
        0.166757,
        0.95097
      ],
      "initscale": [
        0.999999,
        0.999999,
        0.999999
      ],
      "offmtx": [
        [
          0.009692,
          -0.009294,
          0.999909,
          -32.317733
        ],
        [
          -0.002287,
          0.999953,
          0.009316,
          -33.809436
        ],
        [
          -0.99995,
          -0.002377,
          0.00967,
          7.000199
        ]
      ],
      "boundingbox": [
        [
          -1.728654,
          -4.484303,
          -1.392235
        ],
        [
          7.008323,
          0.828544,
          7.041528
        ]
      ]
    },
    {
      "name": "bone_08",
      "parent": "bone_11",
      "initpos": [
        7.949325,
        -0.367443,
        -0.000012
      ],
      "initquaternion": [
        -0.000137,
        0.000174,
        0.628474,
        0.77783
      ],
      "initscale": [
        0.999999,
        0.999999,
        0.999999
      ],
      "offmtx": [
        [
          0.000242,
          0.975696,
          0.219125,
          -41.156795
        ],
        [
          -0.00996,
          0.219117,
          -0.975647,
          32.344673
        ],
        [
          -0.99995,
          -0.001945,
          0.009771,
          6.981808
        ]
      ],
      "boundingbox": [
        [
          -0.465394,
          -1.088321,
          -1.093456
        ],
        [
          8.671433,
          1.146652,
          1.153548
        ]
      ]
    },
    {
      "name": "bone_12",
      "parent": "bone_08",
      "initpos": [
        8.636882,
        -0.000003,
        -0.000003
      ],
      "initquaternion": [
        0,
        0,
        0.066338,
        0.997797
      ],
      "initscale": [
        0.999999,
        0.999999,
        1
      ],
      "offmtx": [
        [
          -0.001077,
          0.996116,
          0.088036,
          -45.073486
        ],
        [
          -0.009904,
          0.088021,
          -0.996069,
          38.651912
        ],
        [
          -0.99995,
          -0.001945,
          0.009771,
          6.981821
        ]
      ],
      "boundingbox": [
        [
          -0.055491,
          -0.666942,
          -0.96029
        ],
        [
          4.229619,
          0.98423,
          1.014856
        ]
      ]
    },
    {
      "name": "bone_09",
      "parent": "bone_61",
      "initpos": [
        0.831838,
        -0.656665,
        -4.594539
      ],
      "initquaternion": [
        4.56684546179531e-7,
        5.998940650897566e-7,
        0.563294,
        0.826256
      ],
      "initscale": [
        0.999999,
        0.999999,
        1
      ],
      "offmtx": [
        [
          0.000003,
          0.866125,
          0.499826,
          -42.379714
        ],
        [
          -0.000006,
          0.499826,
          -0.866125,
          2.196577
        ],
        [
          -1,
          1.4394071001788689e-7,
          0.000007,
          4.594534
        ]
      ],
      "boundingbox": [
        [
          0.027776,
          -1.056673,
          -0.660099
        ],
        [
          10.469691,
          1.033063,
          0.732243
        ]
      ]
    },
    {
      "name": "bone_10",
      "parent": "bone_61",
      "initpos": [
        10.460348,
        0.091007,
        -0.000003
      ],
      "initquaternion": [
        -7.525130172325589e-7,
        -0.000001,
        0.750659,
        0.660689
      ],
      "initscale": [
        0.999999,
        0.999999,
        1
      ],
      "offmtx": [
        [
          1.0068214351122151e-7,
          0.999757,
          0.022013,
          -35.626808
        ],
        [
          -0.000003,
          0.022013,
          -0.999757,
          31.941045
        ],
        [
          -1,
          0,
          0.000003,
          0.000129
        ]
      ],
      "boundingbox": [
        [
          -0.159537,
          -5.098266,
          -5.220351
        ],
        [
          9.73675,
          3.421371,
          5.221238
        ]
      ]
    },
    {
      "name": "bone_54",
      "parent": "bone_61",
      "initpos": [
        7.931329,
        -0.583629,
        2.054706
      ],
      "initquaternion": [
        0,
        0,
        0.085742,
        0.996317
      ],
      "initscale": [
        1,
        1,
        1
      ],
      "offmtx": [
        [
          0.000005,
          0.022355,
          0.999749,
          -30.882858
        ],
        [
          3.1210603879117116e-7,
          0.999749,
          -0.022355,
          -33.942256
        ],
        [
          -1,
          4.4594696646527154e-7,
          0.000005,
          -2.054688
        ]
      ],
      "boundingbox": [
        [
          -0.019281,
          -1.254148,
          -0.990086
        ],
        [
          6.290903,
          0.973625,
          1.098362
        ]
      ]
    },
    {
      "name": "bone_65",
      "parent": "bone_54",
      "initpos": [
        6.235034,
        0,
        0.000003
      ],
      "initquaternion": [
        0,
        0,
        0.098063,
        0.99518
      ],
      "initscale": [
        1,
        1,
        1
      ],
      "offmtx": [
        [
          0.000005,
          0.217058,
          0.976158,
          -43.028919
        ],
        [
          -7.438847546836769e-7,
          0.976158,
          -0.217058,
          -26.044708
        ],
        [
          -1,
          5.623140282295935e-7,
          0.000005,
          -2.054695
        ]
      ],
      "boundingbox": [
        [
          -0.284427,
          -1.24404,
          -1.072098
        ],
        [
          5.368972,
          0.90218,
          1.157679
        ]
      ]
    },
    {
      "name": "bone_59",
      "parent": "bone_65",
      "initpos": [
        5.318691,
        0,
        2.384185791015625e-7
      ],
      "initquaternion": [
        7.60964837809297e-7,
        -8.817243042358314e-7,
        0.653362,
        0.757045
      ],
      "initscale": [
        1,
        1,
        1
      ],
      "offmtx": [
        [
          -0.000002,
          0.997406,
          -0.071975,
          -32.834896
        ],
        [
          -0.000005,
          -0.071975,
          -0.997406,
          44.01918
        ],
        [
          -1,
          -0.000001,
          0.000006,
          -2.054618
        ]
      ],
      "boundingbox": [
        [
          -1.174286,
          -2.243366,
          -1.066431
        ],
        [
          8.921332,
          0.962203,
          1.143123
        ]
      ]
    },
    {
      "name": "bone_57",
      "parent": "bone_59",
      "initpos": [
        8.829528,
        0,
        0
      ],
      "initquaternion": [
        6.591262717847712e-7,
        0,
        0.004917,
        0.999987
      ],
      "initscale": [
        0.999999,
        0.999999,
        1
      ],
      "offmtx": [
        [
          -0.000002,
          0.99665,
          -0.081781,
          -41.229511
        ],
        [
          -0.000007,
          -0.081781,
          -0.99665,
          44.426795
        ],
        [
          -1,
          -0.000001,
          0.000007,
          -2.054677
        ]
      ],
      "boundingbox": [
        [
          -0.161345,
          -1.7756,
          -0.89958
        ],
        [
          6.50075,
          1.213039,
          1.056699
        ]
      ]
    },
    {
      "name": "bone_19",
      "parent": "bone_01",
      "initpos": [
        11.815693,
        1.538713,
        -0.000001
      ],
      "initquaternion": [
        0,
        0,
        -0.001615,
        0.999998
      ],
      "initscale": [
        0.999999,
        0.999999,
        1
      ],
      "offmtx": [
        [
          -0.000007,
          -0.006628,
          -0.999978,
          0.8199
        ],
        [
          0,
          -0.999978,
          0.006628,
          16.890233
        ],
        [
          -1,
          0,
          0.000007,
          0.000004
        ]
      ],
      "boundingbox": [
        [
          -0.025954,
          -5.669556,
          -4.524721
        ],
        [
          4.904176,
          4.803931,
          4.524632
        ]
      ]
    },
    {
      "name": "bone_25",
      "parent": "bone_19",
      "initpos": [
        4.84447,
        0,
        0
      ],
      "initquaternion": [
        0,
        0,
        0,
        1
      ],
      "initscale": [
        1,
        1,
        1
      ],
      "offmtx": [
        [
          -0.000007,
          -0.006628,
          -0.999978,
          -4.024569
        ],
        [
          1.4782592927531368e-7,
          -0.999978,
          0.006628,
          16.890233
        ],
        [
          -1,
          0,
          0.000007,
          0.000005
        ]
      ],
      "boundingbox": [
        [
          -0.009624,
          -6.773645,
          -7.30937
        ],
        [
          16.75846,
          6.511633,
          7.309285
        ]
      ]
    },
    {
      "name": "bone_26",
      "parent": "bone_25",
      "initpos": [
        10.250534,
        -3.366067,
        0
      ],
      "initquaternion": [
        -2.6100855166077963e-7,
        1.1568323543542647e-7,
        -0.540396,
        0.84141
      ],
      "initscale": [
        0.999999,
        0.999999,
        1
      ],
      "offmtx": [
        [
          -0.000003,
          0.906613,
          -0.42196,
          -24.358509
        ],
        [
          -0.000005,
          -0.42196,
          -0.906613,
          -4.556192
        ],
        [
          -1,
          -4.1726707422640175e-7,
          0.000006,
          0.000005
        ]
      ],
      "boundingbox": [
        [
          0.183268,
          -4.918273,
          -4.875777
        ],
        [
          21.044837,
          10.047813,
          4.875465
        ]
      ]
    },
    {
      "name": "bone_20",
      "parent": "bone_26",
      "initpos": [
        12.570495,
        2.764485,
        0
      ],
      "initquaternion": [
        1.298542002814429e-7,
        -2.0319426141668373e-7,
        0.807342,
        0.590083
      ],
      "initscale": [
        1,
        1,
        1
      ],
      "offmtx": [
        [
          -0.000005,
          -0.677295,
          -0.735711,
          4.236658
        ],
        [
          0.000005,
          -0.735711,
          0.677295,
          37.408493
        ],
        [
          -1,
          -2.414749360468704e-7,
          0.000007,
          0.000009
        ]
      ],
      "boundingbox": [
        [
          -0.007188,
          -1.452098,
          -1.984363
        ],
        [
          6.982614,
          1.405454,
          1.984667
        ]
      ]
    },
    {
      "name": "bone_13",
      "parent": "bone_26",
      "initpos": [
        15.77251,
        -0.65975,
        2.697002
      ],
      "initquaternion": [
        0.94004,
        -0.304666,
        0.14223,
        0.057206
      ],
      "initscale": [
        0.999998,
        0.999999,
        0.999999
      ],
      "offmtx": [
        [
          -0.302262,
          0.936458,
          0.177999,
          -29.704069
        ],
        [
          -0.020879,
          -0.193193,
          0.980938,
          26.731246
        ],
        [
          0.952996,
          0.292783,
          0.077947,
          -6.005399
        ]
      ],
      "boundingbox": [
        [
          3.166937,
          -1.611774,
          -1.013874
        ],
        [
          6.951552,
          2.089166,
          1.275527
        ]
      ]
    },
    {
      "name": "bone_15",
      "parent": "bone_13",
      "initpos": [
        6.05149,
        0.946088,
        -0.000007
      ],
      "initquaternion": [
        -0.049334,
        -0.060247,
        -0.631626,
        0.771352
      ],
      "initscale": [
        0.999999,
        0.999999,
        1
      ],
      "offmtx": [
        [
          0.109297,
          0.415017,
          -0.903224,
          -32.871047
        ],
        [
          -0.300443,
          0.87996,
          0.367972,
          -29.967651
        ],
        [
          0.947516,
          0.231149,
          0.220866,
          -0.912712
        ]
      ],
      "boundingbox": [
        [
          -0.014052,
          -0.917478,
          -1.033123
        ],
        [
          6.340576,
          0.950545,
          0.887848
        ]
      ]
    },
    {
      "name": "bone_14",
      "parent": "bone_15",
      "initpos": [
        5.804813,
        0.279113,
        0.00001
      ],
      "initquaternion": [
        7.866065629968944e-7,
        7.467194222954276e-7,
        -0.334284,
        0.942472
      ],
      "initscale": [
        1,
        1,
        1
      ],
      "offmtx": [
        [
          0.274179,
          -0.232205,
          -0.933223,
          -10.973397
        ],
        [
          -0.164426,
          0.944802,
          -0.283394,
          -47.856796
        ],
        [
          0.947517,
          0.231147,
          0.220865,
          -0.912701
        ]
      ],
      "boundingbox": [
        [
          0.044303,
          -0.61345,
          -0.631944
        ],
        [
          6.332319,
          0.824681,
          0.314944
        ]
      ]
    },
    {
      "name": "bone_23",
      "parent": "bone_26",
      "initpos": [
        15.77251,
        -0.659747,
        -2.696659
      ],
      "initquaternion": [
        0.057206,
        0.14223,
        -0.304665,
        0.94004
      ],
      "initscale": [
        1,
        0.999999,
        1
      ],
      "offmtx": [
        [
          0.302263,
          0.936458,
          0.177994,
          -29.703977
        ],
        [
          -0.020893,
          0.193193,
          -0.980938,
          -26.731239
        ],
        [
          -0.952995,
          0.292783,
          0.077961,
          -6.00572
        ]
      ],
      "boundingbox": [
        [
          3.167141,
          -2.089242,
          -1.014486
        ],
        [
          6.951746,
          1.611694,
          1.274958
        ]
      ]
    },
    {
      "name": "bone_24",
      "parent": "bone_23",
      "initpos": [
        6.051488,
        -0.94609,
        -0.000008
      ],
      "initquaternion": [
        0.049334,
        -0.060247,
        0.631626,
        0.771352
      ],
      "initscale": [
        0.999999,
        0.999999,
        0.999999
      ],
      "offmtx": [
        [
          -0.109309,
          0.415017,
          -0.903223,
          -32.871082
        ],
        [
          -0.300447,
          -0.87996,
          -0.367967,
          29.967557
        ],
        [
          -0.947513,
          0.231149,
          0.220879,
          -0.913049
        ]
      ],
      "boundingbox": [
        [
          -0.014198,
          -0.950775,
          -1.033756
        ],
        [
          6.340459,
          0.917266,
          0.887281
        ]
      ]
    },
    {
      "name": "bone_27",
      "parent": "bone_24",
      "initpos": [
        5.804817,
        -0.279119,
        0.000008
      ],
      "initquaternion": [
        -7.785447451169603e-7,
        4.788203682437597e-7,
        0.334284,
        0.942472
      ],
      "initscale": [
        1,
        1,
        1
      ],
      "offmtx": [
        [
          -0.274193,
          -0.232205,
          -0.933219,
          -10.973468
        ],
        [
          -0.164422,
          -0.944802,
          0.283397,
          47.856754
        ],
        [
          -0.947514,
          0.231147,
          0.220878,
          -0.913018
        ]
      ],
      "boundingbox": [
        [
          0.044065,
          -0.824797,
          -0.632573
        ],
        [
          6.332077,
          0.613358,
          0.31424
        ]
      ]
    },
    {
      "name": "bone_28",
      "parent": "bone_26",
      "initpos": [
        8.892547,
        -4.048258,
        -3.541006
      ],
      "initquaternion": [
        3.338861063184595e-7,
        0,
        -0.601687,
        0.798731
      ],
      "initscale": [
        0.999999,
        0.999999,
        1
      ],
      "offmtx": [
        [
          0.000005,
          0.655752,
          0.754976,
          -8.687211
        ],
        [
          -0.000005,
          0.754976,
          -0.655752,
          -32.100212
        ],
        [
          -1,
          -4.64580608650067e-7,
          0.000007,
          3.541023
        ]
      ],
      "boundingbox": [
        [
          -0.020236,
          -0.615418,
          0.007156
        ],
        [
          4.183538,
          0.509472,
          0.105976
        ]
      ]
    },
    {
      "name": "bone_29",
      "parent": "bone_26",
      "initpos": [
        8.892547,
        -4.048261,
        3.541303
      ],
      "initquaternion": [
        0.798731,
        -0.601687,
        -3.0758559432797483e-7,
        0
      ],
      "initscale": [
        0.999999,
        0.999999,
        0.999999
      ],
      "offmtx": [
        [
          0.000005,
          0.655752,
          0.754976,
          -8.687211
        ],
        [
          0.000004,
          -0.754976,
          0.655752,
          32.100212
        ],
        [
          1,
          0,
          -0.000007,
          3.541307
        ]
      ],
      "boundingbox": [
        [
          -0.020271,
          -0.509503,
          0.007626
        ],
        [
          4.183503,
          0.615386,
          0.106478
        ]
      ]
    },
    {
      "name": "bone_30",
      "parent": "bone_25",
      "initpos": [
        6.847424,
        1.318942,
        -5.691
      ],
      "initquaternion": [
        0.019905,
        0.122508,
        0.562745,
        0.817259
      ],
      "initscale": [
        0.999999,
        0.999999,
        0.999999
      ],
      "offmtx": [
        [
          0.177836,
          -0.926905,
          -0.330483,
          9.72689
        ],
        [
          -0.170412,
          -0.35977,
          0.917346,
          16.613733
        ],
        [
          -0.969192,
          -0.106819,
          -0.221936,
          4.735427
        ]
      ],
      "boundingbox": [
        [
          -0.052544,
          -3.32443,
          -2.755611
        ],
        [
          8.3579,
          2.995115,
          2.852912
        ]
      ]
    },
    {
      "name": "bone_31",
      "parent": "bone_30",
      "initpos": [
        4.303689,
        1.722854,
        -3.049255
      ],
      "initquaternion": [
        -0.026255,
        -0.030921,
        0.71972,
        0.693078
      ],
      "initscale": [
        0.999999,
        1,
        0.999999
      ],
      "offmtx": [
        [
          -0.18194,
          -0.324912,
          0.928078,
          14.713862
        ],
        [
          -0.092348,
          0.945305,
          0.312839,
          -6.587951
        ],
        [
          -0.978963,
          -0.028788,
          -0.201994,
          7.200821
        ]
      ],
      "boundingbox": [
        [
          -0.200134,
          -1.435629,
          -0.489204
        ],
        [
          5.48695,
          1.480837,
          0.429062
        ]
      ]
    },
    {
      "name": "bone_16",
      "parent": "bone_30",
      "initpos": [
        7.627804,
        0.756283,
        0.486608
      ],
      "initquaternion": [
        0.00028,
        -0.003278,
        -0.006601,
        0.999972
      ],
      "initscale": [
        0.999999,
        0.999999,
        0.999999
      ],
      "offmtx": [
        [
          0.173717,
          -0.922754,
          -0.344014,
          1.917309
        ],
        [
          -0.168635,
          -0.372039,
          0.912769,
          15.886344
        ],
        [
          -0.970249,
          -0.10055,
          -0.220239,
          4.226743
        ]
      ],
      "boundingbox": [
        [
          -0.000626,
          -1.290768,
          -1.117162
        ],
        [
          6.983748,
          1.548316,
          0.983081
        ]
      ]
    },
    {
      "name": "bone_21",
      "parent": "bone_16",
      "initpos": [
        7.152434,
        1.256928,
        -0.006772
      ],
      "initquaternion": [
        0.025026,
        -0.0393,
        -0.558523,
        0.828179
      ],
      "initscale": [
        0.999999,
        0.999999,
        0.999999
      ],
      "offmtx": [
        [
          0.185102,
          -0.003023,
          -0.982714,
          -15.358207
        ],
        [
          0.014339,
          -0.99988,
          0.005777,
          1.012399
        ],
        [
          -0.982614,
          -0.01516,
          -0.185037,
          4.738084
        ]
      ],
      "boundingbox": [
        [
          -2.040577,
          -1.092273,
          -1.786519
        ],
        [
          6.332212,
          1.068369,
          1.809635
        ]
      ]
    },
    {
      "name": "bone_32",
      "parent": "bone_21",
      "initpos": [
        5.697472,
        -0.251506,
        1.444344
      ],
      "initquaternion": [
        -0.021149,
        -0.015218,
        0.419703,
        0.907287
      ],
      "initscale": [
        0.999999,
        0.999999,
        1
      ],
      "offmtx": [
        [
          0.121043,
          -0.764242,
          -0.633467,
          -12.632092
        ],
        [
          -0.081315,
          -0.643649,
          0.760988,
          16.671129
        ],
        [
          -0.989311,
          -0.040601,
          -0.140054,
          4.276883
        ]
      ],
      "boundingbox": [
        [
          -0.031205,
          -0.549816,
          -0.215335
        ],
        [
          2.111445,
          0.337973,
          0.178789
        ]
      ]
    },
    {
      "name": "bone_22",
      "parent": "bone_21",
      "initpos": [
        5.830027,
        -0.318187,
        -1.370862
      ],
      "initquaternion": [
        -0.021149,
        -0.015218,
        0.419703,
        0.907287
      ],
      "initscale": [
        0.999999,
        0.999999,
        0.999999
      ],
      "offmtx": [
        [
          0.121043,
          -0.764242,
          -0.633467,
          -12.639294
        ],
        [
          -0.081315,
          -0.643649,
          0.760988,
          16.671117
        ],
        [
          -0.989311,
          -0.040602,
          -0.140053,
          7.095995
        ]
      ],
      "boundingbox": [
        [
          -0.012927,
          -0.405651,
          -0.161344
        ],
        [
          2.129722,
          0.482137,
          0.23278
        ]
      ]
    },
    {
      "name": "bone_17",
      "parent": "bone_21",
      "initpos": [
        6.065588,
        -0.737213,
        0.044319
      ],
      "initquaternion": [
        -0.020601,
        -0.015951,
        0.387569,
        0.921472
      ],
      "initscale": [
        0.999999,
        0.999999,
        0.999999
      ],
      "offmtx": [
        [
          0.126455,
          -0.717158,
          -0.685341,
          -13.662872
        ],
        [
          -0.072615,
          -0.695726,
          0.714626,
          16.274539
        ],
        [
          -0.989311,
          -0.040601,
          -0.140055,
          5.704123
        ]
      ],
      "boundingbox": [
        [
          -0.059633,
          -0.402984,
          -0.19348
        ],
        [
          2.736227,
          0.351033,
          0.203941
        ]
      ]
    },
    {
      "name": "bone_33",
      "parent": "bone_25",
      "initpos": [
        6.847424,
        1.318941,
        5.691409
      ],
      "initquaternion": [
        0.817259,
        0.562744,
        0.122508,
        0.019905
      ],
      "initscale": [
        0.999999,
        1,
        0.999999
      ],
      "offmtx": [
        [
          -0.177841,
          -0.926905,
          -0.330481,
          9.726813
        ],
        [
          -0.170425,
          0.35977,
          -0.917343,
          -16.613805
        ],
        [
          0.969188,
          -0.106819,
          -0.22195,
          4.735811
        ]
      ],
      "boundingbox": [
        [
          -0.052634,
          -2.995101,
          -2.755008
        ],
        [
          8.357833,
          3.324388,
          2.853457
        ]
      ]
    },
    {
      "name": "bone_18",
      "parent": "bone_33",
      "initpos": [
        7.627803,
        -0.756282,
        0.48661
      ],
      "initquaternion": [
        -0.00028,
        -0.003278,
        0.006601,
        0.999972
      ],
      "initscale": [
        0.999999,
        1,
        1
      ],
      "offmtx": [
        [
          -0.173721,
          -0.922754,
          -0.344012,
          1.917235
        ],
        [
          -0.168648,
          0.372039,
          -0.912767,
          -15.886414
        ],
        [
          0.970246,
          -0.10055,
          -0.220252,
          4.227129
        ]
      ],
      "boundingbox": [
        [
          -0.000695,
          -1.548309,
          -1.11653
        ],
        [
          6.983664,
