{"skeleton":[{"name":"root","parent":"root","initpos":[0.0,0.0,-0.0],"initquaternion":[0.707106,0.0,0.0,0.707106],"initscale":[1.0,0.999999,0.999999],"offmtx":[[1.0,0.0,0.0,0.0],[0.0,1.0,0.0,0.0],[0.0,0.0,1.0,0.0]],"boundingbox":[[0.0,0.0,0.0],[0.0,0.0,0.0]]},{"name":"bone04","parent":"root","initpos":[6.450203,-5.495510322361952e-07,-12.022544],"initquaternion":[-0.499998,0.500001,0.499998,0.500001],"initscale":[1.0,0.999999,0.999999],"offmtx":[[3.1391647326017846e-07,0.999999,0.0,-12.022545],[-1.0,3.139165016818879e-07,6e-06,6.4502],[6e-06,-0.0,1.0,-3.9e-05]],"boundingbox":[[8.570925,-4.374074,-2.460662],[15.378451,2.549912,2.539366]]},{"name":"bone12","parent":"bone04","initpos":[11.016159,0.495604,1.373754],"initquaternion":[0.003439,0.980774,0.000735,-0.195111],"initscale":[0.999999,1.0,1.0],"offmtx":[[-0.006457,-0.923839,0.382726,20.796739],[-0.999974,0.007033,0.000107,5.79226],[-0.002791,-0.382715,-0.923861,10.10306]],"boundingbox":[[0.056632,-2.035227,-0.111786],[4.832823,1.99602,0.158416]]},{"name":"bone13","parent":"bone12","initpos":[-0.206201,0.319629,-0.255694],"initquaternion":[0.061869,-0.018499,-0.146214,0.987143],"initscale":[1.0,0.999999,0.999999],"offmtx":[[0.284722,-0.892806,0.34904,18.689159],[-0.951769,-0.306707,-0.008137,12.532891],[0.114318,-0.329888,-0.937072,8.486405]],"boundingbox":[[5.2e-05,-2.208009,-0.458404],[4.93985,2.000907,0.410152]]},{"name":"bone14","parent":"bone13","initpos":[4.796757,1e-06,4e-06],"initquaternion":[0.000192,0.012033,0.02374,0.999645],"initscale":[1.0,1.0,0.999999],"offmtx":[[0.236391,-0.898166,0.370696,14.263525],[-0.964099,-0.264305,-0.025589,11.867557],[0.12096,-0.351338,-0.928401,8.820656]],"boundingbox":[[0.040559,-2.004336,-0.455843],[6.04888,2.000947,0.329679]]},{"name":"bone15","parent":"bone14","initpos":[5.957095,9.5367431640625e-07,1e-06],"initquaternion":[-0.013381,0.026612,-0.013525,0.999464],"initscale":[0.999999,1.0,1.0],"offmtx":[[0.256332,-0.870668,0.419797,7.496266],[-0.9605,-0.278107,0.00969,11.835331],[0.108311,-0.4057,-0.907565,9.55879]],"boundingbox":[[0.014494,-2.002888,-0.349984],[4.851914,2.072262,0.386906]]},{"name":"bone16","parent":"bone12","initpos":[4.818767,-9.5367431640625e-07,-2e-06],"initquaternion":[-0.000126,-0.004266,-0.009272,0.999947],"initscale":[1.0,0.999999,1.0],"offmtx":[[0.012063,-0.927043,0.374758,15.953456],[-0.999922,-0.010033,0.007366,6.085831],[-0.003069,-0.374818,-0.927092,9.968322]],"boundingbox":[[-0.023713,-2.03576,-0.114155],[6.024186,2.037083,0.149918]]},{"name":"bone17","parent":"bone16","initpos":[6.002739,9.5367431640625e-07,-1e-06],"initquaternion":[0.005174,0.008237,0.00437,0.999943],"initscale":[0.999999,0.999999,0.999999],"offmtx":[[0.003286,-0.920813,0.38999,9.83893],[-0.999967,-0.005914,-0.005537,6.103013],[0.007405,-0.389959,-0.920802,10.068284]],"boundingbox":[[-0.007209,-1.971552,-0.131708],[8.00298,2.048183,0.156436]]}],"boundingbox":[[3.90031,5.605188,-2.46065],[10.892211,27.400991,8.698171]]}