{"skeleton":[{"name":"root","parent":"root","initpos":[0.0,0.0,-0.0],"initquaternion":[0.707106,0.0,0.0,0.707106],"initscale":[1.0,0.999999,0.999999],"offmtx":[[1.0,0.0,0.0,0.0],[0.0,1.0,0.0,0.0],[0.0,0.0,1.0,0.0]],"boundingbox":[[0.0,0.0,0.0],[0.0,0.0,0.0]]},{"name":"bone006","parent":"root","initpos":[0.0,8e-06,-27.779851],"initquaternion":[0.502277,-0.497712,-0.502275,-0.497714],"initscale":[1.0,0.999999,0.999999],"offmtx":[[3e-06,0.999999,-2.2174488378823298e-07,-27.77985],[-0.999958,3e-06,-0.009126,-0.000101],[-0.009126,2.5506295742161456e-07,0.999958,-9e-06]],"boundingbox":[[-4.879867,-5.087465,-6.825483],[6.390994,5.126488,1.053756]]},{"name":"bone008","parent":"bone006","initpos":[5.696443,2.048008,-3.330831],"initquaternion":[0.004471,-0.199365,-0.000908,0.979914],"initscale":[0.999999,0.999999,0.999999],"offmtx":[[1.9813889196029777e-07,0.920504,0.39073,-29.506387],[-0.999999,8.865022778081766e-07,-1e-06,-2.017538],[-1e-06,-0.39073,0.920504,16.163349]],"boundingbox":[[-0.392572,-0.792504,-0.4201],[3.367883,0.732496,0.548789]]},{"name":"bone007","parent":"bone006","initpos":[5.696458,-1.951825,-3.367336],"initquaternion":[0.004473,-0.199365,-0.000907,0.979914],"initscale":[0.999999,1.0,0.999999],"offmtx":[[1.979059618406609e-07,0.920504,0.390731,-29.506389],[-0.999999,-6.039625759513001e-07,1e-06,1.982523],[2e-06,-0.390731,0.920504,16.163352]],"boundingbox":[[-0.392571,-0.767503,-0.420102],[3.367881,0.757498,0.548789]]},{"name":"bone011","parent":"bone006","initpos":[1.052589,-4.832994,-0.843612],"initquaternion":[-0.479928,-0.025118,-0.300912,0.823704],"initscale":[0.999999,0.999999,0.999999],"offmtx":[[0.468584,0.81764,0.334503,-25.575319],[-0.351146,0.519836,-0.778759,-13.911019],[-0.810632,0.247455,0.530698,-2.786601]],"boundingbox":[[-0.005534,-0.350944,-0.048579],[3.773447,0.349076,0.02678]]},{"name":"bone009","parent":"bone006","initpos":[1.337326,-4.386476,-2.117517],"initquaternion":[-0.464082,-0.157341,-0.561656,0.666643],"initscale":[0.999999,0.999999,0.999999],"offmtx":[[0.596113,0.319569,0.736562,-10.401082],[0.065694,0.894887,-0.441429,-27.263038],[-0.800208,0.31153,0.51246,-4.480884]],"boundingbox":[[0.308659,-0.401744,-0.190985],[3.796123,0.442401,0.160747]]},{"name":"bone013","parent":"bone006","initpos":[0.648416,-4.223008,-2.139257],"initquaternion":[-0.460549,-0.175189,-0.562929,0.66356],"initscale":[0.999999,0.999999,0.999999],"offmtx":[[0.578831,0.304836,0.756325,-9.53281],[0.06177,0.908442,-0.41342,-26.955934],[-0.813104,0.286019,0.507005,-3.616521]],"boundingbox":[[0.037103,-0.424312,-0.143273],[3.520584,0.39601,0.196751]]},{"name":"bone012","parent":"bone006","initpos":[1.052558,4.9166,-0.754629],"initquaternion":[0.487426,-0.027862,0.300673,0.819289],"initscale":[0.999999,1.0,1.0],"offmtx":[[-0.468584,0.81764,0.334503,-25.607654],[-0.351146,-0.519836,0.778759,13.886791],[0.810631,0.247454,0.530699,-2.73065]],"boundingbox":[[-0.037061,-0.374623,-0.052619],[3.741918,0.325395,0.022737]]},{"name":"bone010","parent":"bone006","initpos":[1.337293,4.463156,-2.036748],"initquaternion":[0.470147,-0.162459,0.560199,0.662378],"initscale":[0.999999,0.999999,0.999999],"offmtx":[[-0.596113,0.319569,0.736562,-10.424186],[0.065694,-0.894887,0.441429,27.265586],[0.800208,0.311529,0.51246,-4.449856]],"boundingbox":[[0.285556,-0.439858,-0.159973],[3.773022,0.404288,0.191757]]},{"name":"bone014","parent":"bone006","initpos":[0.648386,4.326636,-2.061227],"initquaternion":[0.466586,-0.180318,0.561309,0.659328],"initscale":[1.0,0.999999,0.999999],"offmtx":[[-0.578831,0.304835,0.756325,-9.570594],[0.061769,-0.908442,0.41342,26.959962],[0.813103,0.286018,0.507005,-3.563428]],"boundingbox":[[-0.000683,-0.391976,-0.090189],[3.482795,0.428345,0.249835]]}],"boundingbox":[[-6.776791,22.899997,-6.812308],[6.764919,36.703262,1.012497]]}