{"skeleton":[{"name":"root","parent":"root","initpos":[0.0,0.0,-0.0],"initquaternion":[0.707106,0.0,0.0,0.707106],"initscale":[1.0,0.999999,0.999999],"offmtx":[[1.0,0.0,0.0,0.0],[0.0,1.0,0.0,0.0],[0.0,0.0,1.0,0.0]],"boundingbox":[[0.0,0.0,0.0],[0.0,0.0,0.0]]},{"name":"Bone025","parent":"root","initpos":[-8.812183,10.553974,-29.895166],"initquaternion":[0.5,0.499999,0.5,-0.499999],"initscale":[1.0,1.0,1.0],"offmtx":[[1.9470722634196136e-07,-0.999999,0.0,29.89517],[0.999999,1.9470715528768778e-07,-2.2252510234466172e-07,8.812179],[2.2252511655551643e-07,0.0,0.999999,-10.553973]],"boundingbox":[[-0.629828,-1.237812,-0.353974],[8.706589,1.312186,0.471025]]},{"name":"Bone042","parent":"Bone025","initpos":[1.318534,0.062972,0.892706],"initquaternion":[-1.9470718370939721e-07,1.0,3.1391647326017846e-07,-0.0],"initscale":[0.999999,0.999999,0.999999],"offmtx":[[5.043341388955014e-07,0.999999,0.0,-28.576631],[0.999999,-5.043340252086637e-07,4.2915746689686785e-07,8.74922],[4.291574953185773e-07,-0.0,-0.999999,11.446685]],"boundingbox":[[-0.27664,-0.675786,-0.678318],[2.673361,0.649214,0.52168]]},{"name":"Bone043","parent":"Bone042","initpos":[2.602281,-0.040648,0.004505],"initquaternion":[0.0,0.0,0.0,1.0],"initscale":[1.0,1.0,1.0],"offmtx":[[6.772112897124316e-07,0.999999,0.0,-31.178907],[0.999999,-6.772110623387562e-07,2e-06,8.789846],[2e-06,-0.0,-0.999999,11.442201]],"boundingbox":[[-0.003917,-1.010141,-1.082828],[2.021083,1.064866,1.017177]]},{"name":"Bone047","parent":"Bone043","initpos":[3.825702,0.022391,-0.41295],"initquaternion":[-1.9470719792025193e-07,1.0,1.9470719792025193e-07,-0.0],"initscale":[0.999999,0.999999,0.999999],"offmtx":[[2.9536531087615003e-07,-0.999999,0.0,35.004619],[0.999999,2.9536522561102174e-07,2e-06,8.767433],[-2e-06,-0.0,0.999999,-11.855149]],"boundingbox":[[-0.120378,-2.132521,-0.255126],[2.60462,2.117478,0.569873]]},{"name":"Bone050","parent":"Bone042","initpos":[2.48467,-1.806773,-0.649335],"initquaternion":[1.0264182037644787e-07,2.1519312554119097e-07,-0.430511,0.902585],"initscale":[0.999999,0.999999,1.0],"offmtx":[[-0.777146,0.62932,1.9833741760066914e-07,-27.75105],[0.62932,0.777146,3.38019532364342e-07,-17.49608],[0.0,3.875082938975538e-07,-0.999999,12.096007]],"boundingbox":[[-0.023796,-0.674299,-0.053983],[4.351205,0.700701,0.071017]]},{"name":"Bone051","parent":"Bone050","initpos":[0.481393,-0.764888,-9.5367431640625e-07],"initquaternion":[-0.70589,0.70832,1.379151797209488e-07,-1.3744194404807786e-07],"initscale":[0.999999,0.999999,0.999999],"offmtx":[[-0.626645,-0.779304,-2.5127653202616784e-07,16.828126],[0.779304,-0.626645,-4.355930514066131e-07,28.174774],[1.8199831686160906e-07,-4.6878332682354085e-07,0.999999,-12.096004]],"boundingbox":[[-0.096168,-0.173283,-0.046017],[1.011143,0.50551,0.028982]]},{"name":"Bone052","parent":"Bone042","initpos":[2.525112,-0.624217,0.146717],"initquaternion":[-0.39819,0.917302,0.0,-0.0],"initscale":[1.0,1.0,0.999999],"offmtx":[[-0.730522,-0.682888,-2.857880758710962e-07,14.391526],[0.682888,-0.730522,2.2920073661225615e-07,29.121532],[-3.6529314684230485e-07,-0.0,0.999999,-11.299965]],"boundingbox":[[-0.000384,-0.255478,-0.249961],[1.777379,0.254418,0.250038]]},{"name":"Bone048","parent":"Bone042","initpos":[2.242176,1.754148,-0.649333],"initquaternion":[0.902585,0.430511,1.3136947529801546e-07,-2.783816910323367e-07],"initscale":[1.0,0.999999,0.999999],"offmtx":[[0.777145,0.62932,-0.0,-13.958725],[-0.62932,0.777145,-0.0,-28.352848],[0.0,0.0,0.999999,-12.096017]],"boundingbox":[[0.002097,-0.617411,-0.071015],[4.377098,0.757589,0.053985]]},{"name":"Bone049","parent":"Bone048","initpos":[0.463695,-0.677528,-0.0],"initquaternion":[-0.0,0.0,-0.705715,0.708495],"initscale":[0.999999,0.999999,1.0],"offmtx":[[0.632371,-0.774665,0.0,27.618404],[0.774665,0.632371,-2.5078119847421476e-07,-14.531133],[1.6215192033541825e-07,1.979339145918857e-07,0.999999,-12.096023]],"boundingbox":[[-0.066926,-0.465687,-0.046015],[1.040717,0.213651,0.028984]]},{"name":"Bone054","parent":"Bone042","initpos":[2.519929,0.570713,0.140688],"initquaternion":[0.399333,0.916805,2.2440333680151525e-07,-0.0],"initscale":[1.0,0.999999,0.999999],"offmtx":[[0.732222,-0.681065,0.0,27.16727],[0.681065,0.732222,2.688761071567569e-07,-17.199514],[-2.0131085420871386e-07,-1.7995931500536244e-07,0.999999,-11.305989]],"boundingbox":[[-0.001883,-0.24931,-0.255992],[1.874652,0.256477,0.244007]]},{"name":"Bone027","parent":"Bone025","initpos":[1.806472,0.980717,-0.022424],"initquaternion":[0.707106,0.707107,-0.0,-1.9106381898836844e-07],"initscale":[1.0,0.999999,0.999999],"offmtx":[[0.999999,6.834688974777237e-07,-0.0,7.831448],[6.834690111645614e-07,-0.999999,-4.768391477227851e-07,28.088706],[-0.0,4.768389771925285e-07,-0.999999,10.531536]],"boundingbox":[[-0.118529,-1.011299,-0.393451],[3.50647,0.963701,0.231549]]},{"name":"Bone028","parent":"Bone027","initpos":[3.515281,-0.009607,9.5367431640625e-07],"initquaternion":[1.0,1.6292062809952768e-07,0.0,4.331257628109597e-07],"initscale":[1.0,1.0,1.0],"offmtx":[[0.999999,3.5762769812208717e-07,-1.778825264864281e-07,4.316177],[-3.5762786865234375e-07,0.999999,-3.8941203683862113e-07,-28.098306],[1.7788238437788095e-07,3.8941203683862113e-07,0.999999,-10.531558]],"boundingbox":[[-0.508812,-2.248313,-0.081549],[9.466186,2.101688,0.243452]]},{"name":"Bone032","parent":"Bone028","initpos":[3.996689,-2.458028,0.086311],"initquaternion":[1.3767878215276141e-07,1.994959717421807e-07,-0.707106,0.707106],"initscale":[1.0,1.0,1.0],"offmtx":[[2.8920339900651015e-07,-0.999999,0.0,25.640279],[0.999999,2.8920328531967243e-07,-2.653052320056304e-07,0.319489],[2.653052604273398e-07,0.0,0.999999,-10.617862]],"boundingbox":[[0.015282,-0.555504,-0.242863],[1.015282,0.544495,0.232136]]},{"name":"Bone033","parent":"Bone032","initpos":[0.703733,-0.020532,0.004161],"initquaternion":[0.0,0.0,0.0,1.0],"initscale":[1.0,1.0,1.0],"offmtx":[[2.8920339900651015e-07,-0.999999,0.0,24.936546],[0.999999,2.8920328531967243e-07,-4e-06,0.340072],[4e-06,0.0,0.999999,-10.622022]],"boundingbox":[[-0.31345,-0.134973,-0.347025],[1.086548,0.215029,0.352975]]},{"name":"Bone034","parent":"Bone033","initpos":[1.180738,0.031616,-0.002963],"initquaternion":[0.0,0.0,0.0,1.0],"initscale":[1.0,1.0,1.0],"offmtx":[[2.8920339900651015e-07,-0.999999,0.0,23.755807],[0.999999,2.8920328531967243e-07,1e-06,0.30839],[-1e-06,-0.0,0.999999,-10.619059]],"boundingbox":[[0.155809,-0.791588,-0.194061],[0.55581,0.808411,0.20594]]},{"name":"Bone041","parent":"Bone034","initpos":[3.627607,0.032118,0.164009],"initquaternion":[0.0,0.0,0.0,1.0],"initscale":[1.0,1.0,1.0],"offmtx":[[3.2028862051447504e-07,-0.999999,0.0,20.128202],[0.999999,3.2028853524934675e-07,-2.2435789048813604e-07,0.276286],[2.2435790469899075e-07,0.0,0.999999,-10.783068]],"boundingbox":[[0.078205,-0.173707,0.01693],[0.503205,0.176292,0.01693]]},{"name":"Bone039","parent":"Bone034","initpos":[6.33193,0.042643,0.011056],"initquaternion":[0.0,0.0,0.0,1.0],"initscale":[1.0,1.0,1.0],"offmtx":[[4.377661753096618e-07,-0.999999,0.0,17.423877],[0.999999,4.3776606162282405e-07,-3.044813752239861e-07,0.26576],[3.0448140364569554e-07,0.0,0.999999,-10.630118]],"boundingbox":[[0.673878,-3.134234,-2.45512],[1.598881,3.315765,2.69488]]},{"name":"Bone040","parent":"Bone039","initpos":[1.150766,0.013401,-2.407835],"initquaternion":[0.0,0.0,0.0,1.0],"initscale":[1.0,1.0,1.0],"offmtx":[[4.377661753096618e-07,-0.999999,0.0,16.273111],[0.999999,4.3776606162282405e-07,2e-06,0.252339],[-2e-06,-0.0,0.999999,-8.222283]],"boundingbox":[[-0.026885,-0.897635,-0.372285],[3.273113,1.052365,0.202716]]},{"name":"Bone026","parent":"Bone025","initpos":[1.806472,-0.778825,0.026977],"initquaternion":[-0.0,0.0,-0.707106,0.707106],"initscale":[1.0,1.0,1.0],"offmtx":[[-0.999999,-1.1920921849650767e-07,1.3510233998204058e-07,-9.591006],[1.1920923270736239e-07,-0.999999,-0.0,28.088697],[1.3510236840375e-07,-0.0,0.999999,-10.580948]],"boundingbox":[[-0.041012,-1.011302,-0.280951],[3.583988,0.963697,0.344048]]},{"name":"Bone029","parent":"Bone026","initpos":[3.597992,-0.009605,-0.005971],"initquaternion":[1.0,-0.0,0.0,3.139165016818879e-07],"initscale":[1.0,0.999999,0.999999],"offmtx":[[-0.999999,0.0,2.2252511655551643e-07,-13.189006],[0.0,0.999999,6.516845587611897e-07,-28.09831],[-2.2252510234466172e-07,6.516843882309331e-07,-0.999999,10.57496]],"boundingbox":[[-0.514007,-2.248306,-0.20002],[9.460988,2.101693,0.124981]]},{"name":"Bone030","parent":"Bone029","initpos":[3.980705,-2.458024,-0.042883],"initquaternion":[0.707106,-0.707106,-0.0,-3.0626614488937776e-07],"initscale":[1.0,0.999999,0.999999],"offmtx":[[4.088287823833525e-07,-0.999999,0.0,25.640283],[0.999999,4.0882864027480537e-07,-0.0,17.169702],[0.0,0.0,0.999999,-10.617864]],"boundingbox":[[0.015279,-0.555282,-0.242863],[1.015279,0.544717,0.232136]]},{"name":"Bone031","parent":"Bone030","initpos":[0.703741,-0.020528,0.00416],"initquaternion":[0.0,0.0,0.0,1.0],"initscale":[1.0,1.0,1.0],"offmtx":[[4.088286686965148e-07,-0.999999,0.0,24.936542],[0.999999,4.088285550096771e-07,-4e-06,17.190286],[4e-06,0.0,0.999999,-10.621942]],"boundingbox":[[-0.313461,-0.309751,-0.347026],[1.111537,0.16525,0.352974]]},{"name":"Bone035","parent":"Bone031","initpos":[1.180734,-0.01299,-0.002964],"initquaternion":[0.0,0.0,0.0,1.0],"initscale":[1.0,1.0,1.0],"offmtx":[[4.088286686965148e-07,-0.999999,0.0,23.755807],[0.999999,4.088285550096771e-07,1e-06,17.20321],[-1e-06,-0.0,0.999999,-10.619082]],"boundingbox":[[-0.644196,-0.92176,-0.19406],[0.555803,0.928239,0.205942]]},{"name":"Bone037","parent":"Bone035","initpos":[6.331928,-0.152265,0.011059],"initquaternion":[0.0,0.0,0.0,1.0],"initscale":[1.0,1.0,1.0],"offmtx":[[3.0535790074281977e-07,-0.999999,0.0,17.423877],[0.999999,3.053578154776915e-07,-3.919044786471204e-07,17.355499],[3.9190450706882984e-07,0.0,0.999999,-10.630114]],"boundingbox":[[0.673874,-3.194492,-2.455121],[1.598875,3.255506,2.694879]]},{"name":"Bone038","parent":"Bone037","initpos":[1.150764,0.013397,-2.407835],"initquaternion":[0.0,0.0,0.0,1.0],"initscale":[1.0,1.0,1.0],"offmtx":[[3.0535790074281977e-07,-0.999999,0.0,16.273113],[0.999999,3.053578154776915e-07,1e-06,17.342081],[-1e-06,-0.0,0.999999,-8.222318]],"boundingbox":[[-0.026888,-0.957893,-0.372283],[3.273109,0.992109,0.202717]]},{"name":"Bone056","parent":"root","initpos":[-17.270534,10.74661,-19.411186],"initquaternion":[0.498865,0.501132,0.501132,-0.498864],"initscale":[0.999999,0.999999,1.0],"offmtx":[[-0.004534,-0.999989,1e-06,19.332664],[0.999989,-0.004534,1.2e-05,17.358232],[-1.2e-05,1e-06,0.999999,-10.746854]],"boundingbox":[[-2.166109,-2.907211,-1.255694],[2.042044,2.107328,1.43263]]},{"name":"Bone055","parent":"Bone056","initpos":[-0.009521,-0.206487,-0.129346],"initquaternion":[-4e-06,-1.4573556939012633e-07,-0.120272,0.99274],"initscale":[0.999999,0.999999,1.0],"offmtx":[[-0.243198,-0.969976,-6.128677227934531e-07,14.588178],[0.969976,-0.243198,2e-06,21.675544],[-2e-06,0.0,0.999999,-10.617316]],"boundingbox":[[-1.620175,-1.947977,-1.228831],[1.591145,1.345184,1.596077]]}],"boundingbox":[[-22.649997,12.999999,7.849997],[5.150001,35.124996,13.324999]]}