{
  "skeleton": [
    {
      "name": "RootNode",
      "parent": "RootNode",
      "initpos": [
        0,
        0,
        0
      ],
      "initquaternion": [
        0,
        0,
        0,
        1
      ],
      "initscale": [
        1,
        1,
        1
      ],
      "offmtx": [
        [
          1,
          0,
          0,
          0
        ],
        [
          0,
          1,
          0,
          0
        ],
        [
          0,
          0,
          1,
          0
        ]
      ],
      "boundingbox": [
        [
          0,
          0,
          0
        ],
        [
          0,
          0,
          0
        ]
      ]
    },
    {
      "name": "root",
      "parent": "RootNode",
      "initpos": [
        0,
        0,
        0
      ],
      "initquaternion": [
        0.707106,
        0,
        0,
        0.707106
      ],
      "initscale": [
        1,
        0.999999,
        0.999999
      ],
      "offmtx": [
        [
          1,
          0,
          0,
          0
        ],
        [
          0,
          1,
          0,
          0
        ],
        [
          0,
          0,
          1,
          0
        ]
      ],
      "boundingbox": [
        [
          0,
          0,
          0
        ],
        [
          0,
          0,
          0
        ]
      ]
    },
    {
      "name": "Bone01",
      "parent": "root",
      "initpos": [
        6.60721525491681e-7,
        15.115545,
        -18.377723
      ],
      "initquaternion": [
        -0.49866,
        0.501335,
        -0.498661,
        0.501335
      ],
      "initscale": [
        0.999999,
        0.999999,
        1
      ],
      "offmtx": [
        [
          1,
          0,
          0,
          0
        ],
        [
          0,
          1,
          0,
          0
        ],
        [
          0,
          0,
          1,
          0
        ]
      ],
      "boundingbox": [
        [
          0,
          0,
          0
        ],
        [
          0,
          0,
          0
        ]
      ]
    },
    {
      "name": "Bone02",
      "parent": "Bone01",
      "initpos": [
        -2.151341,
        0.005161,
        -0.000001
      ],
      "initquaternion": [
        0,
        0,
        -0.000555,
        0.999999
      ],
      "initscale": [
        0.999999,
        0.999999,
        1
      ],
      "offmtx": [
        [
          0,
          0.004237,
          -0.99999,
          17.188886
        ],
        [
          0,
          0.99999,
          0.004237,
          -18.444368
        ],
        [
          0.999999,
          0,
          0,
          1.3152794053894468e-7
        ]
      ],
      "boundingbox": [
        [
          -0.024925,
          -4.255488,
          -4.980704
        ],
        [
          10.330933,
          5.084576,
          4.844464
        ]
      ]
    },
    {
      "name": "Bone03",
      "parent": "Bone02",
      "initpos": [
        10.065385,
        0.000005,
        0.000007
      ],
      "initquaternion": [
        -1.0926692084467504e-7,
        0,
        -0.01083,
        0.999941
      ],
      "initscale": [
        0.999999,
        1,
        1
      ],
      "offmtx": [
        [
          0,
          -0.017423,
          -0.999847,
          7.521335
        ],
        [
          0,
          0.999847,
          -0.017423,
          -18.285732
        ],
        [
          0.999999,
          0,
          0,
          -0.000009
        ]
      ],
      "boundingbox": [
        [
          -0.34754,
          -6.199956,
          -5.945752
        ],
        [
          13.111278,
          7.167381,
          5.826961
        ]
      ]
    },
    {
      "name": "Bone04",
      "parent": "Bone03",
      "initpos": [
        12.521032,
        -0.000539,
        0
      ],
      "initquaternion": [
        0,
        0,
        0.153654,
        0.988124
      ],
      "initscale": [
        1,
        1,
        1
      ],
      "offmtx": [
        [
          0,
          0.287012,
          -0.957926,
          -10.316101
        ],
        [
          -1.925388062318234e-7,
          0.957926,
          0.287012,
          -15.903573
        ],
        [
          0.999999,
          2.0582227477916604e-7,
          0,
          -0.000011
        ]
      ],
      "boundingbox": [
        [
          -2.478491,
          -6.24868,
          -5.402721
        ],
        [
          9.680918,
          6.864024,
          5.404967
        ]
      ]
    },
    {
      "name": "Bone05",
      "parent": "Bone04",
      "initpos": [
        6.816179,
        5.199894,
        -0.000005
      ],
      "initquaternion": [
        0,
        0,
        -0.142596,
        0.98978
      ],
      "initscale": [
        0.999998,
        0.999998,
        1
      ],
      "offmtx": [
        [
          0,
          0.004938,
          -0.999987,
          -10.47849
        ],
        [
          -2.829415848282224e-7,
          0.999987,
          0.004938,
          -25.081336
        ],
        [
          0.999999,
          2.8312211952652433e-7,
          0,
          -0.000006
        ]
      ],
      "boundingbox": [
        [
          -2.149641,
          -12.773171,
          -8.100522
        ],
        [
          15.462589,
          7.709329,
          8.106508
        ]
      ]
    },
    {
      "name": "Bone06",
      "parent": "Bone05",
      "initpos": [
        11.76328,
        5.118164,
        0
      ],
      "initquaternion": [
        0,
        -5.365911874832818e-7,
        0.92521,
        0.379453
      ],
      "initscale": [
        0.999999,
        0.999999,
        1
      ],
      "offmtx": [
        [
          1.6018749704471702e-7,
          0.698624,
          0.715488,
          -5.367752
        ],
        [
          -8.120230177155463e-7,
          -0.715488,
          0.698624,
          37.119991
        ],
        [
          1,
          -6.92903995513916e-7,
          4.5268706116985413e-7,
          0.000033
        ]
      ],
      "boundingbox": [
        [
          -0.166736,
          -0.325446,
          -1.489738
        ],
        [
          6.22502,
          0.24194,
          1.457811
        ]
      ]
    },
    {
      "name": "Bone07",
      "parent": "Bone05",
      "initpos": [
        13.23071,
        2.215587,
        3.998079
      ],
      "initquaternion": [
        0.320748,
        0.034708,
        0.943047,
        0.081103
      ],
      "initscale": [
        1,
        1,
        0.999999
      ],
      "offmtx": [
        [
          0.599331,
          0.171375,
          0.78194,
          11.339365
        ],
        [
          0.117491,
          -0.985068,
          0.12584,
          29.501174
        ],
        [
          0.79183,
          0.016451,
          -0.610517,
          -18.00921
        ]
      ],
      "boundingbox": [
        [
          -0.287448,
          -2.565161,
          -0.322973
        ],
        [
          4.506113,
          2.407516,
          0.367668
        ]
      ]
    },
    {
      "name": "Bone08",
      "parent": "Bone05",
      "initpos": [
        13.23071,
        2.215589,
        -3.884712
      ],
      "initquaternion": [
        -0.320748,
        -0.034708,
        0.943047,
        0.081103
      ],
      "initscale": [
        1,
        1,
        1
      ],
      "offmtx": [
        [
          -0.599332,
          0.171374,
          0.781941,
          11.407339
        ],
        [
          -0.117491,
          -0.985068,
          0.125839,
          29.514484
        ],
        [
          0.791831,
          -0.016451,
          0.610518,
          17.919458
        ]
      ],
      "boundingbox": [
        [
          -0.223073,
          -2.552536,
          -0.452699
        ],
        [
          4.570487,
          2.420141,
          0.237932
        ]
      ]
    },
    {
      "name": "Bone09",
      "parent": "Bone05",
      "initpos": [
        8.494132,
        5.161447,
        -0.000001
      ],
      "initquaternion": [
        1.4129759051684232e-7,
        0,
        0.941968,
        0.335701
      ],
      "initscale": [
        1,
        1,
        1
      ],
      "offmtx": [
        [
          1.8253929567890737e-7,
          0.628608,
          0.777722,
          -4.430427
        ],
        [
          1.5712075196461228e-7,
          -0.777722,
          0.628608,
          35.425384
        ],
        [
          1,
          0,
          -2.4073207782748796e-7,
          -4.49667140856036e-7
        ]
      ],
      "boundingbox": [
        [
          -0.226571,
          -0.338068,
          -4.418334
        ],
        [
          5.185382,
          0.252375,
          4.424312
        ]
      ]
    },
    {
      "name": "Bone10",
      "parent": "Bone05",
      "initpos": [
        9.360002,
        -0.55598,
        -4.982316
      ],
      "initquaternion": [
        -0.350386,
        0.115305,
        0.916421,
        -0.155257
      ],
      "initscale": [
        1,
        1,
        1
      ],
      "offmtx": [
        [
          -0.6064,
          -0.368849,
          0.704435,
          19.950349
        ],
        [
          0.320137,
          -0.924181,
          -0.208325,
          20.243602
        ],
        [
          0.727867,
          0.099187,
          0.678506,
          14.562383
        ]
      ],
      "boundingbox": [
        [
          0.587268,
          -1.707013,
          -0.427276
        ],
        [
          6.006812,
          1.738022,
          0.229673
        ]
      ]
    },
    {
      "name": "Bone11",
      "parent": "Bone05",
      "initpos": [
        4.178345,
        1.288969,
        -5.898805
      ],
      "initquaternion": [
        0,
        -1.5894336513611051e-7,
        0.999988,
        -0.004763
      ],
      "initscale": [
        0.999999,
        0.999999,
        1
      ],
      "offmtx": [
        [
          1.3038530255471414e-7,
          -0.014465,
          0.999895,
          14.90741
        ],
        [
          0,
          -0.999895,
          -0.014465,
          26.229463
        ],
        [
          0.999999,
          0,
          -1.3126104647653847e-7,
          5.898805
        ]
      ],
      "boundingbox": [
        [
          -0.041189,
          -1.073554,
          -1.023913
        ],
        [
          8.323537,
          1.012074,
          0.95336
        ]
      ]
    },
    {
      "name": "Bone12",
      "parent": "Bone05",
      "initpos": [
        4.178344,
        1.288963,
        6.012165
      ],
      "initquaternion": [
        -2.3302317231355119e-7,
        -2.3477049637676828e-7,
        0.999988,
        -0.004763
      ],
      "initscale": [
        0.999999,
        0.999999,
        1
      ],
      "offmtx": [
        [
          -4.284082706362824e-7,
          -0.014465,
          0.999895,
          14.907413
        ],
        [
          -1.8753767960788537e-7,
          -0.999895,
          -0.014465,
          26.229469
        ],
        [
          1,
          -1.9371513815258368e-7,
          4.256509669176012e-7,
          -6.012153
        ]
      ],
      "boundingbox": [
        [
          -0.041196,
          -1.073557,
          -1.000171
        ],
        [
          8.323527,
          1.012072,
          0.977107
        ]
      ]
    },
    {
      "name": "Bone13",
      "parent": "Bone05",
      "initpos": [
        9.417371,
        -0.556268,
        5.204685
      ],
      "initquaternion": [
        0.333129,
        -0.112525,
        0.923064,
        -0.155932
      ],
      "initscale": [
        0.999999,
        0.999999,
        0.999999
      ],
      "offmtx": [
        [
          0.579908,
          -0.36644,
          0.727618,
          20.392927
        ],
        [
          -0.311627,
          -0.924983,
          -0.217471,
          20.097434
        ],
        [
          0.752724,
          -0.100632,
          -0.650598,
          -14.305088
        ]
      ],
      "boundingbox": [
        [
          0.49715,
          -1.658522,
          -0.269208
        ],
        [
          5.910751,
          1.799156,
          0.289409
        ]
      ]
    },
    {
      "name": "Bone14",
      "parent": "Bone05",
      "initpos": [
        7.542436,
        1.447376,
        6.279735
      ],
      "initquaternion": [
        -0.13549,
        0.982301,
        0.001135,
        -0.129327
      ],
      "initscale": [
        0.999999,
        0.999999,
        0.999999
      ],
      "offmtx": [
        [
          0.253769,
          -0.271067,
          0.928506,
          22.23221
        ],
        [
          0.037275,
          0.961957,
          0.270645,
          -20.9971
        ],
        [
          -0.966546,
          -0.034071,
          0.254219,
          11.524436
        ]
      ],
      "boundingbox": [
        [
          -0.30231,
          -2.279113,
          -0.399172
        ],
        [
          10.516274,
          2.272354,
          0.266144
        ]
      ]
    },
    {
      "name": "Bone15",
      "parent": "Bone05",
      "initpos": [
        7.543176,
        1.596656,
        -6.228282
      ],
      "initquaternion": [
        -0.129302,
        0.002778,
        0.980499,
        -0.147967
      ],
      "initscale": [
        1,
        1,
        0.999998
      ],
      "offmtx": [
        [
          -0.252739,
          -0.295436,
          0.921325,
          22.815958
        ],
        [
          0.043715,
          -0.954754,
          -0.294164,
          20.565353
        ],
        [
          0.966546,
          -0.034071,
          0.254219,
          11.479804
        ]
      ],
      "boundingbox": [
        [
          -0.299878,
          -2.398379,
          -0.443839
        ],
        [
          10.537565,
          2.425046,
          0.221467
        ]
      ]
    },
    {
      "name": "Bone16",
      "parent": "Bone05",
      "initpos": [
        11.595031,
        -1.64689,
        -2.932308
      ],
      "initquaternion": [
        -0.376499,
        -0.107271,
        0.883634,
        0.256772
      ],
      "initscale": [
        0.999999,
        0.999999,
        0.999999
      ],
      "offmtx": [
        [
          -0.610285,
          0.531666,
          0.587265,
          -1.411782
        ],
        [
          -0.382926,
          -0.846953,
          0.368832,
          26.915765
        ],
        [
          0.693482,
          0.000213,
          0.720473,
          17.848304
        ]
      ],
      "boundingbox": [
        [
          1.093833,
          -2.145281,
          -0.366437
        ],
        [
          11.990535,
          2.431576,
          0.20932
        ]
      ]
    },
    {
      "name": "Bone17",
      "parent": "Bone05",
      "initpos": [
        11.595031,
        -1.646892,
        3.168148
      ],
      "initquaternion": [
        0.256772,
        0.883634,
        -0.107271,
        -0.376498
      ],
      "initscale": [
        0.999999,
        0.999999,
        0.999999
      ],
      "offmtx": [
        [
          0.610285,
          0.531666,
          0.587265,
          -1.555692
        ],
        [
          -0.382926,
          0.846953,
          -0.368832,
          -26.825452
        ],
        [
          -0.693482,
          0.000213,
          0.720473,
          18.011838
        ]
      ],
      "boundingbox": [
        [
          0.949881,
          -2.341246,
          -0.202884
        ],
        [
          11.846586,
          2.235608,
          0.372882
        ]
      ]
    },
    {
      "name": "Bone18",
      "parent": "Bone04",
      "initpos": [
        8.266401,
        1.192378,
        -4.397222
      ],
      "initquaternion": [
        -0.306383,
        0.275482,
        0.904187,
        -0.112619
      ],
      "initscale": [
        1,
        0.999998,
        1
      ],
      "offmtx": [
        [
          -0.492007,
          -0.582641,
          0.646882,
          18.826597
        ],
        [
          0.567185,
          -0.778229,
          -0.269553,
          15.91387
        ],
        [
          0.660476,
          0.23428,
          0.71336,
          7.016038
        ]
      ],
      "boundingbox": [
        [
          0.063647,
          -2.687727,
          -1.917168
        ],
        [
          6.416596,
          2.633135,
          2.413347
        ]
      ]
    },
    {
      "name": "Bone19",
      "parent": "Bone18",
      "initpos": [
        6.161865,
        -0.4148,
        0.924906
      ],
      "initquaternion": [
        -0.382531,
        -0.137202,
        0.415195,
        0.813915
      ],
      "initscale": [
        0.999999,
        0.999999,
        0.999999
      ],
      "offmtx": [
        [
          0.076737,
          -0.98959,
          0.121747,
          19.997026
        ],
        [
          0.000002,
          -0.122107,
          -0.992517,
          -5.796963
        ],
        [
          0.997051,
          0.076163,
          -0.009368,
          5.535092
        ]
      ],
      "boundingbox": [
        [
          -0.201612,
          -3.613081,
          -1.923771
        ],
        [
          9.872971,
          3.432868,
          1.680298
        ]
      ]
    },
    {
      "name": "Bone20",
      "parent": "Bone19",
      "initpos": [
        6.976267,
        -0.45114,
        0.038943
      ],
      "initquaternion": [
        0.020644,
        -0.000791,
        0.265399,
        0.963917
      ],
      "initscale": [
        0.999999,
        0.999999,
        0.999999
      ],
      "offmtx": [
        [
          0.078374,
          -0.911701,
          -0.403307,
          8.520055
        ],
        [
          0,
          0.404551,
          -0.914514,
          -11.034204
        ],
        [
          0.996923,
          0.071674,
          0.031706,
          5.829291
        ]
      ],
      "boundingbox": [
        [
          -0.146522,
          -2.138381,
          -1.842042
        ],
        [
          10.746116,
          2.608037,
          1.616436
        ]
      ]
    },
    {
      "name": "Bone21",
      "parent": "Bone20",
      "initpos": [
        10.702211,
        -1.328513,
        -0.152025
      ],
      "initquaternion": [
        0.021482,
        0.03281,
        0.547366,
        0.835973
      ],
      "initscale": [
        0.999999,
        0.999999,
        0.999999
      ],
      "offmtx": [
        [
          -2.1606702205190231e-7,
          0.005128,
          -0.999987,
          -9.953335
        ],
        [
          -1.2555358352983603e-7,
          0.999986,
          0.005128,
          -1.457243
        ],
        [
          1,
          1.2665987014770508e-7,
          -2.1542008710184746e-7,
          5.79189
        ]
      ],
      "boundingbox": [
        [
          0.049572,
          -1.550608,
          -2.406693
        ],
        [
          5.959708,
          1.427134,
          2.505891
        ]
      ]
    },
    {
      "name": "Bone22",
      "parent": "Bone04",
      "initpos": [
        8.266395,
        1.192376,
        4.510573
      ],
      "initquaternion": [
        0.306383,
        -0.275483,
        0.904187,
        -0.112619
      ],
      "initscale": [
        0.999999,
        0.999999,
        0.999999
      ],
      "offmtx": [
        [
          0.492007,
          -0.582641,
          0.646882,
          18.77082
        ],
        [
          -0.567185,
          -0.778229,
          -0.269553,
          15.978172
        ],
        [
          0.660475,
          -0.23428,
          -0.71336,
          -7.090897
        ]
      ],
      "boundingbox": [
        [
          -0.057311,
          -2.665903,
          -2.53125
        ],
        [
          6.295635,
          2.654956,
          1.799252
        ]
      ]
    },
    {
      "name": "Bone23",
      "parent": "Bone22",
      "initpos": [
        6.161857,
        -0.414798,
        -0.924901
      ],
      "initquaternion": [
        0.382533,
        0.137203,
        0.415193,
        0.813915
      ],
      "initscale": [
        0.999999,
        0.999999,
        0.999999
      ],
      "offmtx": [
        [
          -0.076629,
          -0.989598,
          0.121749,
          20.005109
        ],
        [
          -0.000474,
          -0.122072,
          -0.992521,
          -5.794261
        ],
        [
          0.997059,
          -0.076113,
          0.008884,
          -5.653054
        ]
      ],
      "boundingbox": [
        [
          -0.193665,
          -3.6123,
          -1.785604
        ],
        [
          9.881289,
          3.43208,
          1.816345
        ]
      ]
    },
    {
      "name": "Bone24",
      "parent": "Bone23",
      "initpos": [
        6.976265,
        -0.451143,
        -0.038934
      ],
      "initquaternion": [
        -0.020646,
        0.00079,
        0.265401,
        0.963916
      ],
      "initscale": [
        0.999999,
        0.999999,
        1
      ],
      "offmtx": [
        [
          -0.078523,
          -0.911691,
          -0.403302,
          8.529847
        ],
        [
          -0.000464,
          0.404584,
          -0.914499,
          -11.031368
        ],
        [
          0.996911,
          -0.071622,
          -0.032192,
          -5.947151
        ]
      ],
      "boundingbox": [
        [
          -0.137979,
          -3.130603,
          -4.949358
        ],
        [
          10.754246,
          4.980465,
          4.84451
        ]
      ]
    },
    {
      "name": "Bone25",
      "parent": "Bone24",
      "initpos": [
        10.70221,
        -1.328515,
        0.152025
      ],
      "initquaternion": [
        -0.021482,
        -0.03281,
        0.547366,
        0.835973
      ],
      "initscale": [
        1,
        0.999999,
        0.999999
      ],
      "offmtx": [
        [
          -0.000484,
          0.005164,
          -0.999986,
          -9.950523
        ],
        [
          -0.000048,
          0.999986,
          0.005164,
          -1.456601
        ],
        [
          0.999999,
          0.000051,
          -0.000484,
          -5.910153
        ]
      ],
      "boundingbox": [
        [
          0.048418,
          -1.550834,
          -2.61198
        ],
        [
          5.960081,
          1.427255,
          2.303357
        ]
      ]
    },
    {
      "name": "Bone26",
      "parent": "Bone03",
      "initpos": [
        9.466701,
        3.752901,
        -3.844219
      ],
      "initquaternion": [
        0.645509,
        0.523819,
        -0.288413,
        0.475129
      ],
      "initscale": [
        0.999998,
        0.999998,
        0.999998
      ],
      "offmtx": [
        [
          -0.870111,
          0.397168,
          -0.291826,
          -12.762855
        ],
        [
          0.311248,
          -0.016288,
          -0.950188,
          -0.658173
        ],
        [
          -0.382138,
          -0.917601,
          -0.109445,
          18.464593
        ]
      ],
      "boundingbox": [
        [
          0.108721,
          -1.449598,
          -0.641286
        ],
        [
          6.108896,
          1.466052,
          1.355478
        ]
      ]
    },
    {
      "name": "Bone27",
      "parent": "Bone26",
      "initpos": [
        5.692998,
        -0.000002,
        0.000011
      ],
      "initquaternion": [
        -0.59543,
        0.251383,
        -0.280065,
        0.70981
      ],
      "initscale": [
        0.999999,
        0.999999,
        0.999999
      ],
      "offmtx": [
        [
          -0.831644,
          0.317444,
          0.455626,
          -13.200451
        ],
        [
          0.333081,
          0.941669,
          -0.048114,
          -20.108869
        ],
        [
          -0.444323,
          0.111746,
          -0.88887,
          -10.167283
        ]
      ],
      "boundingbox": [
        [
          -0.210409,
          -1.209994,
          -9.078426
        ],
        [
          8.891384,
          1.076603,
          1.512999
        ]
      ]
    },
    {
      "name": "Bone28",
      "parent": "Bone27",
      "initpos": [
        6.67851,
        0.000001,
        -0.000001
      ],
      "initquaternion": [
        0.862967,
        -0.218866,
        0.455391,
        0.001978
      ],
      "initscale": [
        1,
        1,
        1
      ],
      "offmtx": [
        [
          -0.881867,
          -0.110722,
          -0.458312,
          -10.169595
        ],
        [
          0.101537,
          -0.993825,
          0.044721,
          27.719272
        ],
        [
          -0.460434,
          -0.007097,
          0.887665,
          -5.579793
        ]
      ],
      "boundingbox": [
        [
          -3.453666,
          -0.942484,
          -1.357362
        ],
        [
          6.913955,
          1.021932,
          14.157321
        ]
      ]
    },
    {
      "name": "Bone29",
      "parent": "Bone28",
      "initpos": [
        6.574706,
        0.002344,
        -1.053364
      ],
      "initquaternion": [
        -0.633306,
        -0.357447,
        -0.328773,
        0.602546
      ],
      "initscale": [
        1,
        1,
        0.999998
      ],
      "offmtx": [
        [
          -0.850204,
          -0.120699,
          0.512429,
          -11.113163
        ],
        [
          -0.507342,
          -0.072025,
          -0.858729,
          -12.332694
        ],
        [
          0.140556,
          -0.990072,
          2.1391896609657124e-7,
          28.168987
        ]
      ],
      "boundingbox": [
        [
          -0.478682,
          -5.22681,
          -0.755518
        ],
        [
          26.080879,
          1.11845,
          1.013448
        ]
      ]
    },
    {
      "name": "Bone30",
      "parent": "Bone03",
      "initpos": [
        9.466699,
        3.752901,
        3.957571
      ],
      "initquaternion": [
        0.645509,
        0.523819,
        0.288413,
        -0.475129
      ],
      "initscale": [
        0.999999,
        0.999998,
        0.999998
      ],
      "offmtx": [
        [
          0.870111,
          0.397168,
          -0.291826,
          -12.861483
        ],
        [
          -0.311248,
          -0.016288,
          -0.950189,
          -0.622903
        ],
        [
          -0.382138,
          0.917601,
          0.109445,
          -18.421285
        ]
      ],
      "boundingbox": [
        [
          -0.165877,
          -1.351344,
          -1.234862
        ],
        [
          5.834278,
          1.564289,
          0.761892
        ]
      ]
    },
    {
      "name": "Bone31",
      "parent": "Bone30",
      "initpos": [
        5.693002,
        0.000001,
        0.000003
      ],
      "initquaternion": [
        0.46789,
        -0.200827,
        -0.318274,
        0.799654
      ],
      "initscale": [
        0.999999,
        0.999999,
        0.999999
      ],
      "offmtx": [
        [
          0.831645,
          0.317444,
          0.455625,
          -13.294745
        ],
        [
          -0.167335,
          0.925615,
          -0.339461,
          -22.321197
        ],
        [
          -0.529494,
          0.206069,
          0.822903,
          3.002383
        ]
      ],
      "boundingbox": [
        [
          -0.472889,
          -3.248615,
          -1.391765
        ],
        [
          8.628901,
          1.558573,
          8.790994
        ]
      ]
    },
    {
      "name": "Bone32",
      "parent": "Bone31",
      "initpos": [
        6.678518,
        -0.000007,
        0.000003
      ],
      "initquaternion": [
        0.834292,
        -0.158479,
        -0.493157,
        -0.188773
      ],
      "initscale": [
        0.999999,
        1,
        1
      ],
      "offmtx": [
        [
          0.865833,
          -0.107234,
          -0.488703,
          -10.158467
        ],
        [
          -0.14374,
          -0.988898,
          -0.037673,
          28.133207
        ],
        [
          -0.479238,
          0.102865,
          -0.871635,
          3.392547
        ]
      ],
      "boundingbox": [
        [
          -3.94678,
          -1.95927,
          -14.020852
        ],
        [
          6.165427,
          1.187962,
          1.341272
        ]
      ]
    },
    {
      "name": "Bone33",
      "parent": "Bone32",
      "initpos": [
        6.612483,
        0.126203,
        0.536218
      ],
      "initquaternion": [
        -0.625182,
        0.361353,
        0.346529,
        0.598738
      ],
      "initscale": [
        1,
        0.999998,
        0.999999
      ],
      "offmtx": [
        [
          0.852095,
          -0.106104,
          0.512517,
          -11.869367
        ],
        [
          -0.508589,
          0.063331,
          0.858676,
          12.501193
        ],
        [
          -0.123568,
          -0.992336,
          2.5115846824519394e-7,
          27.868516
        ]
      ],
      "boundingbox": [
        [
          -0.993198,
          -1.098693,
          -0.577552
        ],
        [
          25.561803,
          5.250189,
          1.01617
        ]
      ]
    },
    {
      "name": "Bind",
      "parent": "Bone03",
      "initpos": [
        3.066667,
        5.377193,
        -7.402841220027767e-7
      ],
      "initquaternion": [
        0.496994,
        0.502988,
        -0.502987,
        -0.496994
      ],
      "initscale": [
        0.999998,
        1,
        0.999998
      ],
      "offmtx": [
        [
          -1.788139485370266e-7,
          0.999985,
          -0.005437,
          -23.714653
        ],
        [
          -1,
          -1.2666012594308995e-7,
          0.000009,
          -0.000034
        ],
        [
          0.000009,
          0.005437,
          0.999985,
          -4.170691
        ]
      ],
      "boundingbox": [
        [
          -0.259396,
          -4.844428,
          2.914531
        ],
        [
          -0.259396,
          -4.844428,
          2.914531
        ]
      ]
    },
    {
      "name": "Bone34",
      "parent": "Bone02",
      "initpos": [
        2.970498,
        0.443014,
        -4.035182
      ],
      "initquaternion": [
        -2.8897781589876104e-7,
        1.4092397293552494e-7,
        -0.677582,
        0.735447
      ],
      "initscale": [
        0.999999,
        0.999999,
        1
      ],
      "offmtx": [
        [
          0,
          -0.996296,
          -0.085986,
          19.986705
        ],
        [
          -6.026847358953091e-7,
          0.085986,
          -0.996296,
          12.626456
        ],
        [
          0.999999,
          0,
          -6.081402830204752e-7,
          4.035188
        ]
      ],
      "boundingbox": [
        [
          -0.479152,
          -5.458627,
          -2.966728
        ],
        [
          10.336595,
          3.482888,
          2.026997
        ]
      ]
    },
    {
      "name": "Bone35",
      "parent": "Bone34",
      "initpos": [
        7.999683,
        -3.699619,
        -0.000003
      ],
      "initquaternion": [
        2.0334591965820437e-7,
        0,
        0.139719,
        0.990191
      ],
      "initscale": [
        0.999999,
        0.999999,
        1
      ],
      "offmtx": [
        [
          -1.1169939284627617e-7,
          -0.933605,
          -0.358303,
          16.036411
        ],
        [
          -1.9110204618755233e-7,
          0.358302,
          -0.933605,
          12.371869
        ],
        [
          0.999999,
          0,
          -2.1843605679805478e-7,
          4.035185
        ]
      ],
      "boundingbox": [
        [
          -0.304687,
          -2.295836,
          -2.097065
        ],
        [
          8.60494,
          2.065674,
          1.689944
        ]
      ]
    },
    {
      "name": "Bone36",
      "parent": "Bone35",
      "initpos": [
        8.884127,
        -2.1748,
        -4.76837158203125e-7
      ],
      "initquaternion": [
        0,
        0,
        0.571672,
        0.820482
      ],
      "initscale": [
        0.999999,
        0.999999,
        1
      ],
      "offmtx": [
        [
          -2.2611236261127488e-7,
          0.012737,
          -0.999918,
          16.123559
        ],
        [
          0,
          0.999918,
          0.012737,
          -1.670808
        ],
        [
          0.999999,
          0,
          -2.2570347368855437e-7,
          4.035186
        ]
      ],
      "boundingbox": [
        [
          -0.115013,
          -1.538768,
          -2.132765
        ],
        [
          6.787072,
          1.496147,
          1.797307
        ]
      ]
    },
    {
      "name": "Bone37",
      "parent": "Bone02",
      "initpos": [
        2.970499,
        0.443014,
        4.076942
      ],
      "initquaternion": [
        0.735447,
        -0.677582,
        2.1889017887133377e-7,
        0
      ],
      "initscale": [
        0.999999,
        0.999999,
        0.999999
      ],
      "offmtx": [
        [
          0,
          -0.996296,
          -0.085986,
          19.986705
        ],
        [
          0,
          -0.085986,
          0.996296,
          -12.626458
        ],
        [
          -0.999999,
          0,
          0,
          4.076944
        ]
      ],
      "boundingbox": [
        [
          -0.479158,
          -3.482892,
          -2.827793
        ],
        [
          10.336588,
          5.458623,
          2.165934
        ]
      ]
    },
    {
      "name": "Bone38",
      "parent": "Bone37",
      "initpos": [
        7.999688,
        3.699621,
        -0.071603
      ],
      "initquaternion": [
        0.990191,
        -0.139719,
        0,
        4.3413760408839153e-7
      ],
      "initscale": [
        1,
        1,
        1
      ],
      "offmtx": [
        [
          0,
          -0.933605,
          -0.358302,
          16.036409
        ],
        [
          -5.969944254502479e-7,
          0.358302,
          -0.933605,
          12.371871
        ],
        [
          0.999999,
          1.352686638256273e-7,
          -5.875365332030924e-7,
          -4.148538
        ]
      ],
      "boundingbox": [
        [
          -0.304678,
          -2.295825,
          -1.900476
        ],
        [
          8.604948,
          2.065686,
          1.886532
        ]
      ]
    },
    {
      "name": "Bone39",
      "parent": "Bone38",
      "initpos": [
        8.884123,
        -2.174802,
        0
      ],
      "initquaternion": [
        0,
        0,
        0.571672,
        0.820482
      ],
      "initscale": [
        0.999999,
        0.999999,
        1
      ],
      "offmtx": [
        [
          -6.886367032166163e-7,
          0.012737,
          -0.999918,
          16.123558
        ],
        [
          -4.21207857925765e-7,
          0.999918,
          0.012737,
          -1.670807
        ],
        [
          0.999999,
          4.299452598388598e-7,
          -6.83215546359861e-7,
          -4.148538
        ]
      ],
      "boundingbox": [
        [
          -0.115005,
          -1.538766,
          -1.924343
        ],
        [
          6.787076,
          1.496158,
          2.005726
        ]
      ]
    },
    {
      "name": "Bone40",
      "parent": "Bone02",
      "initpos": [
        -0.190265,
        3.139287,
        0
      ],
      "initquaternion": [
        0,
        0,
        0.999993,
        -0.003562
      ],
      "initscale": [
        0.999999,
        0.999999,
        1
      ],
      "offmtx": [
        [
          2.507586884803459e-7,
          -0.011362,
          0.999935,
          -17.224912
        ],
        [
          -1.5187058011179033e-7,
          -0.999935,
          -0.011362,
          21.706951
        ],
        [
          0.999999,
          -1.490115550950577e-7,
          -2.524679985071998e-7,
          0.000008
        ]
      ],
      "boundingbox": [
        [
          -0.107217,
          -1.043163,
          -1.056285
        ],
        [
          5.318595,
          0.983142,
          0.908748
        ]
      ]
    },
    {
      "name": "Bone41",
      "parent": "Bone40",
      "initpos": [
        5.307699,
        -0.000017,
        4.6401510189753026e-7
      ],
      "initquaternion": [
        0,
        0,
        -0.002822,
        0.999996
      ],
      "initscale": [
        1,
        1,
        1
      ],
      "offmtx": [
        [
          2.515959067750373e-7,
          -0.005717,
          0.999983,
          -22.654792
        ],
        [
          -1.5045243628719618e-7,
          -0.999983,
          -0.005717,
          21.57942
        ],
        [
          0.999999,
          -1.4901152667334827e-7,
          -2.5245185497624334e-7,
          0.000007
        ]
      ],
      "boundingbox": [
        [
          -0.005546,
          -1.074095,
          -1.056283
        ],
        [
          5.409435,
          0.9218,
          0.90876
        ]
      ]
    },
    {
      "name": "Bone42",
      "parent": "Bone41",
      "initpos": [
        5.27777,
        -0.000135,
        -8.008419172256254e-7
      ],
      "initquaternion": [
        0,
        0,
        -0.000347,
        0.999999
      ],
      "initscale": [
        1,
        1,
        1
      ],
      "offmtx": [
        [
          2.5169833861582447e-7,
          -0.005023,
          0.999987,
          -27.947542
        ],
        [
          -1.502776569850539e-7,
          -0.999987,
          -0.005022,
          21.560152
        ],
        [
          0.999999,
          -1.490115550950577e-7,
          -2.5244997914342093e-7,
          0.000008
        ]
      ],
      "boundingbox": [
        [
          0.121177,
          -1.589794,
          -1.547534
        ],
        [
          6.026062,
          1.37252,
          1.400022
        ]
      ]
    },
    {
      "name": "Bone43",
      "parent": "Bone42",
      "initpos": [
        6.029989,
        -0.000185,
        -1.921107610769468e-7
      ],
      "initquaternion": [
        0,
        0,
        -0.002668,
        0.999996
      ],
      "initscale": [
        1,
        1,
        1
      ],
      "offmtx": [
        [
          2.524814419757604e-7,
          0.000313,
          1,
          -34.092105
        ],
        [
          -1.489325569536959e-7,
          -1,
          0.000313,
          21.378728
        ],
        [
          0.999999,
          -1.490115550950577e-7,
          -2.524346314203285e-7,
          0.000008
        ]
      ],
      "boundingbox": [
        [
          0.360267,
          -1.100104,
          -1.056272
        ],
        [
          4.820812,
          0.866324,
          0.908763
        ]
      ]
    },
    {
      "name": "Bone44",
      "parent": "Bone43",
      "initpos": [
        5.149421,
        0,
        -1.643875435775044e-7
      ],
      "initquaternion": [
        0,
        0,
        -0.002407,
        0.999997
      ],
      "initscale": [
        0.999999,
        0.999999,
        1
      ],
      "offmtx": [
        [
          2.5318175289612554e-7,
          0.005127,
          0.999986,
          -39.343997
        ],
        [
          -1.477151698736634e-7,
          -0.999986,
          0.005127,
          21.189537
        ],
        [
          0.999999,
          -1.490115550950577e-7,
          -2.524208753129642e-7,
          0.000009
        ]
      ],
      "boundingbox": [
        [
          0.646633,
          -6.449823,
          -6.430874
        ],
