{"skeleton":[{"name":"root","parent":"root","initpos":[0.0,0.0,-0.0],"initquaternion":[0.707106,0.0,0.0,0.707106],"initscale":[1.0,0.999999,0.999999],"offmtx":[[1.0,0.0,0.0,0.0],[0.0,1.0,0.0,0.0],[0.0,0.0,1.0,0.0]],"boundingbox":[[0.0,0.0,0.0],[0.0,0.0,0.0]]},{"name":"bone_01","parent":"root","initpos":[1.9371509552001953e-07,5.5e-05,-11.89532],"initquaternion":[0.5,-0.499999,-0.5,-0.499999],"initscale":[1.0,1.0,1.0],"offmtx":[[1.0,0.0,0.0,0.0],[0.0,1.0,0.0,0.0],[0.0,0.0,1.0,0.0]],"boundingbox":[[0.0,0.0,0.0],[0.0,0.0,0.0]]},{"name":"bone_49","parent":"bone_01","initpos":[-2.128324,-0.078179,-5.5e-05],"initquaternion":[0.0,0.0,0.0,1.0],"initscale":[1.0,1.0,1.0],"offmtx":[[1.7639467841945589e-07,0.999999,0.0,-9.766996],[-1.0,1.7639466420860117e-07,2e-06,0.078179],[2e-06,-0.0,0.999999,1e-06]],"boundingbox":[[0.849656,-4.587888,-2.306503],[12.413989,4.738029,2.433128]]},{"name":"bone_50","parent":"bone_49","initpos":[2.498112,4.250321,-0.025487],"initquaternion":[-0.081701,-0.70237,0.703073,0.075427],"initscale":[1.0,0.999999,0.999999],"offmtx":[[-0.22083,-0.975271,-0.008927,11.040246],[0.001971,0.008707,-0.99996,-0.124048],[0.97531,-0.220839,0.0,6.777751]],"boundingbox":[[-0.003472,-2.159857,-0.019641],[2.696959,2.126093,0.121504]]},{"name":"bone_54","parent":"bone_49","initpos":[2.369809,-4.060814,-0.103071],"initquaternion":[-0.102443,0.699526,0.700017,-0.100712],"initscale":[0.999999,0.999999,0.999999],"offmtx":[[0.284325,-0.958724,-0.002523,10.458768],[0.00104,-0.002323,0.999996,0.12697],[-0.958727,-0.284327,0.000337,7.419029]],"boundingbox":[[-0.113899,-2.048994,-0.068089],[8.46156,2.236247,0.638747]]},{"name":"bone_13","parent":"bone_49","initpos":[4.174345,-0.004847,2.260363],"initquaternion":[2.9457268624355493e-07,0.996489,-2e-06,-0.083719],"initscale":[1.0,1.0,1.0],"offmtx":[[-7.091199449860142e-07,-0.985982,0.16685,13.368772],[-1.0,0.0,-3e-06,0.083041],[3e-06,-0.16685,-0.985982,4.554798]],"boundingbox":[[-0.073741,-3.994368,-0.080029],[4.331166,4.160435,0.201806]]},{"name":"bone_12","parent":"bone_13","initpos":[4.238315,-0.0,9.5367431640625e-07],"initquaternion":[-0.002868,-4.2e-05,0.002251,0.999993],"initscale":[1.0,0.999999,0.999999],"offmtx":[[-0.004504,-0.985983,0.166778,9.131061],[-0.999973,0.005397,0.004901,0.015788],[-0.005733,-0.166752,-0.985982,4.554313]],"boundingbox":[[0.068758,-4.015087,-0.101802],[4.936046,4.159376,0.230326]]}],"boundingbox":[[-4.753113,3.855904,-2.306513],[6.524022,22.180984,3.880575]]}