{
  "skeleton": [
    {
      "name": "root",
      "parent": "root",
      "initpos": [
        0,
        0,
        0
      ],
      "initquaternion": [
        0.707106,
        0,
        0,
        0.707106
      ],
      "initscale": [
        1,
        0.999999,
        0.999999
      ],
      "offmtx": [
        [
          1,
          0,
          0,
          0
        ],
        [
          0,
          1,
          0,
          0
        ],
        [
          0,
          0,
          1,
          0
        ]
      ],
      "boundingbox": [
        [
          0,
          0,
          0
        ],
        [
          0,
          0,
          0
        ]
      ]
    },
    {
      "name": "bone_01",
      "parent": "root",
      "initpos": [
        2.086162567138672e-7,
        0.000055,
        -11.89532
      ],
      "initquaternion": [
        -0.5,
        0.499999,
        0.5,
        0.5
      ],
      "initscale": [
        1,
        1,
        1
      ],
      "offmtx": [
        [
          6.159080498946423e-7,
          0.999999,
          0,
          -11.89532
        ],
        [
          -1,
          6.159079930512235e-7,
          -5.205510547057202e-7,
          -0.000007
        ],
        [
          -5.205510547057202e-7,
          0,
          0.999999,
          -0.000053
        ]
      ],
      "boundingbox": [
        [
          9.732136,
          -4.887058,
          -3.720239
        ],
        [
          13.185455,
          4.818555,
          -0.840305
        ]
      ]
    },
    {
      "name": "bone_31",
      "parent": "bone_01",
      "initpos": [
        11.535488,
        -3.964298,
        1.314207
      ],
      "initquaternion": [
        0.678131,
        -0.177234,
        -0.180355,
        0.69007
      ],
      "initscale": [
        0.999999,
        0.999999,
        0.999999
      ],
      "offmtx": [
        [
          0.489293,
          0.872119,
          7.920896791802079e-7,
          -22.374166
        ],
        [
          -0.01522,
          0.008538,
          0.999847,
          -1.453796
        ],
        [
          0.871986,
          -0.489218,
          0.017452,
          7.983033
        ]
      ],
      "boundingbox": [
        [
          -0.559208,
          -3.972207,
          -0.556411
        ],
        [
          4.533052,
          2.592108,
          0.307345
        ]
      ]
    },
    {
      "name": "bone_46",
      "parent": "bone_01",
      "initpos": [
        11.211242,
        0.061137,
        3.495555
      ],
      "initquaternion": [
        0.956243,
        -0.008152,
        0.292031,
        -0.015813
      ],
      "initscale": [
        0.999999,
        0.999999,
        0.999999
      ],
      "offmtx": [
        [
          0.024827,
          0.829302,
          0.558248,
          -21.112234
        ],
        [
          0.999366,
          -0.006355,
          -0.035004,
          0.330315
        ],
        [
          -0.025481,
          0.558763,
          -0.828935,
          -10.015028
        ]
      ],
      "boundingbox": [
        [
          -0.178034,
          -5.411678,
          -0.18124
        ],
        [
          4.671916,
          5.412571,
          0.307199
        ]
      ]
    },
    {
      "name": "bone_38",
      "parent": "bone_01",
      "initpos": [
        11.493698,
        3.930999,
        1.142156
      ],
      "initquaternion": [
        0.680411,
        0.168267,
        0.17123,
        0.692391
      ],
      "initscale": [
        0.999999,
        0.999999,
        0.999999
      ],
      "offmtx": [
        [
          -0.4661,
          0.884731,
          3.026797230631928e-7,
          -22.525249
        ],
        [
          -0.01544,
          -0.008135,
          0.999847,
          -1.012468
        ],
        [
          0.884597,
          0.466029,
          0.017452,
          -7.442549
        ]
      ],
      "boundingbox": [
        [
          -0.525524,
          -3.802023,
          -0.421686
        ],
        [
          4.546757,
          2.75555,
          0.700776
        ]
      ]
    }
  ],
  "boundingbox": [
    [
      -6.367159,
      21.627458,
      -3.720187
    ],
    [
      6.43596,
      27.288988,
      6.114884
    ]
  ]
}
