{"skeleton":[{"name":"root","parent":"root","initpos":[0.0,0.0,-0.0],"initquaternion":[0.707106,0.0,0.0,0.707106],"initscale":[1.0,0.999999,0.999999],"offmtx":[[1.0,0.0,0.0,0.0],[0.0,1.0,0.0,0.0],[0.0,0.0,1.0,0.0]],"boundingbox":[[0.0,0.0,0.0],[0.0,0.0,0.0]]},{"name":"guajian_Bone004","parent":"root","initpos":[0.0,-0.0,-16.346754],"initquaternion":[0.5,-0.499999,-0.5,-0.499999],"initscale":[1.0,1.0,1.0],"offmtx":[[1.0,0.0,0.0,0.0],[0.0,1.0,0.0,0.0],[0.0,0.0,1.0,0.0]],"boundingbox":[[0.0,0.0,0.0],[0.0,0.0,0.0]]},{"name":"guajian_Bone012","parent":"guajian_Bone004","initpos":[2.180635,0.578625,-1.123796],"initquaternion":[0.308689,0.112456,0.19413,0.924325],"initscale":[0.999999,0.999999,0.999999],"offmtx":[[-0.428307,0.899333,-0.08804,-17.009078],[-0.734049,-0.289451,0.61432,5.628416],[0.526996,0.327744,0.784129,-4.886106]],"boundingbox":[[-0.610542,-0.317831,-0.216791],[0.647076,0.343068,0.205592]]},{"name":"guajian_Bone010","parent":"guajian_Bone004","initpos":[2.911367,-0.012543,-0.972438],"initquaternion":[-0.003554,0.003476,-0.001501,0.999986],"initscale":[0.999999,0.999999,0.999999],"offmtx":[[0.003026,0.999971,-0.006941,-19.264358],[-0.99997,0.002977,-0.007119,-0.051721],[-0.007098,0.006962,0.99995,0.838392]],"boundingbox":[[-0.602244,-0.413207,-0.215449],[0.694675,0.419131,0.220296]]},{"name":"guajian_Bone009","parent":"guajian_Bone004","initpos":[2.245164,-0.638492,-1.386775],"initquaternion":[0.256143,0.092883,-0.084496,0.958448],"initscale":[0.999999,0.999999,0.999999],"offmtx":[[0.114387,0.968465,-0.221335,-18.385616],[-0.854502,0.209553,0.475303,-2.691277],[0.506696,0.134762,0.851526,-1.648143]],"boundingbox":[[-0.622929,-0.315012,-0.202736],[0.766278,0.326487,0.236886]]},{"name":"guajian_Bone011","parent":"guajian_Bone004","initpos":[1.669349,0.050916,-1.393613],"initquaternion":[0.270155,0.145275,-0.094835,0.947057],"initscale":[1.0,0.999999,0.999999],"offmtx":[[0.101135,0.939802,-0.326409,-17.381317],[-0.836045,0.258123,0.484149,-4.018228],[0.539259,0.223928,0.811822,-2.875487]],"boundingbox":[[-0.558151,-0.394821,-0.258864],[0.680798,0.380149,0.263828]]}],"boundingbox":[[-1.216318,17.337043,-2.009002],[1.111214,19.95013,-0.708163]]}