{"skeleton":[{"name":"root","parent":"root","initpos":[0.0,0.0,-0.0],"initquaternion":[0.707106,0.0,0.0,0.707106],"initscale":[1.0,0.999999,0.999999],"offmtx":[[1.0,0.0,0.0,0.0],[0.0,1.0,0.0,0.0],[0.0,0.0,1.0,0.0]],"boundingbox":[[0.0,0.0,0.0],[0.0,0.0,0.0]]},{"name":"guajian_Bone005","parent":"root","initpos":[0.0,1.980749,-16.413526],"initquaternion":[0.696854,0.119971,0.696855,0.119971],"initscale":[0.999999,0.999999,1.0],"offmtx":[[-2.644361529746675e-07,-0.942427,0.33441,14.806179],[-1.329483865220027e-07,-0.33441,-0.942427,7.355565],[1.0,-2.9367117804213194e-07,-0.0,4e-06]],"boundingbox":[[-0.242829,-0.124229,-3.909134],[4.698882,-0.021078,3.909136]]},{"name":"guajian_Bone006","parent":"guajian_Bone005","initpos":[4.328658,0.0,4.544090188574046e-07],"initquaternion":[2.3734587273338548e-07,-0.0,-0.094754,0.9955],"initscale":[0.999999,0.999999,1.0],"offmtx":[[-2.3460610520942282e-07,-0.862415,0.5062,8.9017],[2.963884924156446e-07,-0.5062,-0.862415,9.200135],[1.0,-0.0,3.7436782918121025e-07,0.0]],"boundingbox":[[0.425341,-0.062366,-5.067324],[3.614165,0.075675,5.067326]]},{"name":"guajian_Bone007","parent":"guajian_Bone006","initpos":[3.509541,-1e-06,-0.0],"initquaternion":[0.0,0.0,-0.183701,0.982982],"initscale":[1.0,1.0,1.0],"offmtx":[[-3.258127776462061e-07,-0.621394,0.783497,1.705596],[1.9165646847341122e-07,-0.783497,-0.621394,10.526577],[1.0,-0.0,3.743678007595008e-07,0.0]],"boundingbox":[[0.152074,-0.010324,-6.070055],[5.152806,0.15453,6.07006]]},{"name":"guajian_Bone008","parent":"guajian_Bone007","initpos":[4.870797,1e-06,-2.3276524530047027e-07],"initquaternion":[0.0,0.0,-0.084116,0.996455],"initscale":[0.999999,0.999999,1.0],"offmtx":[[-3.5333084724697983e-07,-0.481257,0.876578,-4.885056],[1.343258304586925e-07,-0.876578,-0.481257,9.847002],[1.0,-0.0,3.743677723377914e-07,3.0834618769404187e-07]],"boundingbox":[[0.348781,0.088816,-6.971457],[3.931674,0.220884,7.179342]]}],"boundingbox":[[-6.97146,4.207488,1.919427],[7.179338,16.682863,12.416088]]}