{
  "skeleton": [
    {
      "name": "root",
      "parent": "root",
      "initpos": [
        0,
        0,
        0
      ],
      "initquaternion": [
        0.707106,
        0,
        0,
        0.707106
      ],
      "initscale": [
        0.999999,
        0.999999,
        0.999999
      ],
      "offmtx": [
        [
          1,
          0,
          0,
          0
        ],
        [
          0,
          1,
          0,
          0
        ],
        [
          0,
          0,
          1,
          0
        ]
      ],
      "boundingbox": [
        [
          0,
          0,
          0
        ],
        [
          0,
          0,
          0
        ]
      ]
    },
    {
      "name": "bone01",
      "parent": "root",
      "initpos": [
        -1.090121486413409e-7,
        4.149347,
        -13.806276
      ],
      "initquaternion": [
        0.50505,
        -0.494898,
        0.50505,
        -0.494897
      ],
      "initscale": [
        1,
        1,
        1
      ],
      "offmtx": [
        [
          -1.7033610788530495e-7,
          -0.020303,
          -0.999793,
          4.4288
        ],
        [
          -2.8558906706166454e-7,
          0.999793,
          -0.020303,
          -13.719188
        ],
        [
          1,
          2.820718236762332e-7,
          -1.7609943370189285e-7,
          -0.000003
        ]
      ],
      "boundingbox": [
        [
          -2.212372,
          -6.176364,
          -5.330554
        ],
        [
          16.825109,
          4.108373,
          5.88039
        ]
      ]
    },
    {
      "name": "bone02",
      "parent": "bone01",
      "initpos": [
        13.176351,
        -0.624113,
        9.536747711536009e-7
      ],
      "initquaternion": [
        0,
        0,
        0.450527,
        0.892762
      ],
      "initscale": [
        1,
        1,
        1
      ],
      "offmtx": [
        [
          -3.3092396733991336e-7,
          0.7922,
          -0.61026,
          -15.730522
        ],
        [
          0,
          0.61026,
          0.7922,
          -0.74236
        ],
        [
          1,
          3.22433038490999e-7,
          -1.2370503554848256e-7,
          -0.000003
        ]
      ],
      "boundingbox": [
        [
          -0.030738,
          -4.285949,
          -4.887985
        ],
        [
          18.784675,
          9.813163,
          5.329357
        ]
      ]
    },
    {
      "name": "bone03",
      "parent": "bone02",
      "initpos": [
        13.129772,
        2.005377,
        0.000001
      ],
      "initquaternion": [
        0,
        0,
        -0.698699,
        0.715415
      ],
      "initscale": [
        0.999999,
        0.999999,
        1
      ],
      "offmtx": [
        [
          0,
          -0.591363,
          -0.806404,
          2.064781
        ],
        [
          -3.331662412620062e-7,
          0.806404,
          -0.591363,
          -28.917186
        ],
        [
          1,
          3.22433038490999e-7,
          -1.2370522028959385e-7,
          -0.000007
        ]
      ],
      "boundingbox": [
        [
          -0.02316,
          -2.949661,
          -2.791824
        ],
        [
          13.15916,
          5.299747,
          3.208171
        ]
      ]
    },
    {
      "name": "bone04",
      "parent": "bone01",
      "initpos": [
        -1.934535,
        2.16949,
        0
      ],
      "initquaternion": [
        -2.0632023733924143e-7,
        -1.4804773229570856e-7,
        0.963513,
        -0.267658
      ],
      "initscale": [
        1,
        1,
        1
      ],
      "offmtx": [
        [
          -1.8360458398092305e-7,
          -0.498283,
          0.867013,
          2.743553
        ],
        [
          0,
          -0.867013,
          -0.498283,
          16.894233
        ],
        [
          1,
          -1.0712203390994546e-7,
          1.5020222576822562e-7,
          0.000003
        ]
      ],
      "boundingbox": [
        [
          -0.080081,
          -1.923295,
          -1.940155
        ],
        [
          6.963497,
          2.297698,
          1.993186
        ]
      ]
    },
    {
      "name": "bone05",
      "parent": "bone04",
      "initpos": [
        6.677005,
        0,
        5.060957164459978e-7
      ],
      "initquaternion": [
        0,
        0,
        -0.078963,
        0.996877
      ],
      "initscale": [
        1,
        1,
        1
      ],
      "offmtx": [
        [
          0,
          -0.355573,
          0.934648,
          -6.54412
        ],
        [
          0,
          -0.934648,
          -0.355573,
          16.0643
        ],
        [
          1,
          0,
          0,
          0.000003
        ]
      ],
      "boundingbox": [
        [
          -1.177356,
          -3.339574,
          -3.122047
        ],
        [
          9.300029,
          2.837535,
          3.072486
        ]
      ]
    },
    {
      "name": "bone06",
      "parent": "bone05",
      "initpos": [
        6.549805,
        -0.000001,
        0
      ],
      "initquaternion": [
        0,
        0,
        -0.013778,
        0.999905
      ],
      "initscale": [
        0.999999,
        0.999999,
        1
      ],
      "offmtx": [
        [
          0,
          -0.329683,
          0.944091,
          -13.531612
        ],
        [
          0,
          -0.944091,
          -0.329683,
          15.697395
        ],
        [
          1,
          0,
          0,
          0.000003
        ]
      ],
      "boundingbox": [
        [
          -0.049846,
          -2.660205,
          -1.791198
        ],
        [
          6.523838,
          2.422588,
          1.788745
        ]
      ]
    },
    {
      "name": "bone07",
      "parent": "bone06",
      "initpos": [
        4.440331,
        0,
        0
      ],
      "initquaternion": [
        0,
        0,
        0.117756,
        0.993042
      ],
      "initscale": [
        0.999999,
        0.999999,
        1
      ],
      "offmtx": [
        [
          -1.101737296949068e-7,
          -0.541339,
          0.840803,
          -13.802299
        ],
        [
          0,
          -0.840803,
          -0.541339,
          19.465246
        ],
        [
          1,
          0,
          0,
          0.000003
        ]
      ],
      "boundingbox": [
        [
          -0.012607,
          -1.273021,
          -0.700458
        ],
        [
          5.78479,
          0.90604,
          0.746883
        ]
      ]
    },
    {
      "name": "bone08",
      "parent": "bone01",
      "initpos": [
        14.595323,
        4.088783,
        -4.506387
      ],
      "initquaternion": [
        -0.702737,
        -0.011836,
        0.711346,
        -0.00246
      ],
      "initscale": [
        1,
        0.999999,
        1
      ],
      "offmtx": [
        [
          -0.999837,
          0.013382,
          0.012038,
          -4.614448
        ],
        [
          -0.013381,
          -0.99991,
          0.000166,
          17.537754
        ],
        [
          0.012039,
          0.000005,
          0.999927,
          10.579381
        ]
      ],
      "boundingbox": [
        [
          0.035182,
          -0.922801,
          -0.425161
        ],
        [
          21.037015,
          1.265192,
          9.742671
        ]
      ]
    },
    {
      "name": "bone09",
      "parent": "bone08",
      "initpos": [
        6.204723,
        0.260345,
        8.174644
      ],
      "initquaternion": [
        -0.684621,
        -0.1769,
        -0.167722,
        0.686927
      ],
      "initscale": [
        0.999999,
        0.999999,
        0.999999
      ],
      "offmtx": [
        [
          -0.875475,
          0.000002,
          0.483262,
          -8.19289
        ],
        [
          -0.483262,
          -0.000005,
          -0.875475,
          -7.123455
        ],
        [
          3.2279641004606674e-7,
          -0.999999,
          0.000005,
          17.42066
        ]
      ],
      "boundingbox": [
        [
          -0.101057,
          -1.440858,
          0.02462
        ],
        [
          8.932649,
          1.303562,
          0.200973
        ]
      ]
    },
    {
      "name": "bone10",
      "parent": "bone08",
      "initpos": [
        10.141094,
        0.125225,
        7.757972
      ],
      "initquaternion": [
        -0.698099,
        -0.112501,
        -0.103148,
        0.699542
      ],
      "initscale": [
        0.999999,
        0.999999,
        0.999999
      ],
      "offmtx": [
        [
          -0.949794,
          0.000001,
          0.312873,
          -12.995443
        ],
        [
          -0.312873,
          -0.000004,
          -0.949794,
          -7.067119
        ],
        [
          0,
          -0.999999,
          0.000004,
          17.60844
        ]
      ],
      "boundingbox": [
        [
          -0.043569,
          -1.535356,
          0.045969
        ],
        [
          11.152236,
          1.553913,
          0.219699
        ]
      ]
    },
    {
      "name": "bone11",
      "parent": "bone08",
      "initpos": [
        16.792999,
        -0.011636,
        2.815428
      ],
      "initquaternion": [
        -0.707074,
        0.006798,
        0.01626,
        0.706919
      ],
      "initscale": [
        1,
        1,
        0.999999
      ],
      "offmtx": [
        [
          -0.999787,
          0,
          -0.020571,
          -21.412572
        ],
        [
          0.020571,
          -0.000005,
          -0.999788,
          -7.069516
        ],
        [
          0,
          -1,
          0.000005,
          17.834308
        ]
      ],
      "boundingbox": [
        [
          -0.107227,
          -2.684012,
          -0.151836
        ],
        [
          14.99245,
          2.541223,
          0.028785
        ]
      ]
    },
    {
      "name": "bone12",
      "parent": "bone08",
      "initpos": [
        12.708559,
        0.048887,
        6.188316
      ],
      "initquaternion": [
        -0.706052,
        -0.038608,
        -0.029156,
        0.706505
      ],
      "initscale": [
        0.999999,
        0.999999,
        0.999999
      ],
      "offmtx": [
        [
          -0.994182,
          4.544854164123535e-7,
          0.107703,
          -16.588596
        ],
        [
          -0.107703,
          -0.000005,
          -0.994182,
          -6.006614
        ],
        [
          0,
          -1,
          0.000005,
          17.719137
        ]
      ],
      "boundingbox": [
        [
          0.029224,
          -2.21018,
          -0.040042
        ],
        [
          15.051601,
          1.851892,
          0.140571
        ]
      ]
    },
    {
      "name": "bone13",
      "parent": "bone01",
      "initpos": [
        14.595321,
        4.088781,
        5.18489
      ],
      "initquaternion": [
        0.002461,
        -0.711346,
        0.011837,
        0.702737
      ],
      "initscale": [
        1,
        0.999999,
        1
      ],
      "offmtx": [
        [
          0.999837,
          0.013382,
          0.012038,
          -5.29285
        ],
        [
          -0.013381,
          0.99991,
          -0.000163,
          -17.528648
        ],
        [
          -0.012039,
          0.000002,
          0.999927,
          10.5876
        ]
      ],
      "boundingbox": [
        [
          -0.049873,
          -1.264049,
          -0.424133
        ],
        [
          20.951957,
          0.923934,
          9.743693
        ]
      ]
    },
    {
      "name": "bone14",
      "parent": "bone13",
      "initpos": [
        12.708559,
        -0.048891,
        6.188316
      ],
      "initquaternion": [
        0.706052,
        -0.038608,
        0.029156,
        0.706505
      ],
      "initscale": [
        0.999999,
        1,
        0.999999
      ],
      "offmtx": [
        [
          0.994183,
          1.7136335372924805e-7,
          0.107703,
          -17.263149
        ],
        [
          -0.107703,
          0.000002,
          0.994182,
          6.079744
        ],
        [
          0,
          -1,
          0.000002,
          17.7191
        ]
      ],
      "boundingbox": [
        [
          -0.055358,
          -1.842726,
          -0.040061
        ],
        [
          14.967025,
          2.219346,
          0.140544
        ]
      ]
    },
    {
      "name": "bone15",
      "parent": "bone13",
      "initpos": [
        6.204722,
        -0.260345,
        8.174645
      ],
      "initquaternion": [
        0.684621,
        -0.1769,
        0.167722,
        0.686927
      ],
      "initscale": [
        1,
        0.999999,
        0.999999
      ],
      "offmtx": [
        [
          0.875475,
          0.000001,
          0.483262,
          -8.786872
        ],
        [
          -0.483262,
          0.000002,
          0.875475,
          7.451395
        ],
        [
          -2.218744725723809e-7,
          -1,
          0.000002,
          17.420627
        ]
      ],
      "boundingbox": [
        [
          -0.175529,
          -1.262446,
          0.024589
        ],
        [
          8.85818,
          1.481973,
          0.200927
        ]
      ]
    },
    {
      "name": "bone16",
      "parent": "bone13",
      "initpos": [
        10.141094,
        -0.125226,
        7.757975
      ],
      "initquaternion": [
        0.698099,
        -0.112501,
        0.103148,
        0.699542
      ],
      "initscale": [
        0.999999,
        1,
        0.999999
      ],
      "offmtx": [
        [
          0.949794,
          6.332993507385254e-7,
          0.312873,
          -13.639846
        ],
        [
          -0.312873,
          0.000002,
          0.949794,
          7.279448
        ],
        [
          0,
          -1,
          0.000002,
          17.608413
        ]
      ],
      "boundingbox": [
        [
          -0.124359,
          -1.527295,
          0.045948
        ],
        [
          11.071441,
          1.561975,
          0.219665
        ]
      ]
    },
    {
      "name": "bone17",
      "parent": "bone13",
      "initpos": [
        16.792999,
        0.011631,
        2.815432
      ],
      "initquaternion": [
        0.707074,
        0.006798,
        -0.01626,
        0.706919
      ],
      "initscale": [
        1,
        1,
        0.999999
      ],
      "offmtx": [
        [
          0.999787,
          -1.1641532182693481e-7,
          -0.020571,
          -22.090919
        ],
        [
          0.020571,
          0.000002,
          0.999787,
          7.055604
        ],
        [
          0,
          -1,
          0.000002,
          17.83428
        ]
      ],
      "boundingbox": [
        [
          -0.192276,
          -2.542973,
          -0.151834
        ],
        [
          14.907409,
          2.682262,
          0.02877
        ]
      ]
    },
    {
      "name": "bone18",
      "parent": "bone01",
      "initpos": [
        0.215299,
        -0.115989,
        -4.482781
      ],
      "initquaternion": [
        1.644773846010139e-7,
        1.5676565112698881e-7,
        -0.829757,
        0.558124
      ],
      "initscale": [
        1,
        1,
        1
      ],
      "offmtx": [
        [
          -1.1920926112907182e-7,
          -0.91837,
          0.395721,
          11.011032
        ],
        [
          -2.881803027321439e-7,
          -0.395721,
          -0.91837,
          9.03093
        ],
        [
          0.999999,
          -2.2351733264258655e-7,
          -2.1748275003119488e-7,
          4.48278
        ]
      ],
      "boundingbox": [
        [
          -1.428638,
          -2.880938,
          -2.018203
        ],
        [
          7.784194,
          5.748832,
          2.212966
        ]
      ]
    },
    {
      "name": "bone19",
      "parent": "bone18",
      "initpos": [
        5.614214,
        9.5367431640625e-7,
        0
      ],
      "initquaternion": [
        0,
        0,
        0.204975,
        0.978767
      ],
      "initscale": [
        0.999999,
        0.999999,
        1
      ],
      "offmtx": [
        [
          -1.6001386882180668e-7,
          -0.999981,
          -0.006023,
          8.566951
        ],
        [
          0.00001,
          0.006023,
          -0.999981,
          6.106664
        ],
        [
          0.999999,
          -2.2351650841301307e-7,
          0.00001,
          4.482715
        ]
      ],
      "boundingbox": [
        [
          -1.361034,
          -1.686834,
          -1.328838
        ],
        [
          6.988658,
          2.109567,
          1.480911
        ]
      ]
    },
    {
      "name": "bone20",
      "parent": "bone19",
      "initpos": [
        6.958445,
        -0.000015,
        -4.76837158203125e-7
      ],
      "initquaternion": [
        0,
        0,
        0.71048,
        0.703716
      ],
      "initscale": [
        0.999999,
        0.999999,
        1
      ],
      "offmtx": [
        [
          0,
          0.015588,
          -0.999878,
          6.090967
        ],
        [
          2.245837009695606e-7,
          0.999878,
          0.015588,
          -1.666847
        ],
        [
          0.999999,
          -2.2430199919654115e-7,
          0,
          4.482784
        ]
      ],
      "boundingbox": [
        [
          -1.776781,
          -1.487415,
          -2.211475
        ],
        [
          2.652936,
          0.778854,
          2.184505
        ]
      ]
    },
    {
      "name": "bone21",
      "parent": "bone01",
      "initpos": [
        14.464531,
        0.173374,
        -4.512934
      ],
      "initquaternion": [
        -1.0891510271449079e-7,
        4.2162483282481844e-7,
        -0.685378,
        0.728187
      ],
      "initscale": [
        0.999999,
        0.999999,
        1
      ],
      "offmtx": [
        [
          -1.8998973416728404e-7,
          -0.99919,
          -0.040235,
          13.259796
        ],
        [
          -4.5911272650300816e-7,
          0.040235,
          -0.99919,
          -10.858031
        ],
        [
          0.999999,
          -1.7136332530753862e-7,
          -4.663852166686411e-7,
          4.512935
        ]
      ],
      "boundingbox": [
        [
          0.008708,
          -2.441679,
          -2.091495
        ],
        [
          6.953401,
          2.637237,
          1.799797
        ]
      ]
    },
    {
      "name": "bone22",
      "parent": "bone21",
      "initpos": [
        6.250886,
        -0.000088,
        0
      ],
      "initquaternion": [
        4.7682101467216853e-7,
        0,
        -0.008212,
        0.999966
      ],
      "initscale": [
        1,
        1,
        1
      ],
      "offmtx": [
        [
          -1.7479005975928885e-7,
          -0.999716,
          -0.023818,
          7.186298
        ],
        [
          8.118903451759252e-7,
          0.023818,
          -0.999716,
          -10.741352
        ],
        [
          0.999999,
          -1.9407883655730984e-7,
          8.07496633115079e-7,
          4.512947
        ]
      ],
      "boundingbox": [
        [
          -0.013721,
          -2.035682,
          -1.286045
        ],
        [
          5.672054,
          1.809272,
          1.498435
        ]
      ]
    },
    {
      "name": "bone23",
      "parent": "bone22",
      "initpos": [
        6.078383,
        -0.060875,
        -4.76837158203125e-7
      ],
      "initquaternion": [
        0,
        0,
        0.690817,
        0.723028
      ],
      "initscale": [
        0.999999,
        0.999999,
        1
      ],
      "offmtx": [
        [
          0,
          -0.021734,
          -0.999763,
          -10.618943
        ],
        [
          0,
          0.999763,
          -0.021734,
          -1.593173
        ],
        [
          0.999999,
          0,
          0,
          4.512939
        ]
      ],
      "boundingbox": [
        [
          -1.996181,
          -1.294715,
          -1.861648
        ],
        [
          2.046344,
          0.791751,
          2.138347
        ]
      ]
    },
    {
      "name": "bone24",
      "parent": "bone01",
      "initpos": [
        14.464529,
        0.173377,
        4.890265
      ],
      "initquaternion": [
        -1.0891510271449079e-7,
        4.2162483282481844e-7,
        -0.685378,
        0.728187
      ],
      "initscale": [
        0.999999,
        0.999999,
        1
      ],
      "offmtx": [
        [
          -1.8998973416728404e-7,
          -0.99919,
          -0.040235,
          13.259807
        ],
        [
          -4.5911272650300816e-7,
          0.040235,
          -0.99919,
          -10.858027
        ],
        [
          0.999999,
          -1.7136332530753862e-7,
          -4.663852166686411e-7,
          -4.890262
        ]
      ],
      "boundingbox": [
        [
          0.008716,
          -2.44168,
          -1.72882
        ],
        [
          6.953407,
          2.637235,
          2.162471
        ]
      ]
    },
    {
      "name": "bone25",
      "parent": "bone24",
      "initpos": [
        6.250886,
        -0.000088,
        0
      ],
      "initquaternion": [
        4.7682101467216853e-7,
        0,
        -0.008212,
        0.999966
      ],
      "initscale": [
        1,
        1,
        1
      ],
      "offmtx": [
        [
          -1.7479005975928885e-7,
          -0.999716,
          -0.023818,
          7.186305
        ],
        [
          8.118903451759252e-7,
          0.023818,
          -0.999716,
          -10.741359
        ],
        [
          0.999999,
          -1.9407883655730984e-7,
          8.07496633115079e-7,
          -4.890251
        ]
      ],
      "boundingbox": [
        [
          -0.013717,
          -2.035684,
          -1.427455
        ],
        [
          5.672061,
          1.809272,
          1.357028
        ]
      ]
    },
    {
      "name": "bone26",
      "parent": "bone25",
      "initpos": [
        6.078383,
        -0.060875,
        -4.76837158203125e-7
      ],
      "initquaternion": [
        0,
        0,
        0.690817,
        0.723028
      ],
      "initscale": [
        0.999999,
        0.999999,
        1
      ],
      "offmtx": [
        [
          0,
          -0.021734,
          -0.999763,
          -10.618943
        ],
        [
          0,
          0.999763,
          -0.021734,
          -1.593181
        ],
        [
          0.999999,
          0,
          0,
          -4.890258
        ]
      ],
      "boundingbox": [
        [
          -1.996179,
          -1.294723,
          -2.067367
        ],
        [
          2.046346,
          0.791744,
          1.932632
        ]
      ]
    },
    {
      "name": "bone27",
      "parent": "bone01",
      "initpos": [
        0.215299,
        -0.115999,
        4.921932
      ],
      "initquaternion": [
        1.644773846010139e-7,
        1.5676565112698881e-7,
        -0.829757,
        0.558124
      ],
      "initscale": [
        1,
        1,
        1
      ],
      "offmtx": [
        [
          -1.1920926112907182e-7,
          -0.91837,
          0.395721,
          11.011028
        ],
        [
          -2.881803027321439e-7,
          -0.395721,
          -0.91837,
          9.03093
        ],
        [
          0.999999,
          -2.2351733264258655e-7,
          -2.1748275003119488e-7,
          -4.921928
        ]
      ],
      "boundingbox": [
        [
          -1.428642,
          -2.880942,
          -2.203819
        ],
        [
          7.784187,
          5.748829,
          2.027351
        ]
      ]
    },
    {
      "name": "bone28",
      "parent": "bone27",
      "initpos": [
        5.614214,
        0,
        0
      ],
      "initquaternion": [
        0,
        0,
        0.204975,
        0.978767
      ],
      "initscale": [
        0.999999,
        0.999999,
        1
      ],
      "offmtx": [
        [
          -1.6001386882180668e-7,
          -0.999981,
          -0.006023,
          8.566944
        ],
        [
          0.00001,
          0.006023,
          -0.999981,
          6.106563
        ],
        [
          0.999999,
          -2.2351650841301307e-7,
          0.00001,
          -4.921997
        ]
      ],
      "boundingbox": [
        [
          -1.361042,
          -1.686838,
          -1.471767
        ],
        [
          6.988651,
          2.109561,
          1.337985
        ]
      ]
    },
    {
      "name": "bone29",
      "parent": "bone28",
      "initpos": [
        6.958444,
        -0.000015,
        -4.76837158203125e-7
      ],
      "initquaternion": [
        0,
        0,
        0.71048,
        0.703716
      ],
      "initscale": [
        0.999999,
        0.999999,
        1
      ],
      "offmtx": [
        [
          0,
          0.015588,
          -0.999878,
          6.090967
        ],
        [
          2.245837009695606e-7,
          0.999878,
          0.015588,
          -1.666839
        ],
        [
          0.999999,
          -2.2430199919654115e-7,
          0,
          -4.921928
        ]
      ],
      "boundingbox": [
        [
          -1.776779,
          -1.487403,
          -2.245277
        ],
        [
          2.652938,
          0.778861,
          2.150695
        ]
      ]
    },
    {
      "name": "bind",
      "parent": "bone01",
      "initpos": [
        6.391086,
        5.098329,
        0.000002
      ],
      "initquaternion": [
        0.492518,
        0.507371,
        -0.50737,
        -0.492518
      ],
      "initscale": [
        0.999999,
        0.999999,
        1
      ],
      "offmtx": [
        [
          1.964330920145585e-7,
          0.999955,
          0.0094,
          -18.750934
        ],
        [
          -1,
          1.9791939109836676e-7,
          -1.5717954227056907e-7,
          0
        ],
        [
          -1.5903302141850872e-7,
          -0.0094,
          0.999955,
          2.520309
        ]
      ],
      "boundingbox": [
        [
          -1.11639,
          -5.880306,
          8.640417
        ],
        [
          -1.11639,
          -5.880306,
          8.640417
        ]
      ]
    }
  ],
  "boundingbox": [
    [
      -36.20597,
      0.110021,
      -27.002487
    ],
    [
      36.799404,
      33.556373,
      27.688581
    ]
  ]
}
