{"skeleton":[{"name":"root","parent":"root","initpos":[0.0,0.0,-0.0],"initquaternion":[0.0,-0.0,0.003875,0.999992],"initscale":[1.0,0.999999,0.999999],"offmtx":[[1.0,0.0,0.0,0.0],[0.0,1.0,0.0,0.0],[0.0,0.0,1.0,0.0]],"boundingbox":[[0.0,0.0,0.0],[0.0,0.0,0.0]]},{"name":"bone_00","parent":"root","initpos":[0.215605,19.599874,0.935432],"initquaternion":[5e-06,-5e-06,-0.711986,0.702193],"initscale":[1.0,1.0,1.0],"offmtx":[[-0.006097,-0.999981,-0.0,19.600982],[0.999981,-0.006097,1.4e-05,0.055832],[-1.4e-05,0.0,0.999999,-0.935431]],"boundingbox":[[-0.257112,-1.768574,-1.932435],[6.438282,1.664095,1.918573]]},{"name":"bone_01","parent":"bone_00","initpos":[0.432268,0.002635,-1e-06],"initquaternion":[2.918731354384363e-07,7e-06,0.999881,-0.015391],"initscale":[0.999999,0.999999,1.0],"offmtx":[[-0.024685,0.999695,3.940422743653471e-07,-19.161268],[-0.999695,-0.024685,-4.722931805645203e-07,0.536832],[-4.624222356142127e-07,-4.0558091995990253e-07,0.999999,-0.935421]],"boundingbox":[[-0.183061,-2.65856,-3.703102],[3.487538,2.69618,1.594499]]},{"name":"bone_02","parent":"bone_01","initpos":[2.750862,0.34252,0.670364],"initquaternion":[0.024522,-0.062878,0.202244,0.977006],"initscale":[1.0,0.999999,0.999999],"offmtx":[[-0.414455,0.90033,0.132784,-20.08336],[-0.906881,-0.420786,0.022482,8.869071],[0.076115,-0.111101,0.99089,0.869487]],"boundingbox":[[-0.132163,-0.230329,-0.373733],[3.563789,0.413374,0.404221]]},{"name":"bone_03","parent":"bone_02","initpos":[3.570278,0.0,-0.0],"initquaternion":[-0.00173,-0.258436,0.105888,0.960205],"initscale":[1.0,1.0,0.999999],"offmtx":[[-0.497275,0.618832,0.608081,-17.720905],[-0.807048,-0.587175,-0.06243,13.408461],[0.318416,-0.521796,0.791415,12.045482]],"boundingbox":[[-0.077273,-0.39616,-0.589358],[6.207471,0.630052,0.686733]]},{"name":"bone_04","parent":"bone_01","initpos":[2.729804,-0.510222,0.670358],"initquaternion":[-0.032746,-0.08728,-0.193404,0.97668],"initscale":[1.0,1.0,0.999999],"offmtx":[[0.349496,0.91886,0.183156,-20.603548],[-0.93223,0.360602,-0.030205,-7.380356],[-0.093801,-0.160187,0.982619,1.97936]],"boundingbox":[[-0.1892,-0.260367,-0.352909],[3.486623,0.149975,0.233559]]},{"name":"bone_05","parent":"bone_04","initpos":[3.498281,0.0,4e-06],"initquaternion":[0.019669,-0.221298,-0.147628,0.963766],"initscale":[0.999999,0.999999,0.999999],"offmtx":[[0.533954,0.615658,0.579531,-17.693365],[-0.804149,0.581537,0.123118,-13.497158],[-0.26122,-0.531769,0.805596,12.002395]],"boundingbox":[[-0.128627,-0.490134,-0.585644],[6.162132,0.455538,0.722561]]},{"name":"bone_06","parent":"bone_00","initpos":[5.907985,1e-06,0.0],"initquaternion":[-7e-06,2.1572377306711132e-07,0.003048,0.999995],"initscale":[0.999999,0.999999,1.0],"offmtx":[[6.341346079352661e-07,-0.999999,0.0,13.693082],[1.0,6.341345510918472e-07,-1.9093111802703788e-07,-0.027654],[1.909311322378926e-07,0.0,0.999999,-0.935431]],"boundingbox":[[-0.013279,-2.086546,-2.006932],[5.986722,1.913457,1.993066]]},{"name":"bone_07","parent":"bone_06","initpos":[5.979731,0.0,1e-06],"initquaternion":[-0.0,-1.4078645449444593e-07,-0.011361,0.999935],"initscale":[0.999999,0.999999,1.0],"offmtx":[[-0.022721,-0.999741,-1.4490397859390214e-07,7.711987],[0.999741,-0.022721,-2.0067402317636152e-07,0.147614],[1.9732989642307075e-07,-1.4942609993795486e-07,0.999999,-0.935428]],"boundingbox":[[-0.024657,-1.639599,-1.255157],[2.042988,1.405067,1.744841]]},{"name":"bone_08","parent":"bone_07","initpos":[1.585422,0.0,-0.0],"initquaternion":[0.0,0.0,0.002433,0.999997],"initscale":[1.0,1.0,1.0],"offmtx":[[-0.017854,-0.99984,-1.4584777829895756e-07,6.12721],[0.99984,-0.017854,-1.999670189434255e-07,0.117789],[1.9733120382170455e-07,-1.4939483605758141e-07,0.999999,-0.935428]],"boundingbox":[[0.020576,-1.097206,-0.432327],[2.055965,0.938182,1.567672]]},{"name":"bone_09","parent":"bone_00","initpos":[-0.083354,-0.927039,-0.93542],"initquaternion":[-0.014074,-0.008499,-0.856015,0.516688],"initscale":[0.999999,1.0,1.0],"offmtx":[[-0.881492,0.471053,0.032866,-10.035605],[-0.471307,-0.881968,-3.045423397907143e-07,16.95927],[0.028986,-0.01549,0.999459,0.330019]],"boundingbox":[[0.192119,-0.133278,-0.375121],[19.241683,6.054595,0.591628]]},{"name":"bone_10","parent":"bone_00","initpos":[-0.094339,-0.792962,-0.93542],"initquaternion":[-0.021153,-0.018239,-0.757068,0.652737],"initscale":[1.0,0.999999,0.999999],"offmtx":[[-0.986649,0.15299,0.055827,-3.732895],[-0.153229,-0.98819,-3.8743010577491077e-07,19.355829],[0.055167,-0.008554,0.99844,0.20873]],"boundingbox":[[-0.011693,-0.224044,-0.30727],[16.585525,5.808521,0.915061]]},{"name":"bone_11","parent":"bone_00","initpos":[-0.087635,-0.778779,-0.93542],"initquaternion":[-0.023695,-0.029526,-0.625408,0.779378],"initscale":[0.999999,0.999999,1.0],"offmtx":[[-0.97476,-0.210044,0.07565,3.439961],[0.210648,-0.977562,-2.775341272354126e-07,19.401983],[0.073952,0.015935,0.997134,-0.260975]],"boundingbox":[[0.263658,-0.192216,-0.281632],[16.325042,6.07069,1.293688]]},{"name":"bone_12","parent":"bone_00","initpos":[5.631243,-0.615428,-0.935423],"initquaternion":[-0.017025,-0.046199,-0.345249,0.937218],"initscale":[0.999999,1.0,1.0],"offmtx":[[-0.650182,-0.753386,0.098344,10.146446],[0.757056,-0.653349,-1e-06,9.573317],[0.064254,0.074451,0.995152,-1.002692]],"boundingbox":[[-0.912528,-6.466499,-0.258487],[17.555156,1.058768,1.916138]]},{"name":"bone_13","parent":"bone_00","initpos":[0.613916,-1.477208,-1.352552],"initquaternion":[-5e-06,-5e-06,-0.710578,0.703617],"initscale":[0.999999,0.999999,1.0],"offmtx":[[-0.999873,0.015941,5.643305485136807e-07,-1.719875],[-0.015941,-0.999872,-3.6322987284620467e-07,18.971055],[5.584685709436599e-07,-3.721797838807106e-07,0.999999,0.41715]],"boundingbox":[[0.001983,-0.333859,-0.295237],[3.856976,0.368236,0.345641]]},{"name":"bone_14","parent":"bone_13","initpos":[3.487481,-0.000146,-2.980232238769531e-07],"initquaternion":[-0.0,2.3841488427933655e-07,0.005687,0.999983],"initscale":[0.999999,0.999999,1.0],"offmtx":[[-0.999989,0.004566,0.0,-4.991221],[-0.004566,-0.999989,-3.6962558169761905e-07,19.029207],[0.0,-3.7000222619099077e-07,0.999999,0.417148]],"boundingbox":[[0.021169,-0.20228,-0.22342],[3.506758,0.249079,0.212034]]},{"name":"bone_15","parent":"bone_00","initpos":[1.898828,-1.469372,-1.352552],"initquaternion":[-5e-06,-5e-06,-0.710578,0.703617],"initscale":[0.999999,0.999999,1.0],"offmtx":[[-0.999873,0.015941,5.643305485136807e-07,-1.699391],[-0.015941,-0.999872,-3.6322987284620467e-07,17.686285],[5.584685709436599e-07,-3.721797838807106e-07,0.999999,0.417149]],"boundingbox":[[-0.000709,-0.320812,-0.295238],[3.854284,0.381281,0.345641]]},{"name":"bone_16","parent":"bone_15","initpos":[3.487481,-0.000144,-2.980232238769531e-07],"initquaternion":[-0.0,2.3841488427933655e-07,0.005687,0.999983],"initscale":[0.999999,0.999999,1.0],"offmtx":[[-0.999989,0.004566,0.0,-4.985353],[-0.004566,-0.999989,-3.6962558169761905e-07,17.744285],[0.0,-3.7000222619099077e-07,0.999999,0.417147]],"boundingbox":[[0.018625,-0.189205,-0.22342],[3.504213,0.262152,0.212034]]},{"name":"bone_17","parent":"bone_00","initpos":[3.16637,-1.524244,-1.352546],"initquaternion":[-5e-06,-5e-06,-0.710578,0.703617],"initscale":[0.999999,0.999999,1.0],"offmtx":[[-0.999873,0.015941,5.643305485136807e-07,-1.741782],[-0.015941,-0.999872,-3.6322987284620467e-07,16.418262],[5.584685709436599e-07,-3.721797838807106e-07,0.999999,0.417144]],"boundingbox":[[0.019871,-0.334167,-0.295243],[3.874864,0.367929,0.345636]]},{"name":"bone_18","parent":"bone_17","initpos":[3.487481,-0.000146,-3.5762786865234375e-07],"initquaternion":[-0.0,2.3841488427933655e-07,0.005687,0.999983],"initscale":[0.999999,0.999999,1.0],"offmtx":[[-0.999989,0.004567,0.0,-5.042173],[-0.004567,-0.999989,-3.6963194816053146e-07,16.476825],[0.0,-3.700085926539032e-07,0.999999,0.417142]],"boundingbox":[[0.039052,-0.202791,-0.223425],[3.52464,0.248568,0.212029]]},{"name":"bone_19","parent":"bone_00","initpos":[3.148284,1.440857,-1.352592],"initquaternion":[-4e-06,5e-06,0.714856,0.699271],"initscale":[0.999999,0.999999,1.0],"offmtx":[[0.999873,0.015941,3.878801351220318e-07,-1.747281],[-0.015941,0.999873,1.966815545983991e-07,-16.41818],[-3.846952552066796e-07,-2.0284005586290732e-07,0.999999,0.417143]],"boundingbox":[[0.014385,-0.367849,-0.29524],[3.869379,0.33425,0.345639]]},{"name":"bone_20","parent":"bone_19","initpos":[3.487482,0.000144,1e-06],"initquaternion":[0.0,2.3841482743591769e-07,-0.005687,0.999983],"initscale":[1.0,1.0,1.0],"offmtx":[[0.999989,0.004567,-0.0,-5.04767],[-0.004567,0.999989,2.010808231034389e-07,-16.476804],[0.0,-2.006620434258366e-07,0.999999,0.417139]],"boundingbox":[[0.033565,-0.24855,-0.223424],[3.519154,0.202813,0.21203]]},{"name":"bone_21","parent":"bone_00","initpos":[1.881513,1.370531,-1.352596],"initquaternion":[-4e-06,5e-06,0.714856,0.699271],"initscale":[0.999999,0.999999,1.0],"offmtx":[[0.999872,0.015941,3.878794814227149e-07,-1.70489],[-0.015941,0.999872,1.9668112827275763e-07,-17.686193],[-3.8469474361590983e-07,-2.0283967216983e-07,0.999999,0.417148]],"boundingbox":[[-0.006193,-0.381196,-0.295235],[3.848799,0.320903,0.345643]]},{"name":"bone_22","parent":"bone_21","initpos":[3.487481,0.000148,-0.0],"initquaternion":[0.0,2.3841508323130256e-07,-0.005687,0.999983],"initscale":[1.0,0.999999,1.0],"offmtx":[[0.999989,0.004567,-0.0,-4.990858],[-0.004567,0.999989,2.0108043941036158e-07,-17.744258],[0.0,-2.0066163131104986e-07,0.999999,0.417146]],"boundingbox":[[0.013139,-0.262135,-0.223417],[3.498728,0.189228,0.212036]]},{"name":"bone_23","parent":"bone_00","initpos":[0.596599,1.362696,-1.352596],"initquaternion":[-4e-06,5e-06,0.714856,0.699271],"initscale":[0.999999,0.999999,1.0],"offmtx":[[0.999872,0.015941,3.878794814227149e-07,-1.725373],[-0.015941,0.999872,1.9668112827275763e-07,-18.970968],[-3.8469474361590983e-07,-2.0283967216983e-07,0.999999,0.417149]],"boundingbox":[[-0.003499,-0.368153,-0.295235],[3.851493,0.333944,0.345643]]},{"name":"bone_24","parent":"bone_23","initpos":[3.48748,0.000146,-0.0],"initquaternion":[0.0,2.3841508323130256e-07,-0.005687,0.999983],"initscale":[1.0,0.999999,1.0],"offmtx":[[0.999989,0.004567,-0.0,-4.996726],[-0.004567,0.999989,2.0108043941036158e-07,-19.029182],[0.0,-2.0066163131104986e-07,0.999999,0.417146]],"boundingbox":[[0.015686,-0.249062,-0.223417],[3.501274,0.202301,0.212037]]},{"name":"bone_25","parent":"bone_00","initpos":[-0.103258,0.669877,-0.935445],"initquaternion":[0.021255,-0.018099,0.761035,0.648109],"initscale":[0.999999,1.0,1.0],"offmtx":[[0.986649,0.152991,0.055826,-3.73832],[-0.15323,0.98819,5.578622221946716e-07,-19.354984],[-0.055167,-0.008554,0.99844,0.20904]],"boundingbox":[[-0.017104,-5.807679,-0.306961],[16.580118,0.224877,0.915367]]},{"name":"bone_26","parent":"bone_00","initpos":[-0.09391,0.804078,-0.935449],"initquaternion":[0.014118,-0.0084,0.85915,0.511459],"initscale":[1.0,1.0,1.0],"offmtx":[[0.881491,0.471054,0.032865,-10.040453],[-0.471308,0.881968,-2.9709161708524334e-07,-16.956676],[-0.028986,-0.015489,0.999459,0.330167]],"boundingbox":[[0.187285,-6.05201,-0.374955],[19.236841,0.135847,0.591786]]},{"name":"bone_27","parent":"bone_00","initpos":[-0.096382,0.655777,-0.935443],"initquaternion":[0.023863,-0.029372,0.63015,0.77555],"initscale":[1.0,1.0,1.0],"offmtx":[[0.97476,-0.210043,0.075649,3.434598],[0.210647,0.977562,2.1606676625651744e-07,-19.403137],[-0.073952,0.015935,0.997134,-0.260566]],"boundingbox":[[0.258312,-6.071845,-0.281219],[16.31969,0.191047,1.294095]]},{"name":"bone_28","parent":"bone_00","initpos":[5.624064,0.562181,-0.935441],"initquaternion":[0.017293,-0.046089,0.350958,0.935096],"initscale":[0.999999,1.0,0.999999],"offmtx":[[0.650182,-0.753385,0.098344,10.142868],[0.757055,0.653349,1e-06,-9.577477],[-0.064254,0.074451,0.995152,-1.00234]],"boundingbox":[[-1.151118,-1.300985,-0.422152],[17.316566,6.295736,1.62732]]},{"name":"bind","parent":"bone_00","initpos":[3.003007,-0.045313,3.12447],"initquaternion":[0.702106,0.002145,0.712065,-0.002176],"initscale":[1.0,1.0,1.0],"offmtx":[[-1.4e-05,0.014083,0.9999,-4.293266],[-1.0,-1.4e-05,-1.4e-05,0.000302],[1.4e-05,-0.9999,0.014083,16.539459]],"boundingbox":[[-4.911756,1.703492,0.939495],[-4.911756,1.703492,0.939495]]}],"boundingbox":[[-20.118774,0.259048,-2.767674],[20.118774,29.355113,6.375884]]}