{"skeleton":[{"name":"root","parent":"root","initpos":[0.0,0.0,-0.0],"initquaternion":[0.707106,0.0,0.0,0.707106],"initscale":[1.0,0.999999,0.999999],"offmtx":[[1.0,0.0,0.0,0.0],[0.0,1.0,0.0,0.0],[0.0,0.0,1.0,0.0]],"boundingbox":[[0.0,0.0,0.0],[0.0,0.0,0.0]]},{"name":"Bone01","parent":"root","initpos":[-6.753617,1.413257,-7.629245],"initquaternion":[0.0,0.0,0.0,1.0],"initscale":[1.0,1.0,1.0],"offmtx":[[1.0,-3.2630970281388727e-07,1.487191525484377e-07,6.753623],[-1.4871906728330941e-07,2.0675371104061924e-07,1.0,-1.413259],[-3.263096459704684e-07,-1.0,2.0675363998634566e-07,7.629242]],"boundingbox":[[4.953616,-6.568514,-4.054496],[8.553621,12.78149,4.045507]]},{"name":"Bone02","parent":"Bone01","initpos":[6.753622,-1.183131,-1.756792],"initquaternion":[-0.30543,0.63774,-0.305429,0.63774],"initscale":[0.999999,0.999999,0.999999],"offmtx":[[1e-06,0.62685,-0.779139,-5.704343],[-6.62308082155505e-07,0.779139,0.62685,-7.457287],[1.0,-3.185123773619125e-07,1e-06,7.479721375602821e-07]],"boundingbox":[[0.053559,-2.704748,-1.754466],[8.628567,2.734926,1.754446]]},{"name":"Bone03","parent":"Bone02","initpos":[8.282436,3.234024,-3e-06],"initquaternion":[0.0,4.889550950792909e-07,-0.33231,0.94317],"initscale":[0.999999,0.999999,1.0],"offmtx":[[5.061224896962813e-07,0.0,-1.0,-4.195799],[0.0,1.0,0.0,-17.097642],[1.0,-0.0,5.061223191660247e-07,-3e-06]],"boundingbox":[[-0.01734,-4.498388,-8.10001],[10.782667,4.501617,8.099999]]},{"name":"Bone04","parent":"Bone03","initpos":[1.328391,4.488092,-3.158703],"initquaternion":[-0.501827,-0.498163,0.501829,0.498165],"initscale":[0.999999,0.999999,0.999999],"offmtx":[[-0.007327,0.999973,5.066396511210769e-07,-21.608295],[-0.999973,-0.007327,-8e-06,-3.000477],[-8e-06,-5.662449780174938e-07,1.0,5.524179]],"boundingbox":[[0.010164,-0.471974,-0.454271],[1.816711,0.441199,0.445734]]},{"name":"Bone05","parent":"Bone04","initpos":[1.816362,-0.446324,0.381966],"initquaternion":[1e-06,-1e-06,0.704511,0.709692],"initscale":[1.0,1.0,1.0],"offmtx":[[-1.0,2.713905189466459e-07,7e-06,-2.725656],[-2.7139086000715906e-07,-0.999999,-0.0,23.405313],[7e-06,-0.0,1.0,5.14225]],"boundingbox":[[-0.006009,-0.910227,-0.453635],[2.693998,0.889775,0.446386]]},{"name":"Bone06","parent":"Bone03","initpos":[1.328388,4.488092,3.14788],"initquaternion":[-0.498169,-0.501832,0.498161,0.501824],"initscale":[0.999999,0.999999,0.999999],"offmtx":[[0.007326,0.999973,-0.0,-21.608221],[-0.999973,0.007326,2e-06,2.989675],[2e-06,0.0,1.0,5.524179]],"boundingbox":[[0.010242,-0.452007,-0.454273],[1.816787,0.461156,0.445728]]},{"name":"Bone07","parent":"Bone06","initpos":[1.816219,0.465471,0.381978],"initquaternion":[6e-06,7e-06,-0.704512,0.709692],"initscale":[0.999999,0.999999,1.0],"offmtx":[[1.0,-2.4127081132974126e-07,-4e-06,-2.695744],[2.412683954844397e-07,1.0,-6.109489731898066e-07,-23.405324],[4e-06,6.109480636951048e-07,1.0,5.142189]],"boundingbox":[[0.023959,-0.889777,-0.453624],[2.723963,0.910228,0.446388]]},{"name":"Bone08","parent":"Bone03","initpos":[6.202126,-2.719455,-0.0],"initquaternion":[-4.1650130810921837e-07,-0.0,0.002841,0.999995],"initscale":[1.0,1.0,1.0],"offmtx":[[5.029146450397093e-07,0.005681,-0.999984,-10.479454],[-7.593370128233801e-07,0.999984,0.005681,-14.318873],[1.0,7.564671022919356e-07,5.072208750789287e-07,-1.5e-05]],"boundingbox":[[0.070428,-1.789586,-1.800012],[1.890855,1.820588,1.799994]]},{"name":"Bone09","parent":"Bone03","initpos":[7.131549,2.542959,-1e-06],"initquaternion":[0.922007,0.387172,3.5231269635005447e-07,8.389925483243132e-07],"initscale":[1.0,0.999999,0.999999],"offmtx":[[4.051256610182463e-07,0.713952,-0.700195,-21.953792],[2e-06,-0.700195,-0.713951,5.665068],[-1.0,-1e-06,-1e-06,1.2e-05]],"boundingbox":[[0.01282,-1.375084,-1.8],[4.538874,1.368572,1.800008]]},{"name":"Bone10","parent":"Bone09","initpos":[3.945468,-1.91132,-3e-06],"initquaternion":[0.923937,0.382542,3.660954632778157e-07,-3.6231244848750066e-07],"initscale":[1.0,0.999999,0.999999],"offmtx":[[9.589647333996254e-07,0.010033,-0.999949,-12.963456],[-9.50189189552475e-07,0.99995,0.010033,-23.666904],[1.0,9.405197261003195e-07,9.684492852102267e-07,-1.9e-05]],"boundingbox":[[-0.014977,-1.802803,-2.25001],[5.402817,1.851198,2.25]]},{"name":"Bone11","parent":"Bone10","initpos":[0.910718,1.830522,1.517112],"initquaternion":[0.710644,0.70355,5.424279265753285e-07,-1e-06],"initscale":[0.999999,0.999999,1.0],"offmtx":[[1e-06,1.0,-0.0,-25.635339],[0.0,-0.0,-1.0,-13.617655],[-1.0,1e-06,-0.0,1.517074]],"boundingbox":[[0.01175,-0.889738,-0.403559],[0.911751,0.910262,0.393373]]},{"name":"Bone12","parent":"Bone10","initpos":[0.910711,1.830524,-1.528539],"initquaternion":[-2.3675067950534867e-07,-1e-06,0.70355,0.710645],"initscale":[0.999999,0.999999,1.0],"offmtx":[[7.228500749079103e-07,1.0,0.0,-25.635337],[-3e-06,0.0,1.0,13.617648],[1.0,-7.228500180644915e-07,3e-06,1.52859]],"boundingbox":[[0.011745,-0.910267,-0.392144],[0.911745,0.889734,0.404792]]},{"name":"Bone14","parent":"Bone09","initpos":[4.146888,1.10447,1.331489],"initquaternion":[0.572312,0.820035,1e-06,-0.0],"initscale":[0.999999,1.0,0.999999],"offmtx":[[3.126917249574035e-07,-0.90348,-0.428629,13.283311],[-5.86993962770066e-07,0.428629,-0.90348,-22.925926],[1.0,5.341135533853958e-07,-3.963089625358407e-07,1.331456]],"boundingbox":[[-0.003294,-0.539743,-0.463666],[3.61939,0.455782,0.436335]]},{"name":"Bone13","parent":"Bone09","initpos":[4.146884,1.104477,-1.35321],"initquaternion":[7.123705358935695e-07,-7.712508818258357e-07,0.820035,0.572312],"initscale":[1.0,1.0,1.0],"offmtx":[[-0.0,-0.90348,-0.428629,13.283289],[-9.530307920613268e-07,-0.428629,0.90348,22.925924],[-1.0,4.201721139907022e-07,-8.555057320336346e-07,1.353204]],"boundingbox":[[-0.003297,-0.455791,-0.44192],[3.619385,0.539734,0.458081]]},{"name":"Bone15","parent":"Bone03","initpos":[6.513208,-9.926638,-0.007252],"initquaternion":[-5.174436523702752e-07,-1e-06,0.914526,0.404526],"initscale":[1.0,1.0,1.0],"offmtx":[[-2.8160877718619304e-07,0.7399,0.672716,3.457414],[-2e-06,-0.672717,0.7399,13.343599],[1.0,-1e-06,2e-06,0.007283]],"boundingbox":[[-0.46254,-7.627771,-1.792778],[7.16599,4.873771,1.807256]]},{"name":"Bone16","parent":"Bone03","initpos":[2.258733,1.142904,2.241113],"initquaternion":[0.854532,-0.519398,4.1331801980959426e-07,-5.346406055650732e-07],"initscale":[1.0,1.0,0.999999],"offmtx":[[3.1580557902088913e-07,-0.887685,-0.46045,13.219871],[-1e-06,-0.46045,0.887685,14.128455],[-1.0,6.009365733916638e-07,-1e-06,2.241098]],"boundingbox":[[-0.012817,-0.878022,-0.435928],[13.489006,0.935725,0.46409]]},{"name":"Bone17","parent":"Bone16","initpos":[14.504262,-0.057456,-0.837258],"initquaternion":[0.605503,-0.36519,0.602981,0.369344],"initscale":[0.999999,1.0,0.999999],"offmtx":[[-0.999976,-0.006872,5.120672881275823e-07,3.115372],[-0.006872,0.999975,-3e-06,-5.370528],[-4.881158588432299e-07,-3e-06,-0.999999,-13.183995]],"boundingbox":[[0.36904,-1.339026,-1.328269],[1.287577,1.367103,1.371738]]},{"name":"Bone18","parent":"Bone03","initpos":[2.258781,1.142929,-2.25486],"initquaternion":[0.0,2.694409886316862e-07,-0.5194,0.85453],"initscale":[1.0,1.0,1.0],"offmtx":[[-3.1129414423958224e-07,-0.887687,-0.460445,13.219934],[2.3268751192517811e-07,0.460445,-0.887687,-14.128441],[0.999999,-3.8347212694134214e-07,0.0,2.254858]],"boundingbox":[[-0.012827,-0.935781,-0.422194],[13.489002,0.878035,0.477816]]},{"name":"Bone19","parent":"Bone18","initpos":[14.504257,0.057488,-0.775385],"initquaternion":[0.605512,0.365178,0.602988,-0.36933],"initscale":[0.999999,0.999998,0.999998],"offmtx":[[0.999976,-0.006872,1.5215485404951323e-07,3.067228],[-0.006872,-0.999976,4.9e-05,5.371474],[-1.870254351388212e-07,-4.9e-05,-1.0,-13.183778]],"boundingbox":[[0.320898,-1.366831,-1.328352],[1.239432,1.339424,1.371782]]},{"name":"Bone20","parent":"Bone03","initpos":[9.040727,-11.897516,-0.003412],"initquaternion":[-0.49916,-0.50085,0.499149,0.500835],"initscale":[0.999999,0.999999,1.0],"offmtx":[[0.003376,0.999994,3e-06,-5.200031],[-0.999994,0.003376,-0.000123,-0.022593],[-0.000123,-3e-06,0.999999,13.236537]],"boundingbox":[[-5.204543,-1.809017,-5.369419],[5.604546,1.803558,5.430943]]},{"name":"Bone21","parent":"Bone01","initpos":[8.518774,0.62521,2.241882],"initquaternion":[-0.707115,2.5204514031429426e-07,-0.0,0.707098],"initscale":[1.0,0.999999,0.999999],"offmtx":[[1.0,-0.0,-2.3934995851959684e-07,-1.765151],[0.0,1.0,-2.4e-05,-5.387312],[2.3934998694130627e-07,2.4e-05,1.0,-2.038599]],"boundingbox":[[0.034842,-1.803671,-1.793767],[1.834846,1.796417,1.806321]]},{"name":"Bone22","parent":"Bone01","initpos":[4.944486,0.625205,2.241886],"initquaternion":[-1.3767856898994069e-07,0.707105,0.707107,-1.3767898110472743e-07],"initscale":[0.999999,0.999999,0.999999],"offmtx":[[-1.0,3.266615067332168e-07,-5.40167320650653e-07,-1.809135],[-3.2666005722603586e-07,-1.0,-2e-06,5.387363],[-5.401681733019359e-07,-2e-06,1.0,-2.038448]],"boundingbox":[[-0.009132,-1.796383,-1.793721],[1.79087,1.803627,1.806288]]},{"name":"Bone23","parent":"Bone01","initpos":[3.835472,5.118411,2.224122],"initquaternion":[0.500695,0.499302,0.500695,0.499303],"initscale":[0.999999,1.0,1.0],"offmtx":[[2.7567159577301936e-07,-0.002785,0.999996,-6.516588],[-1e-06,-0.999996,-0.002785,5.423291],[0.999999,-1e-06,-2.7927663381888124e-07,2.918156]],"boundingbox":[[0.009377,-1.348697,-1.131861],[7.665615,1.371348,1.118145]]},{"name":"Bone24","parent":"Bone01","initpos":[9.614305,5.118412,2.224122],"initquaternion":[-0.499302,-0.500696,0.499303,0.500695],"initscale":[0.999999,0.999999,0.999999],"offmtx":[[-1e-06,-0.002785,0.999996,-6.516585],[1e-06,0.999996,0.002785,-5.423299],[-1.0,1e-06,-1e-06,2.860684]],"boundingbox":[[0.009372,-1.371345,-1.189324],[7.665615,1.3487,1.060686]]},{"name":"Bone25","parent":"Bone01","initpos":[6.753619,3.29941,-5.94291],"initquaternion":[0.504174,0.495789,0.504175,0.49579],"initscale":[1.0,0.999999,1.0],"offmtx":[[-4.457050124528905e-07,-0.01677,0.999859,-4.484394],[-1e-06,-0.999859,-0.01677,13.649274],[1.0,-1e-06,4.161003062108648e-07,2.2e-05]],"boundingbox":[[-0.836129,-4.820481,-5.399999],[16.452371,7.241576,5.400005]]},{"name":"Bone26","parent":"Bone25","initpos":[14.185443,6.089115,1.2e-05],"initquaternion":[4.531552519893012e-07,0.0,-0.408431,0.912789],"initscale":[1.0,1.0,1.0],"offmtx":[[5.385948043112876e-07,0.734342,0.678777,-16.635065],[-7.296882813534467e-07,-0.678778,0.734342,-7.946407],[1.0,-8.908107247407315e-07,1.7025494969402644e-07,7e-06]],"boundingbox":[[-0.908328,-3.290107,-1.800001],[2.651656,2.127583,1.8]]},{"name":"Bind","parent":"Bone25","initpos":[0.068335,-3.637731,-7e-06],"initquaternion":[-0.496299,0.50368,-0.503672,0.496292],"initscale":[0.999999,0.999999,0.999999],"offmtx":[[8.139468263834715e-07,0.999997,0.00201,-17.21792],[-1.0,8.440773626716691e-07,-1.4e-05,5.6e-05],[-1.4e-05,-0.00201,0.999997,-4.807391]],"boundingbox":[[0.78255,-2.250058,3.501149],[0.78255,-2.250058,3.501149]]},{"name":"Bone27","parent":"Bone25","initpos":[12.304233,-1.035283,-0.552317],"initquaternion":[0.392513,-0.357004,-0.180533,0.828184],"initscale":[0.999999,1.0,0.999999],"offmtx":[[0.449607,0.567802,0.68953,-19.673017],[0.779046,-0.62691,0.00826,9.31768],[0.436964,0.533462,-0.724209,4.894093]],"boundingbox":[[0.123189,-0.271311,-0.142827],[10.204261,0.39775,0.097844]]},{"name":"Bone28","parent":"Bone27","initpos":[10.903079,0.933415,-0.478425],"initquaternion":[-0.52999,-0.025061,-0.457894,0.713312],"initscale":[0.999998,0.999998,1.0],"offmtx":[[1e-06,0.999856,0.016949,-20.17065],[-7e-06,-0.016949,0.999856,-24.566343],[1.0,-1e-06,7e-06,-4.86806]],"boundingbox":[[-0.049086,-3.254009,-3.153819],[7.256657,3.167163,3.146224]]},{"name":"Bone29","parent":"Bone25","initpos":[12.477327,-1.091286,4e-06],"initquaternion":[-0.121167,-0.047816,-0.395333,0.909254],"initscale":[0.999999,1.0,0.999999],"offmtx":[[0.182758,0.695777,0.694615,-22.008741],[-0.182538,-0.670217,0.719365,-2.690445],[0.966063,-0.258263,0.004518,3.655211]],"boundingbox":[[0.209365,-0.070781,-0.242124],[17.761548,0.446685,0.309278]]},{"name":"Bone30","parent":"Bone29","initpos":[18.901887,2.553865,-0.737114],"initquaternion":[0.051174,0.119787,-0.368735,0.920361],"initscale":[0.999998,1.0,0.999999],"offmtx":[[1e-06,0.999986,0.005183,-26.250696],[-5e-06,-0.005183,0.999986,-32.034286],[1.0,-1e-06,5e-06,-2.276337]],"boundingbox":[[-0.031994,-4.123464,-4.07458],[11.709836,4.037117,4.025469]]},{"name":"Bone31","parent":"Bone25","initpos":[12.948484,-1.038343,0.625919],"initquaternion":[0.156114,0.097579,-0.579173,0.794144],"initscale":[1.0,0.999999,0.999999],"offmtx":[[-0.335817,0.884102,0.324945,-18.258842],[0.134921,-0.296272,0.945525,-12.533953],[0.932213,0.361366,-0.019791,-5.434868]],"boundingbox":[[0.040875,-0.127504,-0.234363],[12.759699,0.293914,0.264305]]},{"name":"Bone32","parent":"Bone31","initpos":[11.838478,0.796341,-0.807295],"initquaternion":[-0.038748,-0.179977,-0.166262,0.968743],"initscale":[0.999999,0.999999,0.999999],"offmtx":[[8.046625339375169e-07,0.99992,-0.012622,-24.048631],[7e-06,0.012622,0.999919,-22.597852],[1.0,-8.940868951867742e-07,-7e-06,3.994966]],"boundingbox":[[-0.089136,-4.176267,-4.125802],[10.812252,4.059461,3.974265]]},{"name":"Bone33","parent":"Bone25","initpos":[8.26938,8.102613,-0.002454],"initquaternion":[-0.494944,0.505017,0.503331,-0.496633],"initscale":[0.999999,0.999998,0.999999],"offmtx":[[0.003376,0.999994,0.0,-5.331744],[0.999994,-0.003376,-2.4e-05,0.021291],[-2.4e-05,1.4883670473864186e-07,-0.999999,12.845134]],"boundingbox":[[-5.336189,-1.80338,-5.399944],[5.472868,1.808845,5.400119]]}],"boundingbox":[[-8.12056,0.000112,-18.605756],[8.100006,37.773372,36.207031]]}