{
  "skeleton": [
    {
      "name": "root",
      "parent": "root",
      "initpos": [
        0,
        0,
        0
      ],
      "initquaternion": [
        0.707106,
        0,
        0,
        0.707106
      ],
      "initscale": [
        1,
        0.999999,
        0.999999
      ],
      "offmtx": [
        [
          1,
          0,
          0,
          0
        ],
        [
          0,
          1,
          0,
          0
        ],
        [
          0,
          0,
          1,
          0
        ]
      ],
      "boundingbox": [
        [
          0,
          0,
          0
        ],
        [
          0,
          0,
          0
        ]
      ]
    },
    {
      "name": "Bone001",
      "parent": "root",
      "initpos": [
        0,
        -5.826159,
        -8.217209
      ],
      "initquaternion": [
        0.499999,
        0.5,
        -0.5,
        -0.499999
      ],
      "initscale": [
        1,
        0.999999,
        0.999999
      ],
      "offmtx": [
        [
          5.239498932496645e-7,
          0,
          0.999999,
          5.826159
        ],
        [
          4.013392356227996e-7,
          0.999999,
          0,
          -8.217209
        ],
        [
          -1,
          4.013392072010902e-7,
          5.239498364062456e-7,
          -4.76837158203125e-7
        ]
      ],
      "boundingbox": [
        [
          0.023119,
          -5.648063,
          -8.026604
        ],
        [
          17.744461,
          4.984743,
          7.922608
        ]
      ]
    },
    {
      "name": "Bone010",
      "parent": "Bone001",
      "initpos": [
        8.839746,
        -3.344547,
        -6.334105
      ],
      "initquaternion": [
        -0.40215,
        -0.453945,
        0.697469,
        -0.381764
      ],
      "initscale": [
        1,
        1.000001,
        1
      ],
      "offmtx": [
        [
          0.907576,
          -0.167428,
          -0.38506,
          -3.772441
        ],
        [
          0.326172,
          -0.296378,
          0.897646,
          -3.326994
        ],
        [
          -0.264416,
          -0.94028,
          -0.214376,
          6.902547
        ]
      ],
      "boundingbox": [
        [
          0.082111,
          -0.881279,
          -0.906694
        ],
        [
          7.19561,
          0.947016,
          0.930592
        ]
      ]
    },
    {
      "name": "Bone012",
      "parent": "Bone010",
      "initpos": [
        6.530692,
        -0.00001,
        0.000006
      ],
      "initquaternion": [
        2.623656882860814e-7,
        -2.4348321403522277e-7,
        0.704037,
        0.710162
      ],
      "initscale": [
        0.999999,
        0.999999,
        1
      ],
      "offmtx": [
        [
          0.334022,
          -0.297818,
          0.894277,
          -3.416116
        ],
        [
          -0.904716,
          0.164854,
          0.392823,
          10.273924
        ],
        [
          -0.264416,
          -0.94028,
          -0.214376,
          6.902542
        ]
      ],
      "boundingbox": [
        [
          -0.626674,
          -1.296948,
          -1.071214
        ],
        [
          6.833838,
          1.063989,
          1.060745
        ]
      ]
    },
    {
      "name": "Bone014",
      "parent": "Bone012",
      "initpos": [
        6.79894,
        0.000004,
        -0.000003
      ],
      "initquaternion": [
        0,
        1.2945534422215133e-7,
        0.331236,
        0.943547
      ],
      "initscale": [
        1,
        1,
        1
      ],
      "offmtx": [
        [
          -0.304789,
          -0.129419,
          0.943585,
          -1.55154
        ],
        [
          -0.914978,
          0.314838,
          -0.252366,
          14.404633
        ],
        [
          -0.264416,
          -0.94028,
          -0.214376,
          6.902542
        ]
      ],
      "boundingbox": [
        [
          -0.489091,
          -0.822909,
          -0.117455
        ],
        [
          2.27814,
          1.112254,
          0.35531
        ]
      ]
    },
    {
      "name": "Bone016",
      "parent": "Bone001",
      "initpos": [
        12.377428,
        -4.165538,
        -4.013758
      ],
      "initquaternion": [
        0.656506,
        0.34315,
        -0.487919,
        0.461715
      ],
      "initscale": [
        1,
        1,
        0.999999
      ],
      "offmtx": [
        [
          0.95752,
          -1.7881366431993229e-7,
          0.288364,
          -5.732402
        ],
        [
          -0.271379,
          -0.338131,
          0.90112,
          -3.444235
        ],
        [
          0.097505,
          -0.941098,
          -0.323768,
          5.542751
        ]
      ],
      "boundingbox": [
        [
          -0.010838,
          -1.145778,
          -0.857372
        ],
        [
          7.144112,
          0.837554,
          0.995857
        ]
      ]
    },
    {
      "name": "Bone018",
      "parent": "Bone016",
      "initpos": [
        6.367746,
        0.000001,
        -0.000002
      ],
      "initquaternion": [
        -3.7787296491842426e-7,
        4.837582991967793e-7,
        0.689193,
        0.724577
      ],
      "initscale": [
        0.999999,
        0.999999,
        1
      ],
      "offmtx": [
        [
          -0.223139,
          -0.337707,
          0.914418,
          -4.045248
        ],
        [
          -0.969897,
          -0.016914,
          -0.242924,
          11.912697
        ],
        [
          0.097504,
          -0.941099,
          -0.323767,
          5.542755
        ]
      ],
      "boundingbox": [
        [
          -0.978608,
          -1.260847,
          -0.96392
        ],
        [
          6.418691,
          1.047048,
          1.16992
        ]
      ]
    },
    {
      "name": "Bone020",
      "parent": "Bone018",
      "initpos": [
        5.545267,
        0.00002,
        0.000009
      ],
      "initquaternion": [
        -1.9447746524292597e-7,
        -4.150763288635062e-7,
        0.329472,
        0.944164
      ],
      "initscale": [
        1,
        0.999998,
        1
      ],
      "offmtx": [
        [
          -0.77812,
          -0.274914,
          0.564756,
          -0.096837
        ],
        [
          -0.6205,
          0.196863,
          -0.759093,
          15.293155
        ],
        [
          0.097505,
          -0.941098,
          -0.323768,
          5.542747
        ]
      ],
      "boundingbox": [
        [
          -0.130301,
          -1.046581,
          -0.030106
        ],
        [
          2.596986,
          0.833803,
          0.438833
        ]
      ]
    },
    {
      "name": "Bone017",
      "parent": "Bone001",
      "initpos": [
        12.377431,
        -4.165542,
        3.986241
      ],
      "initquaternion": [
        0.461716,
        -0.487919,
        0.34315,
        0.656506
      ],
      "initscale": [
        0.999999,
        1,
        1
      ],
      "offmtx": [
        [
          -0.957521,
          1.4156103134155273e-7,
          0.288365,
          -5.706078
        ],
        [
          -0.27138,
          0.338131,
          -0.901121,
          3.451706
        ],
        [
          -0.097505,
          -0.941098,
          -0.323767,
          5.545427
        ]
      ],
      "boundingbox": [
        [
          -0.146695,
          -0.876064,
          -0.871209
        ],
        [
          7.008262,
          1.107274,
          0.982026
        ]
      ]
    },
    {
      "name": "Bone019",
      "parent": "Bone017",
      "initpos": [
        6.367753,
        -0.000002,
        -9.5367431640625e-7
      ],
      "initquaternion": [
        0,
        -1.024229163704149e-7,
        -0.689193,
        0.724577
      ],
      "initscale": [
        0.999999,
        0.999999,
        1
      ],
      "offmtx": [
        [
          0.223139,
          -0.337707,
          0.914418,
          -4.051384
        ],
        [
          -0.969898,
          0.016915,
          0.242925,
          -11.886041
        ],
        [
          -0.097505,
          -0.941098,
          -0.323767,
          5.545429
        ]
      ],
      "boundingbox": [
        [
          -0.946941,
          -1.184663,
          -0.977754
        ],
        [
          6.45035,
          1.123235,
          1.156087
        ]
      ]
    },
    {
      "name": "Bone021",
      "parent": "Bone019",
      "initpos": [
        5.545264,
        -0.000011,
        0.000009
      ],
      "initquaternion": [
        -2.418133249193488e-7,
        -1.0500608027541602e-7,
        -0.329472,
        0.944164
      ],
      "initscale": [
        0.999998,
        0.999999,
        1
      ],
      "offmtx": [
        [
          0.77812,
          -0.274914,
          0.564757,
          -0.118242
        ],
        [
          -0.6205,
          -0.196862,
          0.759093,
          -15.276103
        ],
        [
          -0.097505,
          -0.941098,
          -0.323767,
          5.545414
        ]
      ],
      "boundingbox": [
        [
          -0.019888,
          -0.921846,
          -0.04394
        ],
        [
          2.707404,
          0.958534,
          0.425001
        ]
      ]
    },
    {
      "name": "Bone011",
      "parent": "Bone001",
      "initpos": [
        8.839744,
        -3.344552,
        6.165894
      ],
      "initquaternion": [
        -0.381764,
        0.697469,
        -0.453945,
        -0.402151
      ],
      "initscale": [
        1,
        1,
        1
      ],
      "offmtx": [
        [
          -0.907576,
          -0.167427,
          -0.385061,
          -3.619791
        ],
        [
          0.326173,
          0.296378,
          -0.897646,
          3.272131
        ],
        [
          0.264415,
          -0.94028,
          -0.214375,
          6.858066
        ]
      ],
      "boundingbox": [
        [
          0.081031,
          -0.946641,
          -0.906376
        ],
        [
          7.194525,
          0.88165,
          0.930904
        ]
      ]
    },
    {
      "name": "Bone013",
      "parent": "Bone011",
      "initpos": [
        6.53069,
        0.000006,
        0.000001
      ],
      "initquaternion": [
        -3.776752066642075e-7,
        -3.8096135313026025e-7,
        -0.704037,
        0.710163
      ],
      "initscale": [
        1,
        1,
        1
      ],
      "offmtx": [
        [
          -0.334024,
          -0.297819,
          0.894277,
          -3.359941
        ],
        [
          -0.904716,
          -0.164853,
          -0.392824,
          -10.121753
        ],
        [
          0.264415,
          -0.94028,
          -0.214376,
          6.858068
        ]
      ],
      "boundingbox": [
        [
          -0.627062,
          -1.065069,
          -1.070893
        ],
        [
          6.833459,
          1.295869,
          1.061068
        ]
      ]
    },
    {
      "name": "Bone015",
      "parent": "Bone013",
      "initpos": [
        6.798944,
        -0.00001,
        0.000006
      ],
      "initquaternion": [
        -1.6946695780006849e-7,
        0,
        -0.331236,
        0.943547
      ],
      "initscale": [
        1,
        0.999999,
        1
      ],
      "offmtx": [
        [
          0.304788,
          -0.12942,
          0.943585,
          -1.602809
        ],
        [
          -0.91498,
          -0.314838,
          0.252365,
          -14.250744
        ],
        [
          0.264415,
          -0.94028,
          -0.214376,
          6.858057
        ]
      ],
      "boundingbox": [
        [
          -0.488717,
          -1.113336,
          -0.117139
        ],
        [
          2.278513,
          0.821823,
          0.355622
        ]
      ]
    },
    {
      "name": "Bone008",
      "parent": "Bone001",
      "initpos": [
        0.94392,
        0.38897,
        -0.075314
      ],
      "initquaternion": [
        1.4995553954122443e-7,
        -3.9389874473272357e-7,
        0.987869,
        -0.155287
      ],
      "initscale": [
        1,
        1,
        1
      ],
      "offmtx": [
        [
          1.9837160891711392e-7,
          -0.306806,
          -0.951771,
          -2.006342
        ],
        [
          2.5700697392494476e-7,
          -0.951771,
          0.306806,
          9.689023
        ],
        [
          -1,
          -3.054738328955864e-7,
          -1.0995301380489764e-7,
          0.075316
        ]
      ],
      "boundingbox": [
        [
          -0.198092,
          -4.670917,
          -6.179156
        ],
        [
          11.550105,
          4.842728,
          6.225781
        ]
      ]
    },
    {
      "name": "Bone009",
      "parent": "Bone008",
      "initpos": [
        9.826396,
        -1.046496,
        0.075315
      ],
      "initquaternion": [
        2.2069133365221205e-7,
        0,
        -0.261322,
        0.965251
      ],
      "initscale": [
        0.999999,
        0.999999,
        1
      ],
      "offmtx": [
        [
          0,
          0.21525,
          -0.976558,
          -15.632537
        ],
        [
          -1.852270656854671e-7,
          -0.976558,
          -0.21525,
          3.299844
        ],
        [
          -1,
          1.9371508130916482e-7,
          0,
          -4.76837158203125e-7
        ]
      ],
      "boundingbox": [
        [
          -0.017395,
          -1.39357,
          -0.366364
        ],
        [
          8.062746,
          1.337382,
          0.356892
        ]
      ]
    },
    {
      "name": "Bind",
      "parent": "Bone008",
      "initpos": [
        -0.806572,
        -5.029101,
        0.075314
      ],
      "initquaternion": [
        -0.475412,
        0.523434,
        0.523434,
        -0.475411
      ],
      "initscale": [
        0.999999,
        1,
        0.999999
      ],
      "offmtx": [
        [
          0,
          0.976814,
          -0.214085,
          -14.53514
        ],
        [
          -1,
          0,
          1.0646962778082525e-7,
          -9.5367431640625e-7
        ],
        [
          1.1032683033818103e-7,
          0.214085,
          0.976814,
          2.606197
        ]
      ],
      "boundingbox": [
        [
          -0.635472,
          -3.596269,
          -0.550049
        ],
        [
          -0.635472,
          -3.596269,
          -0.550049
        ]
      ]
    },
    {
      "name": "Bone023",
      "parent": "Bone001",
      "initpos": [
        -0.665482,
        -3.800398,
        -3.952561
      ],
      "initquaternion": [
        0.199704,
        0.666672,
        -0.566481,
        0.441321
      ],
      "initscale": [
        0.999999,
        0.999999,
        0.999999
      ],
      "offmtx": [
        [
          0.814692,
          -0.233726,
          -0.530706,
          -5.63295
        ],
        [
          0.579046,
          0.278432,
          0.766276,
          1.45589
        ],
        [
          -0.031332,
          -0.931583,
          0.362175,
          6.589584
        ]
      ],
      "boundingbox": [
        [
          -0.42769,
          -1.160677,
          -0.927741
        ],
        [
          6.748641,
          0.797805,
          1.218069
        ]
      ]
    },
    {
      "name": "Bone025",
      "parent": "Bone023",
      "initpos": [
        6.136708,
        0.000002,
        -0.000009
      ],
      "initquaternion": [
        1.7332287427507254e-7,
        0,
        -0.697146,
        0.716928
      ],
      "initscale": [
        0.999999,
        0.999999,
        1
      ],
      "offmtx": [
        [
          -0.55603,
          -0.284861,
          -0.780821,
          -1.78455
        ],
        [
          0.830571,
          -0.225846,
          -0.509063,
          -11.724327
        ],
        [
          -0.031333,
          -0.931583,
          0.362175,
          6.589595
        ]
      ],
      "boundingbox": [
        [
          -0.564992,
          -1.410872,
          -1.01903
        ],
        [
          6.670095,
          1.079001,
          1.490055
        ]
      ]
    },
    {
      "name": "Bone027",
      "parent": "Bone025",
      "initpos": [
        6.185622,
        0,
        0.000013
      ],
      "initquaternion": [
        0,
        -2.9982487603774644e-7,
        -0.208588,
        0.978003
      ],
      "initscale": [
        0.999999,
        0.999999,
        1
      ],
      "offmtx": [
        [
          -0.846518,
          -0.167928,
          -0.505178,
          -2.4931
        ],
        [
          0.531435,
          -0.322417,
          -0.78334,
          -13.955926
        ],
        [
          -0.031332,
          -0.931583,
          0.362175,
          6.589583
        ]
      ],
      "boundingbox": [
        [
          -0.126791,
          -0.77867,
          -0.495301
        ],
        [
          2.640666,
          0.443421,
          0.654915
        ]
      ]
    },
    {
      "name": "Bone022",
      "parent": "Bone001",
      "initpos": [
        -0.665478,
        -3.800402,
        3.547438
      ],
      "initquaternion": [
        0.441322,
        -0.566481,
        0.666671,
        0.199704
      ],
      "initscale": [
        0.999999,
        1,
        1
      ],
      "offmtx": [
        [
          -0.814692,
          -0.233726,
          -0.530705,
          -5.3029
        ],
        [
          0.579046,
          -0.278432,
          -0.766276,
          -1.690475
        ],
        [
          0.031333,
          -0.931583,
          0.362175,
          6.57689
        ]
      ],
      "boundingbox": [
        [
          -0.097641,
          -1.032389,
          -0.940435
        ],
        [
          7.078687,
          0.926093,
          1.205375
        ]
      ]
    },
    {
      "name": "Bone024",
      "parent": "Bone022",
      "initpos": [
        6.136702,
        0.000002,
        -0.000008
      ],
      "initquaternion": [
        2.6265513497492066e-7,
        0,
        0.697146,
        0.716928
      ],
      "initscale": [
        1,
        1,
        1
      ],
      "offmtx": [
        [
          0.556031,
          -0.284862,
          -0.780821,
          -2.009808
        ],
        [
          0.83057,
          0.225845,
          0.509063,
          11.387833
        ],
        [
          0.031332,
          -0.931583,
          0.362175,
          6.576895
        ]
      ],
      "boundingbox": [
        [
          -0.790256,
          -1.41549,
          -1.031726
        ],
        [
          6.444834,
          1.074382,
          1.477361
        ]
      ]
    },
    {
      "name": "Bone026",
      "parent": "Bone024",
      "initpos": [
        6.185616,
        -0.000006,
        -9.5367431640625e-7
      ],
      "initquaternion": [
        -1.0667606886727299e-7,
        0,
        0.208587,
        0.978003
      ],
      "initscale": [
        1,
        1,
        1
      ],
      "offmtx": [
        [
          0.846518,
          -0.167928,
          -0.505178,
          -2.836042
        ],
        [
          0.531435,
          0.322417,
          0.78334,
          13.740627
        ],
        [
          0.031332,
          -0.931583,
          0.362175,
          6.576898
        ]
      ],
      "boundingbox": [
        [
          -0.410191,
          -0.621343,
          -0.505782
        ],
        [
          2.357269,
          0.600749,
          0.644434
        ]
      ]
    },
    {
      "name": "Bone005",
      "parent": "Bone001",
      "initpos": [
        8.892565,
        0.947881,
        -7.598463
      ],
      "initquaternion": [
        0.248708,
        0.661924,
        -0.661924,
        0.248707
      ],
      "initscale": [
        1,
        1,
        1
      ],
      "offmtx": [
        [
          0.658504,
          4.1350682522534044e-7,
          -0.752576,
          -2.695915
        ],
        [
          0.752576,
          -4.0978156334858795e-7,
          0.658504,
          -7.737661
        ],
        [
          0,
          -0.999999,
          -5.810388756799512e-7,
          9.16509
        ]
      ],
      "boundingbox": [
        [
          -0.154283,
          -3.896704,
          -0.455982
        ],
        [
          8.851194,
          3.337019,
          0.430088
        ]
      ]
    },
    {
      "name": "Bone007",
      "parent": "Bone005",
      "initpos": [
        7.141137,
        -1.800524,
        -0.767587
      ],
      "initquaternion": [
        0,
        -1.3370095075515565e-7,
        0.011656,
        0.999932
      ],
      "initscale": [
        0.999999,
        0.999999,
        1
      ],
      "offmtx": [
        [
          0.675869,
          1.3783568419967196e-7,
          -0.73702,
          -9.972786
        ],
        [
          0.73702,
          -2.980229965032777e-7,
          0.675869,
          -5.706199
        ],
        [
          -1.2649024938582443e-7,
          -0.999999,
          -3.0301268338917e-7,
          9.93268
        ]
      ],
      "boundingbox": [
        [
          0.215497,
          -5.149493,
          -0.446962
        ],
        [
          11.768392,
          3.413473,
          0.439106
        ]
      ]
    },
    {
      "name": "Bone004",
      "parent": "Bone001",
      "initpos": [
        8.892574,
        0.947887,
        7.401536
      ],
      "initquaternion": [
        -0.248708,
        0.661924,
        -0.661924,
        -0.248708
      ],
      "initscale": [
        1,
        0.999999,
        0.999999
      ],
      "offmtx": [
        [
          -0.658504,
          0,
          -0.752577,
          -2.566234
        ],
        [
          0.752577,
          1.2053800446665264e-7,
          -0.658504,
          7.589473
        ],
        [
          0,
          -0.999999,
          0,
          9.1651
        ]
      ],
      "boundingbox": [
        [
          -0.071733,
          -3.431362,
          -0.455971
        ],
        [
          8.933743,
          3.802361,
          0.430095
        ]
      ]
    },
    {
      "name": "Bone006",
      "parent": "Bone004",
      "initpos": [
        7.342064,
        1.570897,
        -0.76758
      ],
      "initquaternion": [
        0,
        0,
        -0.011657,
        0.999932
      ],
      "initscale": [
        0.999999,
        0.999999,
        1
      ],
      "offmtx": [
        [
          -0.675869,
          0,
          -0.73702,
          -10.045913
        ],
        [
          0.73702,
          1.208800028962287e-7,
          -0.675869,
          5.78595
        ],
        [
          0,
          -0.999999,
          0,
          9.93268
        ]
      ],
      "boundingbox": [
        [
          0.015748,
          -3.347344,
          -0.446962
        ],
        [
          11.568645,
          5.215624,
          0.439104
        ]
      ]
    },
    {
      "name": "Bone002",
      "parent": "Bone001",
      "initpos": [
        2.991967,
        3.718091,
        -5.07109
      ],
      "initquaternion": [
        0.705966,
        0.160418,
        -0.040141,
        0.688669
      ],
      "initscale": [
        0.999999,
        0.999999,
        0.999999
      ],
      "offmtx": [
        [
          0.277626,
          0.17121,
          0.945309,
          -0.772136
        ],
        [
          -0.959476,
          1.5646216411369096e-7,
          0.281787,
          5.664231
        ],
        [
          0.048244,
          -0.985234,
          0.164273,
          11.979999
        ]
      ],
      "boundingbox": [
        [
          0.031475,
          -2.980735,
          -0.458124
        ],
        [
          12.518389,
          2.629243,
          0.480931
        ]
      ]
    },
    {
      "name": "Bone003",
      "parent": "Bone001",
      "initpos": [
        2.991972,
        3.718088,
        4.928909
      ],
      "initquaternion": [
        0.688669,
        -0.040141,
        0.160417,
        0.705966
      ],
      "initscale": [
        0.999999,
        0.999999,
        0.999999
      ],
      "offmtx": [
        [
          -0.277626,
          0.17121,
          0.945309,
          -0.732664
        ],
        [
          -0.959476,
          2.384184938364342e-7,
          -0.281787,
          -5.527815
        ],
        [
          -0.048245,
          -0.985234,
          0.164272,
          11.986857
        ]
      ],
      "boundingbox": [
        [
          0.05108,
          -2.56149,
          -0.454717
        ],
        [
          12.537994,
          3.048489,
          0.484341
        ]
      ]
    },
    {
      "name": "Bone028",
      "parent": "Bone001",
      "initpos": [
        4.184509,
        4.79679,
        1.4597571862395853e-7
      ],
      "initquaternion": [
        0,
        0,
        0.132732,
        0.991151
      ],
      "initscale": [
        0.999999,
        0.999999,
        1
      ],
      "offmtx": [
        [
          -3.9660730521973164e-7,
          0.263116,
          0.964763,
          -1.840399
        ],
        [
          5.241627150098793e-7,
          0.964763,
          -0.263116,
          -12.98738
        ],
        [
          -1,
          4.013392356227996e-7,
          -5.205484967518714e-7,
          -0.000006
        ]
      ],
      "boundingbox": [
        [
          0.016874,
          -0.161243,
          -3.59627
        ],
        [
          3.562465,
          0.159474,
          3.492263
        ]
      ]
    },
    {
      "name": "Bone029",
      "parent": "Bone001",
      "initpos": [
        15.431371,
        -2.245159,
        -0.000007
      ],
      "initquaternion": [
        0,
        0,
        -0.166217,
        0.986089
      ],
      "initscale": [
        1,
        1,
        1
      ],
      "offmtx": [
        [
          -6.223556283657672e-7,
          -0.327809,
          0.944743,
          -7.116763
        ],
        [
          3.0455217370217724e-7,
          0.944743,
          0.327809,
          -8.790735
        ],
        [
          -0.999999,
          4.917382057101349e-7,
          -4.881316044702544e-7,
          -4.76837158203125e-7
        ]
      ],
      "boundingbox": [
        [
          -0.163955,
          -2.855506,
          -4.48234
        ],
        [
          5.522032,
          2.830479,
          4.37833
        ]
      ]
    },
    {
      "name": "Bone030",
      "parent": "Bone001",
      "initpos": [
        3.540107,
        3.712289,
        -3.72018
      ],
      "initquaternion": [
        0,
        2.387667734637944e-7,
        -0.004161,
        0.999991
      ],
      "initscale": [
        1,
        1,
        1
      ],
      "offmtx": [
        [
          0,
          -0.008323,
          0.999965,
          2.385262
        ],
        [
          3.9699293097328336e-7,
          0.999965,
          0.008323,
          -11.910064
        ],
        [
          -1,
          3.9737048496135685e-7,
          0,
          3.720175
        ]
      ],
      "boundingbox": [
        [
          0.024064,
          -0.499437,
          -4.306423
        ],
        [
          17.752166,
          0.534096,
          3.668178
        ]
      ]
    },
    {
      "name": "Bone031",
      "parent": "Bone001",
      "initpos": [
        3.540111,
        3.712286,
        3.779819
      ],
      "initquaternion": [
        0.999991,
        -0.004161,
        -2.3545089788967744e-7,
        -4.3410940975263657e-7
      ],
      "initscale": [
        1,
        1,
        1
      ],
      "offmtx": [
        [
          0,
          -0.008323,
          0.999964,
          2.385261
        ],
        [
          4.692586230703455e-7,
          -0.999965,
          -0.008323,
          11.910066
        ],
        [
          1,
          4.6885062943147204e-7,
          0,
          3.779813
        ]
      ],
      "boundingbox": [
        [
          0.024065,
          -0.534095,
          -4.142778
        ],
        [
          17.752151,
          0.499439,
          3.831822
        ]
      ]
    }
  ],
  "boundingbox": [
    [
      -19.345052,
      0.133665,
      -22.607347
    ],
    [
      19.420597,
      14.515319,
      15.682582
    ]
  ]
}
