{
  "skeleton": [
    {
      "name": "root",
      "parent": "root",
      "initpos": [
        0,
        0,
        0
      ],
      "initquaternion": [
        0.707106,
        0,
        0,
        0.707106
      ],
      "initscale": [
        1,
        0.999999,
        0.999999
      ],
      "offmtx": [
        [
          1,
          0,
          0,
          0
        ],
        [
          0,
          1,
          0,
          0
        ],
        [
          0,
          0,
          1,
          0
        ]
      ],
      "boundingbox": [
        [
          0,
          0,
          0
        ],
        [
          0,
          0,
          0
        ]
      ]
    },
    {
      "name": "Bone001",
      "parent": "root",
      "initpos": [
        0,
        0.250029,
        5.540536
      ],
      "initquaternion": [
        2.528810796320613e-7,
        0.707106,
        -2.5288105121035187e-7,
        0.707106
      ],
      "initscale": [
        1,
        1,
        1
      ],
      "offmtx": [
        [
          1.647833300921775e-7,
          0.999999,
          0,
          5.540536
        ],
        [
          4.2026948676721076e-7,
          0,
          0.999999,
          -0.250029
        ],
        [
          1,
          -1.6478331588132278e-7,
          -4.2026945834550133e-7,
          -8.079085205281444e-7
        ]
      ],
      "boundingbox": [
        [
          -0.032231,
          -0.653486,
          -0.487546
        ],
        [
          9.094324,
          0.673526,
          0.487544
        ]
      ]
    },
    {
      "name": "Bone002",
      "parent": "Bone001",
      "initpos": [
        7.716279,
        -1.416557,
        0.000001
      ],
      "initquaternion": [
        0,
        0,
        0,
        1
      ],
      "initscale": [
        1,
        1,
        1
      ],
      "offmtx": [
        [
          3.545378604030702e-7,
          0.999999,
          0,
          -2.175742
        ],
        [
          -2.3141325300457538e-7,
          0,
          0.999999,
          1.166528
        ],
        [
          1,
          -3.545378319813608e-7,
          2.3141323879372067e-7,
          0.000001
        ]
      ],
      "boundingbox": [
        [
          -0.074318,
          -1.203977,
          -1.214532
        ],
        [
          6.582101,
          1.132656,
          1.214528
        ]
      ]
    },
    {
      "name": "Bone003",
      "parent": "Bone002",
      "initpos": [
        6.46317,
        1.146513,
        0
      ],
      "initquaternion": [
        0,
        -1.686234014641741e-7,
        0.233445,
        0.972369
      ],
      "initscale": [
        1,
        1,
        1
      ],
      "offmtx": [
        [
          0,
          0.891006,
          0.45399,
          -7.688241
        ],
        [
          -2.188034500250069e-7,
          -0.45399,
          0.891006,
          3.939816
        ],
        [
          1,
          -1.6523271995083633e-7,
          1.6137853720010753e-7,
          0.000002
        ]
      ],
      "boundingbox": [
        [
          0.004524,
          -0.135731,
          -1.204428
        ],
        [
          3.040715,
          0.17342,
          1.206503
        ]
      ]
    },
    {
      "name": "Bone004",
      "parent": "Bone003",
      "initpos": [
        2.959172,
        -0.013958,
        0
      ],
      "initquaternion": [
        0,
        0,
        0.522498,
        0.85264
      ],
      "initscale": [
        0.999999,
        0.999999,
        1
      ],
      "offmtx": [
        [
          1.6137857983267168e-7,
          0,
          0.999999,
          -1.310986
        ],
        [
          -3.4007828730864276e-7,
          -0.999999,
          0,
          11.28189
        ],
        [
          1,
          -3.4007825888693333e-7,
          -1.6137856562181696e-7,
          0.000005
        ]
      ],
      "boundingbox": [
        [
          -0.013067,
          -0.144213,
          -1.194532
        ],
        [
          1.918389,
          0.150224,
          1.196606
        ]
      ]
    },
    {
      "name": "Bone005",
      "parent": "Bone004",
      "initpos": [
        1.896454,
        0,
        0
      ],
      "initquaternion": [
        0,
        0,
        0.438962,
        0.898505
      ],
      "initscale": [
        1,
        1,
        1
      ],
      "offmtx": [
        [
          -3.311757268420479e-7,
          -0.78882,
          0.614623,
          6.928018
        ],
        [
          -1.0887247725577254e-7,
          -0.614623,
          -0.78882,
          9.464211
        ],
        [
          1,
          -3.2815378858686017e-7,
          1.1766753971187427e-7,
          0.000004
        ]
      ],
      "boundingbox": [
        [
          -0.105997,
          -0.148935,
          -1.204428
        ],
        [
          2.814712,
          0.14564,
          1.206504
        ]
      ]
    },
    {
      "name": "Bone006",
      "parent": "Bone002",
      "initpos": [
        6.464914,
        -0.96899,
        9.536744300930877e-7
      ],
      "initquaternion": [
        2.3397028314775525e-7,
        0,
        -0.192268,
        0.981342
      ],
      "initscale": [
        0.999999,
        0.999999,
        1
      ],
      "offmtx": [
        [
          0,
          0.926066,
          -0.377361,
          -8.807682
        ],
        [
          2.0035039938193222e-7,
          0.377361,
          0.926066,
          -1.283021
        ],
        [
          1,
          0,
          -2.101694462908199e-7,
          -4.7095636546146125e-7
        ]
      ],
      "boundingbox": [
        [
          0.005149,
          -0.295345,
          -1.204429
        ],
        [
          3.92426,
          0.297475,
          1.206502
        ]
      ]
    },
    {
      "name": "Bone007",
      "parent": "Bone006",
      "initpos": [
        3.91321,
        -0.000004,
        2.4058408598648384e-7
      ],
      "initquaternion": [
        0,
        0,
        -0.557959,
        0.829867
      ],
      "initscale": [
        0.999999,
        0.999999,
        1
      ],
      "offmtx": [
        [
          1.730392256149571e-7,
          0,
          -1,
          -3.612216
        ],
        [
          0,
          1,
          0,
          -12.264553
        ],
        [
          1,
          0,
          1.7303915456068353e-7,
          6.726922379129974e-7
        ]
      ],
      "boundingbox": [
        [
          -0.252917,
          -0.207459,
          -1.189969
        ],
        [
          2.326316,
          0.171476,
          1.192041
        ]
      ]
    },
    {
      "name": "Bone008",
      "parent": "Bone007",
      "initpos": [
        2.323009,
        0,
        0
      ],
      "initquaternion": [
        0,
        0,
        -0.405141,
        0.914254
      ],
      "initscale": [
        1,
        1,
        1
      ],
      "offmtx": [
        [
          0,
          -0.740804,
          -0.67172,
          5.098819
        ],
        [
          0,
          0.67172,
          -0.740804,
          -12.635194
        ],
        [
          1,
          0,
          0,
          -2.7011643055629975e-7
        ]
      ],
      "boundingbox": [
        [
          -0.136891,
          -0.27023,
          -1.204429
        ],
        [
          6.700634,
          0.176187,
          1.206502
        ]
      ]
    },
    {
      "name": "Bone009",
      "parent": "Bone002",
      "initpos": [
        6.492116,
        -0.010332,
        -0.683207
      ],
      "initquaternion": [
        0.637558,
        0.305809,
        -0.305808,
        0.637558
      ],
      "initscale": [
        0.999999,
        0.999999,
        1
      ],
      "offmtx": [
        [
          -0.779884,
          0.625923,
          5.034992796026927e-7,
          -5.958237
        ],
        [
          0.625923,
          0.779884,
          -4.21524561033948e-7,
          -6.332292
        ],
        [
          -6.565134640368342e-7,
          0,
          -0.999999,
          -1.176859
        ]
      ],
      "boundingbox": [
        [
          0.007019,
          -0.212621,
          -1.197814
        ],
        [
          2.907448,
          0.231686,
          1.213117
        ]
      ]
    },
    {
      "name": "Bone010",
      "parent": "Bone009",
      "initpos": [
        2.876056,
        4.76837158203125e-7,
        0.000001
      ],
      "initquaternion": [
        -1.4325497943445953e-7,
        -2.705746453557367e-7,
        -0.467912,
        0.883774
      ],
      "initscale": [
        0.999999,
        0.999999,
        1
      ],
      "offmtx": [
        [
          -0.95606,
          -0.293168,
          0,
          0.271273
        ],
        [
          -0.293168,
          0.95606,
          1.7947733965684165e-7,
          -10.865961
        ],
        [
          0,
          1.659228558992254e-7,
          -0.999999,
          -1.176861
        ]
      ],
      "boundingbox": [
        [
          -0.043652,
          -0.174558,
          -1.187919
        ],
        [
          1.894908,
          0.170755,
          1.20322
        ]
      ]
    },
    {
      "name": "Bone011",
      "parent": "Bone010",
      "initpos": [
        1.880887,
        -0.000009,
        0
      ],
      "initquaternion": [
        0,
        0,
        -0.441345,
        0.897337
      ],
      "initscale": [
        1,
        1,
        1
      ],
      "offmtx": [
        [
          -0.351395,
          -0.936227,
          -1.3035641188707814e-7,
          7.624063
        ],
        [
          -0.936227,
          0.351395,
          1.2487251410675526e-7,
          -7.907805
        ],
        [
          0,
          1.659228558992254e-7,
          -0.999999,
          -1.176861
        ]
      ],
      "boundingbox": [
        [
          -0.035982,
          -0.144832,
          -1.197816
        ],
        [
          3.090198,
          0.094252,
          1.213114
        ]
      ]
    },
    {
      "name": "Bone012",
      "parent": "Bone002",
      "initpos": [
        6.434046,
        0.023887,
        0.880325
      ],
      "initquaternion": [
        0.671538,
        -0.22144,
        0.22144,
        0.671538
      ],
      "initscale": [
        1,
        1,
        1
      ],
      "offmtx": [
        [
          0.594822,
          0.803856,
          -3.9579543908985215e-7,
          -7.444675
        ],
        [
          0.803856,
          -0.594822,
          5.052541496297636e-7,
          4.413645
        ],
        [
          1.7072383684535453e-7,
          -6.186995165080589e-7,
          -0.999999,
          -1.142632
        ]
      ],
      "boundingbox": [
        [
          0.006533,
          -0.152746,
          -1.19349
        ],
        [
          2.901652,
          0.14703,
          1.217442
        ]
      ]
    },
    {
      "name": "Bone013",
      "parent": "Bone012",
      "initpos": [
        2.881588,
        -9.5367431640625e-7,
        -2.384185791015625e-7
      ],
      "initquaternion": [
        0,
        0,
        0.450098,
        0.892978
      ],
      "initscale": [
        0.999999,
        0.999999,
        1
      ],
      "offmtx": [
        [
          1,
          0,
          1.7072385105620924e-7,
          -2.594359
        ],
        [
          0,
          -0.999999,
          6.651448529737536e-7,
          10.926175
        ],
        [
          1.707239078996281e-7,
          -6.651448529737536e-7,
          -0.999999,
          -1.142632
        ]
      ],
      "boundingbox": [
        [
          -0.098012,
          -0.152749,
          -1.183594
        ],
        [
          1.833445,
          0.14169,
          1.207545
        ]
      ]
    },
    {
      "name": "Bone014",
      "parent": "Bone013",
      "initpos": [
        1.812218,
        -0.000024,
        -1.1920928955078125e-7
      ],
      "initquaternion": [
        0,
        0,
        0.45399,
        0.891006
      ],
      "initscale": [
        1,
        1,
        1
      ],
      "offmtx": [
        [
          0.587785,
          -0.809016,
          6.384623816302337e-7,
          6.249358
        ],
        [
          -0.809016,
          -0.587785,
          2.5284364824074146e-7,
          9.987252
        ],
        [
          1.7072402158646582e-7,
          -6.651447961303347e-7,
          -0.999999,
          -1.142631
        ]
      ],
      "boundingbox": [
        [
          -0.01552,
          -0.097935,
          -1.193488
        ],
        [
          3.111019,
          0.146913,
          1.217445
        ]
      ]
    },
    {
      "name": "Bone015",
      "parent": "Bone002",
      "initpos": [
        6.036664,
        -1.204806,
        1.171451
      ],
      "initquaternion": [
        2.2197247062649694e-7,
        0.707106,
        0.707106,
        2.2197249904820637e-7
      ],
      "initscale": [
        0.999999,
        1,
        0.999999
      ],
      "offmtx": [
        [
          3.46512024407275e-7,
          -0.999999,
          0,
          8.212407
        ],
        [
          1,
          3.465119959855656e-7,
          -1.0635295666361344e-7,
          -1.171453
        ],
        [
          1.063529637690408e-7,
          0,
          0.999999,
          2.371332
        ]
      ],
      "boundingbox": [
        [
          0.01035,
          -0.686273,
          -0.723991
        ],
        [
          1.415099,
          0.718475,
          0.680756
        ]
      ]
    },
    {
      "name": "Bone017",
      "parent": "Bone002",
      "initpos": [
        5.835658,
        1.389724,
        0.118233
      ],
      "initquaternion": [
        2.2197247062649694e-7,
        0.707106,
        0.707106,
        2.2197249904820637e-7
      ],
      "initscale": [
        0.999999,
        1,
        0.999999
      ],
      "offmtx": [
        [
          3.46512024407275e-7,
          -0.999999,
          0,
          8.0114
        ],
        [
          1,
          3.465119959855656e-7,
          -1.0635295666361344e-7,
          -0.118235
        ],
        [
          1.063529637690408e-7,
          0,
          0.999999,
          -0.223197
        ]
      ],
      "boundingbox": [
        [
          0.011065,
          -0.680993,
          -0.701878
        ],
        [
          1.415813,
          0.723755,
          0.702869
        ]
      ]
    },
    {
      "name": "Bone016",
      "parent": "Bone002",
      "initpos": [
        6.075872,
        -1.236077,
        -1.183828
      ],
      "initquaternion": [
        2.2197247062649694e-7,
        0.707106,
        0.707106,
        2.2197249904820637e-7
      ],
      "initscale": [
        0.999999,
        1,
        0.999999
      ],
      "offmtx": [
        [
          3.46512024407275e-7,
          -0.999999,
          0,
          8.251615
        ],
        [
          1,
          3.465119959855656e-7,
          -1.0635295666361344e-7,
          1.183826
        ],
        [
          1.063529637690408e-7,
          0,
          0.999999,
          2.402604
        ]
      ],
      "boundingbox": [
        [
          0.005952,
          -0.706832,
          -0.692719
        ],
        [
          1.410701,
          0.697915,
          0.712028
        ]
      ]
    }
  ],
  "boundingbox": [
    [
      -5.898043,
      -5.572768,
      -10.564187
    ],
    [
      6.313313,
      12.438962,
      5.0549
    ]
  ]
}
