{"skeleton":[{"name":"root","parent":"root","initpos":[0.0,0.0,-0.0],"initquaternion":[0.707106,0.0,0.0,0.707106],"initscale":[1.0,0.999999,0.999999],"offmtx":[[1.0,0.0,0.0,0.0],[0.0,1.0,0.0,0.0],[0.0,0.0,1.0,0.0]],"boundingbox":[[0.0,0.0,0.0],[0.0,0.0,0.0]]},{"name":"Bone001","parent":"root","initpos":[-0.362636,0.0,-0.0],"initquaternion":[0.002897,0.7071,0.002897,0.7071],"initscale":[1.0,0.999999,0.999999],"offmtx":[[0.0,0.999966,0.008195,0.0],[-2.387811832704756e-07,-0.008195,0.999966,0.0],[1.0,-0.0,2.3828178541407397e-07,0.362636]],"boundingbox":[[-0.059298,-5.032832,-4.782936],[7.474681,5.004977,5.217247]]},{"name":"Bone002","parent":"Bone001","initpos":[6.018834,-8e-06,-5.066394805908203e-07],"initquaternion":[2.3840647145334515e-07,-0.0,-0.010169,0.999948],"initscale":[1.0,1.0,1.0],"offmtx":[[0.0,0.999926,-0.012144,-6.017588],[2.3932548742777726e-07,0.012144,0.999926,-0.122406],[1.0,-0.0,-2.385209540989308e-07,0.362637]],"boundingbox":[[1.334095,-0.782683,-0.379863],[10.010375,0.818653,1.120609]]},{"name":"Bone003","parent":"Bone002","initpos":[7.983259,-9.313225746154785e-07,-9.834766387939453e-07],"initquaternion":[0.0,0.0,0.022524,0.999746],"initscale":[1.0,1.0,1.0],"offmtx":[[0.0,0.999458,0.032902,-13.992151],[2.3616422595296171e-07,-0.032902,0.999458,0.508288],[1.0,-0.0,-2.385208688338025e-07,0.362638]],"boundingbox":[[-0.378593,-11.540705,-6.19498],[12.180427,10.776394,6.92025]]},{"name":"Bone012","parent":"Bone003","initpos":[10.654619,11.424358,0.362632],"initquaternion":[-1.0470704125964403e-07,-0.0,0.97485,0.222857],"initscale":[0.999999,0.999999,1.0],"offmtx":[[-1.4024010397406528e-07,-0.914477,0.404636,17.455482],[-4.2036100467157667e-07,-0.404636,-0.914477,20.540945],[1.0,-2.9833975645487953e-07,-3.276644235938875e-07,1.1e-05]],"boundingbox":[[-0.676331,-3.401585,-2.00043],[7.031316,4.306061,1.999572]]},{"name":"Bone013","parent":"Bone012","initpos":[7.986791,0.0,1.414009602740407e-07],"initquaternion":[3.2509854008822003e-07,-0.0,-0.067485,0.99772],"initscale":[1.0,1.0,1.0],"offmtx":[[-0.0,-0.851658,0.524097,6.616331],[2.162654766380001e-07,-0.524097,-0.851658,21.628931],[1.0,0.0,2.2734657534329017e-07,-2e-06]],"boundingbox":[[-2.992024,-4.268611,-1.957533],[6.81033,2.366781,2.04247]]},{"name":"Bone011","parent":"Bone003","initpos":[1.746035,-8.418778,3.57637],"initquaternion":[0.106715,0.031474,0.953197,-0.281132],"initscale":[0.999999,0.999999,0.999999],"offmtx":[[0.221138,-0.801295,-0.555898,7.456802],[1.415610029198433e-07,0.57001,-0.821637,-16.038873],[0.975242,0.181695,0.126051,-4.986156]],"boundingbox":[[0.42905,-1.936032,-1.966714],[12.56442,2.569722,2.249132]]},{"name":"Bone010","parent":"Bone003","initpos":[2.496334,-9.148728,-3.087562],"initquaternion":[-0.094287,-0.05454,0.860463,-0.497732],"initscale":[0.999999,0.999999,0.999999],"offmtx":[[-0.216555,-0.458635,-0.861833,-0.893985],[-0.0,0.882781,-0.469783,-19.107736],[0.97627,-0.101734,-0.191171,3.335758]],"boundingbox":[[0.549897,-2.54718,-1.9677],[12.649969,1.83206,2.342353]]},{"name":"Bone014","parent":"Bone003","initpos":[2.833244,7.607633,-2.979135],"initquaternion":[-0.147865,0.06962,0.903225,0.396829],"initscale":[0.999999,0.999999,0.999999],"offmtx":[[-0.322365,-0.663886,0.674784,4.770265],[0.00841,-0.71482,-0.699257,17.230455],[0.946577,-0.219741,0.236017,5.001825]],"boundingbox":[[0.673621,-1.81177,-2.054632],[12.753936,2.281184,2.168777]]},{"name":"Bone015","parent":"Bone003","initpos":[3.078878,7.211528,3.974821],"initquaternion":[0.132201,-0.085378,0.829577,0.535756],"initscale":[0.999999,0.999999,0.999999],"offmtx":[[0.310827,-0.419268,0.852994,-0.255609],[-7.748605526103347e-07,-0.897448,-0.441118,18.317241],[0.950466,0.137111,-0.278952,-3.71683]],"boundingbox":[[0.422385,-1.501833,-2.20397],[12.609281,2.580893,2.361426]]},{"name":"Bone005","parent":"Bone003","initpos":[7.169963,-7.991258,0.362638],"initquaternion":[-0.0,0.0,-0.289737,0.957106],"initscale":[0.999999,0.999999,1.0],"offmtx":[[-0.0,0.849902,-0.526939,-22.32311],[0.0,0.526939,0.849902,-4.66439],[1.0,0.0,-1.1644336694871527e-07,-1e-06]],"boundingbox":[[-0.204467,-9.797068,-3.597587],[18.439161,5.383977,3.402414]]},{"name":"Bone006","parent":"Bone005","initpos":[15.209972,-4.76837158203125e-07,1e-06],"initquaternion":[0.0,-0.0,0.022699,0.999742],"initscale":[0.999999,0.999999,1.0],"offmtx":[[0.0,0.872943,-0.487821,-37.706104],[2.7259653734290623e-07,0.487821,0.872943,-2.956029],[1.0,-1.4842498785583302e-07,-2.2932944432341174e-07,1e-06]],"boundingbox":[[1.680356,-0.512117,-0.688389],[4.455246,0.902873,0.689421]]},{"name":"Bone007","parent":"Bone006","initpos":[2.51744,-9.5367431640625e-07,0.0],"initquaternion":[-1.365003470255033e-07,-0.0,-0.054055,0.998537],"initscale":[0.999999,0.999999,1.0],"offmtx":[[0.0,0.81518,-0.579207,-39.66938],[0.0,0.579207,0.81518,-7.281005],[1.0,-0.0,0.0,3.95134748032433e-07]],"boundingbox":[[1.80067,-0.118861,-0.499514],[4.881736,1.159621,0.500511]]},{"name":"Bone008","parent":"Bone005","initpos":[13.220283,-2.678555,1e-06],"initquaternion":[-0.0,-0.0,-0.700604,0.713549],"initscale":[1.0,1.0,1.0],"offmtx":[[0.0,-0.511292,-0.859406,1.334822],[-0.0,0.859406,-0.511292,-35.573783],[1.0,0.0,-0.0,-3e-06]],"boundingbox":[[1.352311,-3.44877,-2.597592],[7.140381,3.26788,2.40241]]},{"name":"bind","parent":"Bone003","initpos":[11.505594,-0.050242,0.362634],"initquaternion":[-0.706904,0.01691,-0.01691,0.706904],"initscale":[0.999999,1.0,0.999999],"offmtx":[[1.5155394805788092e-07,0.999888,-0.014924,-25.495296],[-1.0,1.5754307014503866e-07,4.0012065483097103e-07,-5e-06],[4.0242738919005205e-07,0.014924,0.999888,-0.661298]],"boundingbox":[[-0.482345,-6.557516,-1.534293],[-0.482345,-6.557516,-1.534293]]}],"boundingbox":[[-9.392539,-0.018407,-24.624706],[9.714104,41.129364,21.49607]]}