{"skeleton":[{"name":"root","parent":"root","initpos":[0.0,0.0,-0.0],"initquaternion":[0.707106,0.0,0.0,0.707106],"initscale":[1.0,0.999999,0.999999],"offmtx":[[1.0,0.0,0.0,0.0],[0.0,1.0,0.0,0.0],[0.0,0.0,1.0,0.0]],"boundingbox":[[0.0,0.0,0.0],[0.0,0.0,0.0]]},{"name":"Bone001","parent":"root","initpos":[0.0,0.948102,-3.854548],"initquaternion":[-0.326576,0.627174,-0.326576,0.627174],"initscale":[0.999999,0.999999,1.0],"offmtx":[[-1.3347781191441754e-07,0.573392,-0.81928,-1.433406],[-0.0,0.81928,0.573392,-3.701592],[1.0,1.3347779770356283e-07,-0.0,-4.877736614616879e-07]],"boundingbox":[[-0.999211,-2.330256,-2.272114],[5.029008,2.911932,2.27215]]},{"name":"Bone018","parent":"Bone001","initpos":[4.033462,-0.989936,2.502],"initquaternion":[0.70753,-0.706682,2.1902287983266433e-07,-0.0],"initscale":[0.999999,0.999999,0.999999],"offmtx":[[2.9951462465760414e-07,-0.818593,-0.574373,2.7051],[-1.9228036762797274e-07,-0.574373,0.818593,5.470116],[-1.0,-1.347397500239822e-07,-3.294327086678095e-07,2.502]],"boundingbox":[[-0.953741,-0.411841,-1.003902],[2.401938,0.429278,0.420901]]},{"name":"Bone017","parent":"Bone001","initpos":[4.033463,-0.989938,-2.501688],"initquaternion":[0.0,0.0,-0.706682,0.70753],"initscale":[0.999999,0.999999,1.0],"offmtx":[[0.0,-0.818593,-0.574373,2.7051],[-1.3356101646877505e-07,0.574373,-0.818593,-5.470115],[1.0,1.3347779770356283e-07,-0.0,2.501687]],"boundingbox":[[-0.953742,-0.429278,-1.004214],[2.401937,0.411842,0.420588]]},{"name":"Bone008","parent":"Bone001","initpos":[1.532375,-0.509269,2.506],"initquaternion":[-0.463042,0.886335,9e-06,-5e-06],"initscale":[1.0,1.0,1.0],"offmtx":[[1.578082304831696e-07,-0.999996,-0.002694,4.314335],[2.1e-05,-0.002694,0.999996,0.610929],[-1.0,-2.1687209539322794e-07,2.1e-05,2.506014]],"boundingbox":[[-0.006569,-0.845763,-0.977847],[4.186451,3.205764,0.843493]]},{"name":"Bone042","parent":"Bone008","initpos":[3.582756,1.689399,-0.046931],"initquaternion":[7e-06,-8e-06,0.710871,0.703321],"initscale":[0.999999,0.999999,1.0],"offmtx":[[-0.0,0.007982,0.999968,-1.086164],[5.735058152822603e-07,0.999968,-0.007982,-0.720024],[-1.0,5.733238594984869e-07,-0.0,2.552969]],"boundingbox":[[-0.016654,-0.611098,-0.149235],[2.084822,0.659063,0.263594]]},{"name":"Bone046","parent":"Bone042","initpos":[2.306929,0.0,-0.0],"initquaternion":[0.0,0.0,-0.000113,1.0],"initscale":[0.999999,0.999999,1.0],"offmtx":[[-0.0,0.007755,0.999969,-3.39293],[5.73501040435076e-07,0.999969,-0.007755,-0.720792],[-1.0,5.73323802655068e-07,-0.0,2.552969]],"boundingbox":[[0.014944,-0.629459,-0.149268],[2.116233,0.640326,0.263568]]},{"name":"Bone044","parent":"Bone046","initpos":[2.340632,1.1920928955078125e-07,-4.76837158203125e-07],"initquaternion":[-1.1822861267773987e-07,-0.0,-0.002686,0.999996],"initscale":[0.999999,0.999999,1.0],"offmtx":[[-0.0,0.002382,0.999997,-5.729608],[8.097522368188947e-07,0.999997,-0.002382,-0.751589],[-1.0,8.096155852399534e-07,-0.0,2.552969]],"boundingbox":[[0.114798,-0.636792,-0.149297],[0.955546,0.621987,0.263533]]},{"name":"Bone007","parent":"Bone001","initpos":[1.532376,-0.509269,-2.505703],"initquaternion":[-7e-06,1.4e-05,0.886335,-0.463043],"initscale":[0.999999,0.999999,1.0],"offmtx":[[0.0,-0.999996,-0.002694,4.314335],[3.3e-05,0.002694,-0.999996,-0.610901],[1.0,-0.0,3.3e-05,2.505723]],"boundingbox":[[-0.00657,-3.205776,-0.978117],[4.18645,0.845767,0.843223]]},{"name":"Bone034","parent":"Bone007","initpos":[3.582755,-1.689395,0.134895],"initquaternion":[-1.1e-05,-1.2e-05,-0.710799,0.703395],"initscale":[0.999999,0.999999,1.0],"offmtx":[[0.0,0.007775,0.999969,-1.086016],[5.642639280267758e-07,-0.999969,0.007775,0.720248],[1.0,5.636929927277379e-07,-0.0,2.370864]],"boundingbox":[[-0.016531,-0.659062,-0.33134],[2.084775,0.610756,0.081489]]},{"name":"Bone043","parent":"Bone034","initpos":[2.305548,4.172325134277344e-07,2.384185791015625e-07],"initquaternion":[0.0,0.0,0.0,1.0],"initscale":[1.0,1.0,1.0],"offmtx":[[1.5862920577092154e-07,0.007775,0.999969,-3.391564],[4.768411372424453e-07,-0.999969,0.007775,0.720249],[1.0,4.755931968247751e-07,-1.6233202870807872e-07,2.370864]],"boundingbox":[[0.016312,-0.640802,-0.331374],[2.117618,0.629015,0.081462]]},{"name":"Bone045","parent":"Bone043","initpos":[2.340449,-5.364418029785156e-07,2.384185791015625e-07],"initquaternion":[-0.0,-0.0,0.003719,0.999993],"initscale":[0.999999,0.999999,1.0],"offmtx":[[2.4959513211797457e-07,0.000335,0.999999,-5.726497],[3.882249757225509e-07,-0.999999,0.000335,0.762874],[1.0,3.8814107483631233e-07,-2.4972541723400354e-07,2.370864]],"boundingbox":[[0.117658,-0.622668,-0.331403],[0.955836,0.634399,0.081427]]},{"name":"Bone009","parent":"Bone001","initpos":[0.096906,0.663775,-0.0],"initquaternion":[-0.0,-0.0,0.95375,0.300598],"initscale":[1.0,1.0,1.0],"offmtx":[[1.918465954986459e-07,0.0,0.999999,-1.249312],[-0.0,-0.999999,0.0,4.453931],[1.0,-0.0,-1.9184660970950063e-07,4.438217331426131e-07]],"boundingbox":[[0.266424,-1.153137,-1.34075],[3.574456,2.498354,1.34075]]},{"name":"Bone010","parent":"Bone009","initpos":[2.511336,6.2e-05,2.195459671838762e-07],"initquaternion":[0.0,0.0,0.0,1.0],"initscale":[1.0,1.0,1.0],"offmtx":[[1.9481736046600417e-07,0.0,0.999999,-3.760649],[-0.0,-0.999999,0.0,4.453869],[1.0,-0.0,-1.948173746768589e-07,5.42693555871665e-07]],"boundingbox":[[-0.055189,0.210986,-1.261081],[2.046624,1.892416,1.261082]]},{"name":"Bone037","parent":"Bone010","initpos":[1.686929,0.008935,-9.5367431640625e-07],"initquaternion":[-0.0,-0.0,0.014594,0.999893],"initscale":[0.999999,0.999999,1.0],"offmtx":[[1.5958642052282812e-07,-0.029184,0.999574,-5.315535],[-2.2089045614848146e-07,-0.999574,-0.029184,4.602027],[1.0,-2.1613884371163294e-07,-1.6596507634858426e-07,2e-06]],"boundingbox":[[-0.839727,-0.622647,-0.840718],[2.012614,1.459671,0.840724]]},{"name":"Bone038","parent":"Bone037","initpos":[1.786528,-9e-06,-0.0],"initquaternion":[0.0,0.0,-0.014979,0.999887],"initscale":[0.999999,0.999999,1.0],"offmtx":[[1.6613175546353887e-07,0.000771,0.999999,-7.236734],[-2.1601080391064897e-07,-0.999999,0.000771,4.387223],[1.0,-2.1613882950077823e-07,-1.6596504792687483e-07,2e-06]],"boundingbox":[[-0.236623,-0.265004,-0.420359],[3.547603,1.406317,0.420362]]},{"name":"Bone003","parent":"Bone001","initpos":[5.465207,2.869219,9.536742595628311e-07],"initquaternion":[-0.0,0.0,-0.300598,0.95375],"initscale":[1.0,1.0,1.0],"offmtx":[[1.6786448497896345e-07,0.0,-0.999999,-1.884248],[-2.209005884878934e-07,0.999999,-0.0,-9.338953],[1.0,2.2090057427703869e-07,1.6786447076810873e-07,-1e-06]],"boundingbox":[[-0.876211,-1.949878,-2.732337],[8.001699,3.955873,2.732336]]},{"name":"Bone020","parent":"Bone003","initpos":[0.507531,1.879983,1.689],"initquaternion":[0.538332,0.842732,2.9243454946481506e-07,-0.0],"initscale":[1.0,0.999999,0.999999],"offmtx":[[3.423762393595098e-07,0.90734,0.420396,-9.1739],[0.0,0.420396,-0.90734,-6.886562],[-1.0,3.4873568210969097e-07,0.0,1.688995]],"boundingbox":[[-1.511647,-2.26504,-2.934948],[2.789915,-0.567752,-0.4128]]},{"name":"Bone039","parent":"Bone020","initpos":[2.026708,-1.697002,-3.548847],"initquaternion":[0.677471,0.313357,-0.510591,0.426773],"initscale":[0.999999,0.999999,0.999999],"offmtx":[[0.959288,0.251334,0.128829,-8.127193],[-0.258257,0.595973,0.76034,-6.00425],[0.114321,-0.762656,0.636619,8.815774]],"boundingbox":[[-0.223783,-0.219962,-0.142466],[0.675998,0.337838,0.068935]]},{"name":"Bone040","parent":"Bone020","initpos":[2.781332,-1.956093,-3.141138],"initquaternion":[0.721885,0.060343,-0.429012,0.539619],"initscale":[0.999999,0.999999,0.999999],"offmtx":[[0.684519,0.408717,0.60364,-8.920452],[-0.72731,0.326648,0.603589,-1.040735],[0.049519,-0.852203,0.520861,10.483783]],"boundingbox":[[-0.101072,-0.28886,-0.317122],[1.175677,0.410608,0.073019]]},{"name":"Bone041","parent":"Bone020","initpos":[3.223487,-2.105512,-2.165276],"initquaternion":[0.696281,-0.12326,-0.12326,0.69628],"initscale":[0.999999,1.0,0.999999],"offmtx":[[-1.8636700360730174e-07,0.707878,0.706333,-10.002654],[-1.0,-4.406898597153486e-07,1.7780286043489468e-07,3.854282],[4.3713691866287263e-07,-0.706333,0.707878,8.746452]],"boundingbox":[[-0.010073,-0.139107,-0.07149],[1.251135,0.491465,0.031725]]},{"name":"Bone019","parent":"Bone003","initpos":[0.507532,1.879984,-1.688795],"initquaternion":[-1.754109177909413e-07,-2.745971698914218e-07,0.842732,0.538332],"initscale":[1.0,1.0,1.0],"offmtx":[[-1.3446087621105107e-07,0.90734,0.420396,-9.173898],[-4.164315043908573e-07,-0.420396,0.90734,6.886562],[1.0,-0.0,4.343720263477735e-07,1.688798]],"boundingbox":[[-1.511646,0.567755,-2.935151],[2.789916,2.265042,-0.413003]]},{"name":"Bone032","parent":"Bone019","initpos":[2.781332,1.956094,-2.959235],"initquaternion":[-0.721885,0.060343,0.429012,0.539619],"initscale":[0.999999,0.999999,0.999999],"offmtx":[[-0.684519,0.408717,0.603641,-8.795797],[-0.72731,-0.326648,-0.603589,1.173182],[-0.049519,-0.852203,0.520861,10.492803]],"boundingbox":[[0.023581,-0.278161,-0.308103],[1.300332,0.421308,0.082038]]},{"name":"Bone031","parent":"Bone019","initpos":[3.223487,2.105514,-1.983374],"initquaternion":[-0.69628,-0.12326,0.12326,0.69628],"initscale":[1.0,1.0,1.0],"offmtx":[[2.075888403396675e-07,0.707878,0.706333,-10.002654],[-1.0,3.3728088055795524e-07,-0.0,-3.672176],[-2.6946628395307926e-07,-0.706333,0.707878,8.746455]],"boundingbox":[[-0.010075,-0.30936,-0.071489],[1.251134,0.321212,0.031725]]},{"name":"Bone033","parent":"Bone019","initpos":[2.026707,1.697004,-3.366947],"initquaternion":[0.677471,-0.313357,-0.510591,-0.426773],"initscale":[1.0,1.0,1.0],"offmtx":[[-0.959288,0.251334,0.128829,-7.952505],[-0.258257,-0.595973,-0.760341,6.051275],[-0.114321,-0.762657,0.636619,8.836595]],"boundingbox":[[-0.049093,-0.290809,-0.121649],[0.850687,0.266991,0.089754]]},{"name":"Bone029","parent":"Bone003","initpos":[3.363886,-1.109127,9.5367431640625e-07],"initquaternion":[0.0,0.0,0.0,1.0],"initscale":[1.0,1.0,1.0],"offmtx":[[1.6786448497896345e-07,0.0,-0.999999,-5.248135],[-2.209005884878934e-07,0.999999,-0.0,-8.229825],[1.0,2.2090057427703869e-07,1.6786447076810873e-07,-1e-06]],"boundingbox":[[-0.432814,-1.346029,-2.2281],[3.326428,0.420339,2.228098]]},{"name":"Bone030","parent":"Bone003","initpos":[-1.02556,4.784373,-0.001723],"initquaternion":[0.502098,0.497896,-0.502094,-0.497892],"initscale":[0.999999,0.999999,0.999999],"offmtx":[[-0.008403,0.999964,2.2383621001154097e-07,-14.122841],[-0.999964,-0.008403,-7e-06,0.11696],[-7e-06,-2.8400384621818375e-07,0.999999,0.858692]],"boundingbox":[[-0.0065,-1.487027,-0.093436],[2.939517,1.458928,0.071584]]},{"name":"Bone025","parent":"Bone001","initpos":[3.58257,1.17279,1.249001],"initquaternion":[0.695412,0.718611,3.112489821432973e-07,3.012009415215289e-07],"initscale":[0.999999,0.999999,1.0],"offmtx":[[-0.0,0.80003,0.599959,-4.707217],[6.669926619906619e-07,0.599959,-0.80003,-5.173176],[-1.0,3.4809661997314834e-07,-5.726641347791883e-07,1.248997]],"boundingbox":[[0.443451,-3.476819,-0.378709],[3.918565,-0.058712,0.462051]]},{"name":"Bone026","parent":"Bone025","initpos":[3.165407,1e-06,-0.0],"initquaternion":[-0.0,-0.0,0.146227,0.989251],"initscale":[0.999999,0.999999,1.0],"offmtx":[[1.3066460269328672e-07,0.939392,0.342844,-9.032609],[7.690256893511105e-07,0.342844,-0.939392,-2.67431],[-1.0,3.864013820020773e-07,-6.776191412427579e-07,1.248996]],"boundingbox":[[0.090609,-4.212743,-0.346205],[3.901058,0.600842,0.429579]]},{"name":"Bone027","parent":"Bone026","initpos":[2.522414,-2.384185791015625e-07,-9.5367431640625e-07],"initquaternion":[-3.0843909826216986e-07,-0.0,0.087829,0.996135],"initscale":[0.999999,0.999999,1.0],"offmtx":[[2.632127689139452e-07,0.98489,0.17318,-11.844706],[1e-06,0.17318,-0.98489,-0.611156],[-1.0,4.936470645588997e-07,-1e-06,1.248997]],"boundingbox":[[-0.138829,-6.418503,-0.311748],[5.135175,1.532482,0.39512]]},{"name":"Bone028","parent":"Bone027","initpos":[2.935049,1.109929,1e-06],"initquaternion":[4.581350481203117e-07,5.492750005942071e-07,-0.640519,0.767942],"initscale":[0.999999,0.999999,1.0],"offmtx":[[1.4615871180012618e-07,0.00639,0.999979,-0.959386],[5.018642923459993e-07,0.999979,-0.00639,-14.848662],[-1.0,5.027880547459063e-07,1.4294883499132993e-07,1.248995]],"boundingbox":[[-0.437912,-1.25037,-0.287724],[1.688376,1.09656,0.37107]]},{"name":"Bone021","parent":"Bone001","initpos":[3.58257,1.17279,-1.248951],"initquaternion":[0.0,-1.4470853670900397e-07,0.71861,0.695412],"initscale":[0.999999,0.999999,1.0],"offmtx":[[2.607540636745398e-07,0.80003,0.599958,-4.707219],[0.0,-0.599958,0.80003,5.173172],[1.0,-1.7965541587727785e-07,-1.9505367276906327e-07,1.248952]],"boundingbox":[[0.443451,0.058713,-0.378758],[3.918564,3.47682,0.462003]]},{"name":"Bone022","parent":"Bone021","initpos":[3.165406,-1e-06,-2.384185791015625e-07],"initquaternion":[-0.0,0.0,-0.146227,0.989251],"initscale":[0.999999,0.999999,1.0],"offmtx":[[2.356398738356802e-07,0.939392,0.342843,-9.032608],[-0.0,-0.342843,0.939392,2.674307],[1.0,-2.2874131389016839e-07,-0.0,1.248953]],"boundingbox":[[0.090609,-0.60084,-0.346255],[3.901057,4.212744,0.429532]]},{"name":"Bone023","parent":"Bone022","initpos":[2.522414,-2.384185791015625e-07,-2.384185791015625e-07],"initquaternion":[4.749943798287859e-07,-0.0,-0.087829,0.996135],"initscale":[0.999999,0.999999,1.0],"offmtx":[[2.3577258900786546e-07,0.98489,0.17318,-11.844703],[9.737043455970706e-07,-0.17318,0.98489,0.611155],[1.0,-0.0,-9.998228733820724e-07,1.248953]],"boundingbox":[[-0.138828,-1.532479,-0.3118],[5.135172,6.418505,0.39507]]},{"name":"Bone024","parent":"Bone023","initpos":[2.935047,-1.109928,9.5367431640625e-07],"initquaternion":[-3.7255890106280276e-07,3.101873744526529e-07,0.640519,0.767942],"initscale":[1.0,1.0,1.0],"offmtx":[[0.0,0.00639,0.999979,-0.959389],[-2.320389285159763e-07,-0.999979,0.00639,14.848662],[1.0,-2.3233154422541702e-07,-0.0,1.248953]],"boundingbox":[[-0.43791,-1.096561,-0.287776],[1.68838,1.250368,0.371017]]}],"boundingbox":[[-5.904927,0.130649,-9.88595],[5.904927,17.061195,10.781069]]}