{"skeleton":[{"name":"root","parent":"root","initpos":[0.0,0.0,-0.0],"initquaternion":[0.707106,0.0,0.0,0.707106],"initscale":[1.0,0.999999,0.999999],"offmtx":[[1.0,0.0,0.0,0.0],[0.0,1.0,0.0,0.0],[0.0,0.0,1.0,0.0]],"boundingbox":[[0.0,0.0,0.0],[0.0,0.0,0.0]]},{"name":"Bone001","parent":"root","initpos":[0.0,0.948102,-3.854548],"initquaternion":[-0.326576,0.627174,-0.326576,0.627174],"initscale":[0.999999,0.999999,1.0],"offmtx":[[-1.3347781191441754e-07,0.573392,-0.81928,-1.433406],[-0.0,0.81928,0.573392,-3.701592],[1.0,1.3347779770356283e-07,-0.0,-4.877737183051067e-07]],"boundingbox":[[-0.999212,-2.116046,-2.094699],[5.029008,2.074634,2.097301]]},{"name":"Bone018","parent":"Bone001","initpos":[4.033462,-0.989936,2.502],"initquaternion":[0.70753,-0.706682,2.1902287983266433e-07,-0.0],"initscale":[0.999999,0.999999,0.999999],"offmtx":[[2.995145962358947e-07,-0.818593,-0.574373,2.7051],[-1.9228035341711802e-07,-0.574373,0.818593,5.470116],[-1.0,-1.347397500239822e-07,-3.294327086678095e-07,2.502]],"boundingbox":[[-0.953742,-0.579398,-0.454618],[2.815066,0.653666,0.420901]]},{"name":"Bone017","parent":"Bone001","initpos":[4.033463,-0.989938,-2.501688],"initquaternion":[0.0,0.0,-0.706682,0.70753],"initscale":[0.999999,0.999999,1.0],"offmtx":[[0.0,-0.818593,-0.574373,2.7051],[-1.3356101646877505e-07,0.574373,-0.818593,-5.470115],[1.0,1.3347779770356283e-07,-0.0,2.501687]],"boundingbox":[[-0.953742,-0.653666,-0.454931],[2.815065,0.579398,0.420588]]},{"name":"Bone008","parent":"Bone001","initpos":[1.532375,-0.509269,2.505999],"initquaternion":[-0.463042,0.886335,9e-06,-5e-06],"initscale":[1.0,1.0,1.0],"offmtx":[[1.5780820206146018e-07,-0.999996,-0.002694,4.314335],[2.1e-05,-0.002694,0.999996,0.610929],[-1.0,-2.1687209539322794e-07,2.1e-05,2.506014]],"boundingbox":[[-0.421087,-0.845762,-0.412918],[4.186451,2.50134,0.424937]]},{"name":"Bone007","parent":"Bone001","initpos":[1.532377,-0.50927,-2.505703],"initquaternion":[-7e-06,1.4e-05,0.886335,-0.463043],"initscale":[0.999999,0.999999,1.0],"offmtx":[[0.0,-0.999996,-0.002694,4.314335],[3.3e-05,0.002694,-0.999996,-0.610901],[1.0,-0.0,3.3e-05,2.505723]],"boundingbox":[[-0.421088,-2.501341,-0.413224],[4.18645,0.845766,0.424659]]},{"name":"Bone009","parent":"Bone001","initpos":[0.096906,0.663775,-0.0],"initquaternion":[-0.0,-0.0,0.95375,0.300598],"initscale":[1.0,1.0,1.0],"offmtx":[[1.918465812877912e-07,0.0,0.999999,-1.249312],[-0.0,-0.999999,0.0,4.453931],[1.0,-0.0,-1.918465954986459e-07,4.4382170472090365e-07]],"boundingbox":[[0.440376,-1.029552,-1.34075],[3.323745,1.814579,1.340749]]},{"name":"Bone010","parent":"Bone009","initpos":[2.511336,6.2e-05,2.1954583928618376e-07],"initquaternion":[0.0,0.0,0.0,1.0],"initscale":[1.0,1.0,1.0],"offmtx":[[1.9481736046600417e-07,0.0,0.999999,-3.760649],[-0.0,-0.999999,0.0,4.453869],[1.0,-0.0,-1.948173746768589e-07,5.42693555871665e-07]],"boundingbox":[[0.364413,-0.874771,-1.317554],[6.164344,2.681164,1.317553]]},{"name":"Bone003","parent":"Bone001","initpos":[5.465207,2.869219,9.536742027194123e-07],"initquaternion":[-0.0,0.0,-0.300598,0.95375],"initscale":[1.0,1.0,1.0],"offmtx":[[1.6786448497896345e-07,0.0,-0.999999,-1.884248],[-2.209005884878934e-07,0.999999,-0.0,-9.338953],[1.0,2.2090057427703869e-07,1.6786447076810873e-07,-1e-06]],"boundingbox":[[-3.138791,-1.949853,-4.358461],[7.251699,4.127451,4.358462]]},{"name":"Bone020","parent":"Bone003","initpos":[0.507531,1.879981,1.689],"initquaternion":[0.538332,0.842732,2.924344926213962e-07,-0.0],"initscale":[1.0,0.999999,0.999999],"offmtx":[[3.423762393595098e-07,0.90734,0.420396,-9.1739],[0.0,0.420396,-0.90734,-6.886562],[-1.0,3.4873565368798154e-07,0.0,1.688995]],"boundingbox":[[-1.441248,-0.908878,-1.366923],[3.7317,3.120897,0.794997]]},{"name":"Bone019","parent":"Bone003","initpos":[0.507532,1.879984,-1.688795],"initquaternion":[-1.754109177909413e-07,-2.745971698914218e-07,0.842732,0.538332],"initscale":[1.0,1.0,1.0],"offmtx":[[-1.3446086200019636e-07,0.90734,0.420396,-9.173898],[-4.164315043908573e-07,-0.420396,0.90734,6.886562],[1.0,-0.0,4.343720263477735e-07,1.688798]],"boundingbox":[[-1.441247,-3.120896,-1.367127],[3.731701,0.90888,0.794792]]},{"name":"Bone029","parent":"Bone003","initpos":[3.363886,-1.109127,9.5367431640625e-07],"initquaternion":[0.0,0.0,0.0,1.0],"initscale":[1.0,1.0,1.0],"offmtx":[[1.6786448497896345e-07,0.0,-0.999999,-5.248135],[-2.209005884878934e-07,0.999999,-0.0,-8.229825],[1.0,2.2090057427703869e-07,1.6786447076810873e-07,-1e-06]],"boundingbox":[[-0.243404,-0.840726,-2.044475],[3.085326,0.840708,2.044472]]},{"name":"Bone025","parent":"Bone001","initpos":[3.58257,1.17279,1.249001],"initquaternion":[0.695412,0.718611,3.112489821432973e-07,3.012009415215289e-07],"initscale":[0.999999,0.999999,1.0],"offmtx":[[-0.0,0.80003,0.599959,-4.707217],[6.669926619906619e-07,0.599959,-0.80003,-5.173176],[-1.0,3.4809661997314834e-07,-5.726641347791883e-07,1.248997]],"boundingbox":[[0.443328,-2.173794,-0.3826],[3.832881,-0.058785,0.4351]]},{"name":"Bone026","parent":"Bone025","initpos":[3.165407,1e-06,-0.0],"initquaternion":[-0.0,-0.0,0.146227,0.989251],"initscale":[0.999999,0.999999,1.0],"offmtx":[[1.3066461690414144e-07,0.939392,0.342844,-9.032609],[7.690256325076916e-07,0.342844,-0.939392,-2.67431],[-1.0,3.864013820020773e-07,-6.776191412427579e-07,1.248996]],"boundingbox":[[0.052562,-2.357168,-0.4073],[2.128163,0.414476,0.4726]]},{"name":"Bone027","parent":"Bone026","initpos":[2.522414,-4.76837158203125e-07,-7.152557373046875e-07],"initquaternion":[-3.084389277319133e-07,-0.0,0.087829,0.996135],"initscale":[0.999999,0.999999,1.0],"offmtx":[[2.6321274049223575e-07,0.98489,0.17318,-11.844706],[1e-06,0.17318,-0.98489,-0.611156],[-1.0,4.936471214023186e-07,-1e-06,1.248997]],"boundingbox":[[-0.799788,-0.287573,-0.345672],[2.214619,1.565639,0.407578]]},{"name":"Bone028","parent":"Bone027","initpos":[2.935047,1.109929,8.344650268554688e-07],"initquaternion":[4.581350481203117e-07,5.492750005942071e-07,-0.640519,0.767942],"initscale":[0.999999,0.999999,1.0],"offmtx":[[1.4615898180636577e-07,0.00639,0.999979,-0.959386],[5.018643491894181e-07,0.999979,-0.00639,-14.848662],[-1.0,5.027880547459063e-07,1.429490765758601e-07,1.248995]],"boundingbox":[[3.058071,-1.931484,0.003902],[3.058072,-1.931484,0.003902]]},{"name":"Bone021","parent":"Bone001","initpos":[3.58257,1.17279,-1.248951],"initquaternion":[0.0,-1.4470853670900397e-07,0.71861,0.695412],"initscale":[0.999999,0.999999,1.0],"offmtx":[[2.607540636745398e-07,0.80003,0.599958,-4.707219],[0.0,-0.599958,0.80003,5.173172],[1.0,-1.7965541587727785e-07,-1.9505368697991798e-07,1.248952]],"boundingbox":[[0.443328,0.058787,-0.382648],[3.832881,2.173794,0.43505]]},{"name":"Bone022","parent":"Bone021","initpos":[3.165406,-1e-06,-2.384185791015625e-07],"initquaternion":[-0.0,0.0,-0.146227,0.989251],"initscale":[1.0,1.0,1.0],"offmtx":[[2.356398738356802e-07,0.939392,0.342843,-9.032608],[-0.0,-0.342843,0.939392,2.674307],[1.0,-2.2874131389016839e-07,-0.0,1.248953]],"boundingbox":[[0.052562,-0.414475,-0.407349],[2.128163,2.357169,0.472551]]},{"name":"Bone023","parent":"Bone022","initpos":[2.522414,-4.76837158203125e-07,-4.76837158203125e-07],"initquaternion":[4.749944082504953e-07,-0.0,-0.087829,0.996135],"initscale":[1.0,1.0,1.0],"offmtx":[[2.3577258900786546e-07,0.98489,0.17318,-11.844703],[9.737043455970706e-07,-0.17318,0.98489,0.611155],[1.0,-0.0,-9.998228733820724e-07,1.248953]],"boundingbox":[[-0.799789,-1.565636,-0.345723],[2.214618,0.287575,0.407526]]},{"name":"Bone024","parent":"Bone023","initpos":[2.935047,-1.109928,9.5367431640625e-07],"initquaternion":[-3.7255890106280276e-07,3.101874028743623e-07,0.640519,0.767942],"initscale":[1.0,1.0,1.0],"offmtx":[[0.0,0.00639,0.999979,-0.959389],[-2.320389285159763e-07,-0.999979,0.00639,14.848662],[1.0,-2.3233154422541702e-07,-0.0,1.248953]],"boundingbox":[[3.058074,1.931485,0.00385],[3.058075,1.931485,0.00385]]}],"boundingbox":[[-4.358461,0.130649,-9.13595],[4.358461,14.364656,9.924995]]}