{"skeleton":[{"name":"root","parent":"root","initpos":[0.0,0.0,-0.0],"initquaternion":[0.707106,0.0,0.0,0.707106],"initscale":[1.0,0.999999,0.999999],"offmtx":[[1.0,0.0,0.0,0.0],[0.0,1.0,0.0,0.0],[0.0,0.0,1.0,0.0]],"boundingbox":[[0.0,0.0,0.0],[0.0,0.0,0.0]]},{"name":"Bone001","parent":"root","initpos":[-0.0,2.845263,-3.854548],"initquaternion":[-0.326576,0.627174,-0.326576,0.627174],"initscale":[0.999999,0.999999,1.0],"offmtx":[[-1.3347781191441754e-07,0.573392,-0.81928,0.120901],[-0.0,0.81928,0.573392,-4.78941],[1.0,1.3347779770356283e-07,-0.0,-2.784654498100281e-07]],"boundingbox":[[-1.525044,-2.824572,-2.100869],[5.619502,3.926765,2.088491]]},{"name":"Bone018","parent":"Bone001","initpos":[3.644328,-0.71759,2.502],"initquaternion":[0.70753,-0.706682,2.1902287983266433e-07,-0.0],"initscale":[0.999999,0.999999,0.999999],"offmtx":[[2.995145678141853e-07,-0.818593,-0.574373,4.067592],[-2.558533651608741e-07,-0.574373,0.818593,3.528306],[-1.0,-0.0,-3.8147314285197353e-07,2.502]],"boundingbox":[[-1.255629,-1.236006,-0.714958],[2.991924,2.342021,0.778932]]},{"name":"Bone017","parent":"Bone001","initpos":[3.644327,-0.717593,-2.501688],"initquaternion":[0.0,0.0,-0.706682,0.70753],"initscale":[0.999999,0.999999,1.0],"offmtx":[[0.0,-0.818593,-0.574373,4.06759],[-1.3356101646877505e-07,0.574373,-0.818593,-3.528303],[1.0,1.3347779770356283e-07,-0.0,2.501688]],"boundingbox":[[-1.255632,-2.342019,-0.732871],[2.991921,1.236008,0.761018]]},{"name":"Bone008","parent":"Bone001","initpos":[-0.002436,-0.1167,2.505999],"initquaternion":[-0.463042,0.886335,9e-06,-5e-06],"initscale":[1.0,1.0,1.0],"offmtx":[[1.5780827311573375e-07,-0.999996,-0.002694,3.76502],[2.1e-05,-0.002694,0.999996,-2.770263],[-1.0,-2.1687208118237322e-07,2.1e-05,2.505939]],"boundingbox":[[-1.509847,-1.622476,-0.76626],[3.632768,1.818111,0.54605]]},{"name":"Bone007","parent":"Bone001","initpos":[-0.002436,-0.1167,-2.505703],"initquaternion":[-7e-06,1.4e-05,0.886335,-0.463043],"initscale":[0.999999,0.999999,1.0],"offmtx":[[0.0,-0.999996,-0.002695,3.76502],[3.3e-05,0.002695,-0.999996,2.77029],[1.0,-0.0,3.3e-05,2.505611]],"boundingbox":[[-1.509848,-1.818117,-0.784168],[3.632767,1.622481,0.528155]]},{"name":"Bone009","parent":"Bone001","initpos":[0.384972,2.582526,1.340348205758346e-07],"initquaternion":[-0.0,-0.0,0.95375,0.300598],"initscale":[1.0,1.0,1.0],"offmtx":[[1.9184653865522705e-07,0.0,0.999999,-4.010663],[-0.0,-0.999999,0.0,6.191102],[1.0,-0.0,-1.918465812877912e-07,1e-06]],"boundingbox":[[0.014442,-1.922029,-1.229914],[2.4168,1.090994,1.267438]]},{"name":"Bone010","parent":"Bone009","initpos":[2.412691,0.047646,2.3268249549346365e-07],"initquaternion":[0.0,0.0,0.0,1.0],"initscale":[1.0,1.0,1.0],"offmtx":[[1.9481730362258531e-07,0.0,0.999999,-6.423355],[-0.0,-0.999999,0.0,6.143455],[1.0,-0.0,-1.9481733204429474e-07,1e-06]],"boundingbox":[[-0.367716,-2.263592,-0.821969],[6.462053,2.083674,0.859493]]},{"name":"Bone003","parent":"Bone001","initpos":[5.80241,2.929579,1e-06],"initquaternion":[-0.0,0.0,-0.300598,0.95375],"initscale":[1.0,1.0,1.0],"offmtx":[[1.6786448497896345e-07,0.0,-0.999999,-0.228741],[-2.209005884878934e-07,0.999999,-0.0,-9.581754],[1.0,2.2090057427703869e-07,1.6786447076810873e-07,-2e-06]],"boundingbox":[[-1.536361,-2.353338,-3.795558],[8.097224,4.938544,3.795558]]},{"name":"Bone020","parent":"Bone003","initpos":[3.87825,2.244722,2.031042],"initquaternion":[0.538332,0.842732,2.9243454946481506e-07,-0.0],"initscale":[1.0,0.999999,0.999999],"offmtx":[[3.423762393595098e-07,0.90734,0.420396,-9.004076],[1.5416323151384859e-07,0.420396,-0.90734,-8.698251],[-1.0,3.754614965600922e-07,0.0,2.031036]],"boundingbox":[[-0.449211,-5.446856,-1.22394],[5.361263,0.569357,0.703619]]},{"name":"Bone019","parent":"Bone003","initpos":[3.878251,2.244725,-2.030836],"initquaternion":[-1.754109177909413e-07,-2.745971698914218e-07,0.842732,0.538332],"initscale":[1.0,1.0,1.0],"offmtx":[[-1.3446087621105107e-07,0.90734,0.420396,-9.004076],[-4.164315043908573e-07,-0.420396,0.90734,8.698251],[1.0,-0.0,4.343720263477735e-07,2.030839]],"boundingbox":[[-0.449213,-0.569357,-1.241745],[5.361261,5.446856,0.702308]]},{"name":"Bone029","parent":"Bone003","initpos":[4.338525,-1.400539,1e-06],"initquaternion":[0.0,0.0,0.0,1.0],"initscale":[1.0,1.0,1.0],"offmtx":[[1.6786449918981816e-07,0.0,-0.999999,-4.567267],[-2.2090060269874812e-07,0.999999,-0.0,-8.181215],[1.0,2.209005884878934e-07,1.6786448497896345e-07,-1e-06]],"boundingbox":[[-0.589503,-1.113355,-2.044315],[2.943596,0.451504,2.026714]]},{"name":"Bone025","parent":"Bone001","initpos":[3.26255,2.177808,1.441434],"initquaternion":[0.636233,0.727407,0.169244,-0.193496],"initscale":[1.0,1.0,1.0],"offmtx":[[0.496859,0.638423,0.587831,-6.34578],[5.513430210157821e-07,0.677356,-0.735654,-4.04121],[-0.86783,0.365517,0.33655,-1.972192]],"boundingbox":[[-0.111434,-2.884394,-1.815936],[11.128643,1.485388,2.250027]]},{"name":"Bone021","parent":"Bone001","initpos":[3.262549,2.17782,-1.441388],"initquaternion":[-0.193496,0.169243,0.727407,0.636233],"initscale":[0.999999,0.999999,0.999999],"offmtx":[[-0.496859,0.638423,0.587831,-6.345768],[0.0,-0.677356,0.735654,4.041208],[0.867831,0.365516,0.33655,-1.972234]],"boundingbox":[[-0.102676,-1.485387,-1.831257],[11.137399,2.902576,2.285646]]}],"boundingbox":[[-7.237117,0.125391,-8.325967],[7.219515,15.511672,12.88541]]}