{
  "skeleton": [
    {
      "name": "root",
      "parent": "root",
      "initpos": [
        0,
        0,
        0
      ],
      "initquaternion": [
        0.707106,
        0,
        0,
        0.707106
      ],
      "initscale": [
        1,
        0.999999,
        0.999999
      ],
      "offmtx": [
        [
          1,
          0,
          0,
          0
        ],
        [
          0,
          1,
          0,
          0
        ],
        [
          0,
          0,
          1,
          0
        ]
      ],
      "boundingbox": [
        [
          0,
          0,
          0
        ],
        [
          0,
          0,
          0
        ]
      ]
    },
    {
      "name": "Bone001",
      "parent": "root",
      "initpos": [
        0,
        11.289641,
        -6.921592
      ],
      "initquaternion": [
        0.502785,
        -0.497199,
        0.502785,
        -0.497198
      ],
      "initscale": [
        0.999999,
        0.999999,
        0.999999
      ],
      "offmtx": [
        [
          -1.6291052418182517e-7,
          -0.011172,
          -0.999937,
          11.366268
        ],
        [
          0,
          0.999937,
          -0.011172,
          -6.795027
        ],
        [
          1,
          0,
          -1.6340905517608917e-7,
          0.000001
        ]
      ],
      "boundingbox": [
        [
          -15.794644,
          -1.791524,
          -16.001003
        ],
        [
          33.414916,
          20.307809,
          16.000999
        ]
      ]
    },
    {
      "name": "Bone002",
      "parent": "Bone001",
      "initpos": [
        2.777746,
        13.428907,
        -11.34496
      ],
      "initquaternion": [
        0,
        0,
        0.711046,
        0.703145
      ],
      "initscale": [
        0.999999,
        0.999999,
        1
      ],
      "offmtx": [
        [
          3.501222920476721e-7,
          0.999999,
          0,
          -20.318622
        ],
        [
          1.6340905517608917e-7,
          0,
          0.999999,
          -8.362033
        ],
        [
          1,
          -3.5012226362596266e-7,
          -1.6340904096523445e-7,
          11.34497
        ]
      ],
      "boundingbox": [
        [
          -0.05928,
          -1.504179,
          -1.65586
        ],
        [
          3.940713,
          1.495912,
          1.344212
        ]
      ]
    },
    {
      "name": "Bone003",
      "parent": "Bone001",
      "initpos": [
        2.506699,
        13.500329,
        11.612139
      ],
      "initquaternion": [
        -0.500937,
        -0.499061,
        0.506481,
        0.493432
      ],
      "initscale": [
        0.999999,
        0.999999,
        0.999999
      ],
      "offmtx": [
        [
          -0.014924,
          0.999888,
          0,
          -20.217498
        ],
        [
          -0.999888,
          -0.014924,
          -0.000002,
          11.915223
        ],
        [
          -0.000002,
          0,
          1,
          -8.632237
        ]
      ],
      "boundingbox": [
        [
          -0.154435,
          -1.446219,
          -1.774411
        ],
        [
          3.889884,
          1.613207,
          1.225688
        ]
      ]
    },
    {
      "name": "Bone004",
      "parent": "Bone001",
      "initpos": [
        6.175124,
        8.986513,
        9.5367431640625e-7
      ],
      "initquaternion": [
        0.695261,
        0.718756,
        1.3994709036069253e-7,
        1.3537244569761242e-7
      ],
      "initscale": [
        0.999999,
        0.999999,
        0.999999
      ],
      "offmtx": [
        [
          0,
          0.999756,
          0.022053,
          -15.945289
        ],
        [
          1.615081544059649e-7,
          0.022053,
          -0.999756,
          4.66398
        ],
        [
          -1,
          0,
          -1.6235307498391194e-7,
          9.310961104347371e-7
        ]
      ],
      "boundingbox": [
        [
          0.369783,
          -4.769984,
          -4.438547
        ],
        [
          8.171776,
          4.271504,
          4.43724
        ]
      ]
    },
    {
      "name": "Bind",
      "parent": "Bone004",
      "initpos": [
        8.725685,
        -0.039825,
        0.015496
      ],
      "initquaternion": [
        0.70707,
        0.007802,
        0.007802,
        0.707057
      ],
      "initscale": [
        1,
        0.999999,
        0.999999
      ],
      "offmtx": [
        [
          0,
          1,
          -0.000014,
          -24.561168
        ],
        [
          -1,
          0,
          0.00023,
          -0.016709
        ],
        [
          0.00023,
          0.000014,
          0.999999,
          -5.247097
        ]
      ],
      "boundingbox": [
        [
          -0.654549,
          -4.45301,
          4.54984
        ],
        [
          -0.654549,
          -4.45301,
          4.54984
        ]
      ]
    },
    {
      "name": "Bone005",
      "parent": "Bone001",
      "initpos": [
        32.882392,
        14.832845,
        0.000003
      ],
      "initquaternion": [
        0,
        0,
        0.16128,
        0.986908
      ],
      "initscale": [
        0.999999,
        0.999999,
        1
      ],
      "offmtx": [
        [
          -1.6892994381123572e-7,
          0.307726,
          -0.951474,
          -27.281757
        ],
        [
          0,
          0.951474,
          0.307726,
          -13.65335
        ],
        [
          1,
          0,
          -1.6340906938694388e-7,
          -0.000002
        ]
      ],
      "boundingbox": [
        [
          -1.16365,
          -2.480323,
          -1.948589
        ],
        [
          19.015266,
          5.429398,
          1.948149
        ]
      ]
    },
    {
      "name": "Bone013",
      "parent": "Bone001",
      "initpos": [
        23.281097,
        2.069576,
        -11.023871
      ],
      "initquaternion": [
        0.65549,
        -0.265201,
        -0.652486,
        0.272509
      ],
      "initscale": [
        0.999999,
        0.999999,
        0.999999
      ],
      "offmtx": [
        [
          -0.710857,
          -0.703335,
          1.8521674860494386e-7,
          -1.695627
        ],
        [
          0.703336,
          -0.710857,
          -0.000001,
          13.959926
        ],
        [
          8.429217928096477e-7,
          -5.885958671569824e-7,
          1,
          12.013139
        ]
      ],
      "boundingbox": [
        [
          -1.099141,
          -1.656127,
          -2.12941
        ],
        [
          11.905976,
          0.413217,
          2.870711
        ]
      ]
    },
    {
      "name": "Bone014",
      "parent": "Bone001",
      "initpos": [
        16.860551,
        3.651729,
        -9.414779
      ],
      "initquaternion": [
        0.612505,
        -0.353323,
        -0.608519,
        0.360144
      ],
      "initscale": [
        1,
        1,
        0.999999
      ],
      "offmtx": [
        [
          -0.490946,
          -0.871189,
          0,
          4.424901
        ],
        [
          0.871189,
          -0.490946,
          0,
          13.300404
        ],
        [
          0,
          0,
          0.999999,
          5.610655
        ]
      ],
      "boundingbox": [
        [
          0.386376,
          -1.490554,
          -1.531855
        ],
        [
          9.406734,
          0.551026,
          2.468263
        ]
      ]
    },
    {
      "name": "Bone015",
      "parent": "Bone001",
      "initpos": [
        23.281093,
        2.069574,
        11.038581
      ],
      "initquaternion": [
        0.272509,
        -0.652486,
        -0.265202,
        0.65549
      ],
      "initscale": [
        0.999999,
        0.999999,
        1
      ],
      "offmtx": [
        [
          0.710857,
          -0.703335,
          2.88113284341307e-7,
          -1.706079
        ],
        [
          0.703335,
          0.710857,
          4.206639232506859e-7,
          -13.970272
        ],
        [
          -5.006756964576198e-7,
          0,
          0.999999,
          12.01313
        ]
      ],
      "boundingbox": [
        [
          -1.109592,
          -0.423558,
          -2.129412
        ],
        [
          11.895524,
          1.645786,
          2.870709
        ]
      ]
    },
    {
      "name": "Bone016",
      "parent": "Bone001",
      "initpos": [
        16.860549,
        3.651727,
        9.524772
      ],
      "initquaternion": [
        0.360144,
        -0.608519,
        -0.353323,
        0.612504
      ],
      "initscale": [
        0.999999,
        0.999999,
        0.999999
      ],
      "offmtx": [
        [
          0.490946,
          -0.871189,
          0,
          4.370904
        ],
        [
          0.871189,
          0.490946,
          0,
          -13.396224
        ],
        [
          0,
          0,
          0.999999,
          5.610655
        ]
      ],
      "boundingbox": [
        [
          0.332378,
          -0.646847,
          -1.531856
        ],
        [
          9.352737,
          1.394735,
          2.468263
        ]
      ]
    },
    {
      "name": "Bone017",
      "parent": "Bone001",
      "initpos": [
        -14.190898,
        13.137878,
        12.568799
      ],
      "initquaternion": [
        -0.502785,
        0.497199,
        -0.497199,
        0.502785
      ],
      "initscale": [
        1,
        0.999999,
        0.999999
      ],
      "offmtx": [
        [
          4.2507420516813e-7,
          -0.999999,
          0,
          20.217191
        ],
        [
          -1,
          -4.2507417674642056e-7,
          1.753338807475302e-7,
          12.568803
        ],
        [
          -1.7533389495838492e-7,
          0,
          -0.999999,
          25.332872
        ]
      ],
      "boundingbox": [
        [
          -1.042194,
          -0.932332,
          -4.024845
        ],
        [
          11.957837,
          1.067798,
          3.975294
        ]
      ]
    },
    {
      "name": "Bone018",
      "parent": "Bone001",
      "initpos": [
        -9.675859,
        16.339717,
        -0.000001
      ],
      "initquaternion": [
        0.700493,
        0.713659,
        1.389545900565281e-7,
        1.3639103713103395e-7
      ],
      "initscale": [
        0.999999,
        0.999999,
        0.999999
      ],
      "offmtx": [
        [
          0,
          0.999972,
          0.007447,
          -23.522512
        ],
        [
          1.6211107833896676e-7,
          0.007447,
          -0.999972,
          20.60774
        ],
        [
          -1,
          0,
          -1.6242300659996545e-7,
          0.000003
        ]
      ],
      "boundingbox": [
        [
          -0.229566,
          -2.857778,
          -15.000595
        ],
        [
          35.898189,
          3.168657,
          15.000488
        ]
      ]
    },
    {
      "name": "Bone028",
      "parent": "Bone018",
      "initpos": [
        26.085779,
        1.974172,
        0
      ],
      "initquaternion": [
        -0.009405,
        0.999955,
        -0.00001,
        0
      ],
      "initscale": [
        0.999999,
        0.999999,
        1
      ],
      "offmtx": [
        [
          -2.389115820733423e-7,
          -0.999935,
          0.011363,
          49.249015
        ],
        [
          0.000021,
          -0.011363,
          -0.999935,
          19.5634
        ],
        [
          1,
          0,
          0.000021,
          -0.000398
        ]
      ],
      "boundingbox": [
        [
          0.206256,
          -0.827121,
          -6.000233
        ],
        [
          6.218258,
          0.362743,
          6.00035
        ]
      ]
    },
    {
      "name": "Bone035",
      "parent": "Bone018",
      "initpos": [
        17.525217,
        1.651857,
        0
      ],
      "initquaternion": [
        -0.006441,
        0.999979,
        -0.000005,
        0
      ],
      "initscale": [
        1,
        1,
        1
      ],
      "offmtx": [
        [
          -1.192764500501653e-7,
          -0.999985,
          0.005435,
          40.800132
        ],
        [
          0.000011,
          -0.005435,
          -0.999985,
          19.483085
        ],
        [
          1,
          0,
          0.000011,
          -0.000208
        ]
      ],
      "boundingbox": [
        [
          -0.356437,
          -0.556182,
          -12.999512
        ],
        [
          14.649514,
          0.714721,
          12.999606
        ]
      ]
    },
    {
      "name": "Bone006",
      "parent": "Bone001",
      "initpos": [
        35.207168,
        4.192036,
        0.071394
      ],
      "initquaternion": [
        -0.500585,
        -0.499415,
        0.506132,
        0.493789
      ],
      "initscale": [
        0.999999,
        0.999999,
        1
      ],
      "offmtx": [
        [
          -0.013512,
          0.999908,
          -2.4610196192043077e-7,
          -10.718077
        ],
        [
          -0.999908,
          -0.013512,
          -0.000002,
          0.216182
        ],
        [
          -0.000002,
          2.1443693754008564e-7,
          0.999999,
          23.962162
        ]
      ],
      "boundingbox": [
        [
          -4.479462,
          -2.044023,
          -2.180051
        ],
        [
          8.566667,
          2.077238,
          1.819992
        ]
      ]
    },
    {
      "name": "Bone009",
      "parent": "Bone006",
      "initpos": [
        4.166596,
        -2.635286,
        0.261528
      ],
      "initquaternion": [
        -0.125907,
        0.666189,
        0.696103,
        0.236172
      ],
      "initscale": [
        0.999999,
        0.999999,
        0.999999
      ],
      "offmtx": [
        [
          -0.149453,
          -0.858837,
          -0.489961,
          1.599117
        ],
        [
          0.007534,
          -0.496501,
          0.868003,
          27.960973
        ],
        [
          -0.988739,
          0.126034,
          0.080674,
          2.651671
        ]
      ],
      "boundingbox": [
        [
          -0.078402,
          -0.529781,
          -0.687089
        ],
        [
          4.451951,
          0.707683,
          0.596644
        ]
      ]
    },
    {
      "name": "Bone012",
      "parent": "Bone009",
      "initpos": [
        5.400103,
        0.139139,
        1.865117
      ],
      "initquaternion": [
        -0.259272,
        0.962885,
        0.023132,
        -0.071378
      ],
      "initscale": [
        0.999999,
        0.999999,
        0.999999
      ],
      "offmtx": [
        [
          0,
          0.999975,
          -0.007042,
          -10.633387
        ],
        [
          0,
          0.007042,
          0.999975,
          26.000997
        ],
        [
          1,
          0,
          0,
          -1.2938441784626775e-7
        ]
      ],
      "boundingbox": [
        [
          -0.118252,
          0.159826,
          -1.499828
        ],
        [
          3.131812,
          0.202411,
          1.500118
        ]
      ]
    },
    {
      "name": "Bone008",
      "parent": "Bone006",
      "initpos": [
        4.238552,
        2.689298,
        0.261537
      ],
      "initquaternion": [
        -0.134898,
        -0.664429,
        0.69923,
        -0.226744
      ],
      "initscale": [
        1,
        1,
        1
      ],
      "offmtx": [
        [
          0.149452,
          -0.858837,
          -0.489961,
          1.602824
        ],
        [
          0.007534,
          0.496501,
          -0.868003,
          -27.960794
        ],
        [
          0.98874,
          0.126033,
          0.080674,
          2.676202
        ]
      ],
      "boundingbox": [
        [
          -0.074665,
          -0.707496,
          -0.662341
        ],
        [
          4.45569,
          0.529966,
          0.621393
        ]
      ]
    },
    {
      "name": "Bone020",
      "parent": "Bone001",
      "initpos": [
        20.777393,
        17.421003,
        -0.027938
      ],
      "initquaternion": [
        0.615919,
        0.347337,
        -0.615919,
        0.347337
      ],
      "initscale": [
        1,
        1,
        1
      ],
      "offmtx": [
        [
          -1,
          1.5099578831723193e-7,
          -3.0199157663446385e-7,
          -0.027949
        ],
        [
          1.7709304245272506e-7,
          -0.526953,
          -0.849893,
          4.476623
        ],
        [
          -2.8746606517415785e-7,
          -0.849893,
          0.526953,
          25.591901
        ]
      ],
      "boundingbox": [
        [
          -5.527839,
          -0.578967,
          -5.774807
        ],
        [
          5.471957,
          0.76581,
          5.250778
        ]
      ]
    },
    {
      "name": "Bone038",
      "parent": "Bone001",
      "initpos": [
        31.046154,
        13.574205,
        -2.230681
      ],
      "initquaternion": [
        0.55907,
        -0.432944,
        -0.554197,
        0.439163
      ],
      "initscale": [
        0.999999,
        0.999999,
        0.999999
      ],
      "offmtx": [
        [
          -0.239404,
          -0.970919,
          1.2665984172599565e-7,
          19.028141
        ],
        [
          0.970919,
          -0.239404,
          2.0211260221003613e-7,
          6.989369
        ],
        [
          -1.6591216933647956e-7,
          1.7136326846411976e-7,
          0.999999,
          19.906227
        ]
      ],
      "boundingbox": [
        [
          -0.035918,
          -0.873765,
          -0.703962
        ],
        [
          4.978283,
          0.674424,
          0.796194
        ]
      ]
    },
    {
      "name": "Bone039",
      "parent": "Bone038",
      "initpos": [
        4.877518,
        0,
        -0.000001
      ],
      "initquaternion": [
        -2.8673554197666817e-7,
        0,
        -0.04382,
        0.999039
      ],
      "initscale": [
        0.999999,
        0.999999,
        1
      ],
      "offmtx": [
        [
          -0.323496,
          -0.946229,
          0,
          13.4843
        ],
        [
          0.946229,
          -0.323496,
          -3.112726858489623e-7,
          8.20151
        ],
        [
          3.2406168770648947e-7,
          0,
          0.999999,
          19.906232
        ]
      ],
      "boundingbox": [
        [
          -0.422091,
          -0.775542,
          -0.703903
        ],
        [
          4.516094,
          0.744854,
          0.796255
        ]
      ]
    },
    {
      "name": "Bone040",
      "parent": "Bone039",
      "initpos": [
        4.010689,
        0,
        0
      ],
      "initquaternion": [
        0,
        0,
        -0.159237,
        0.98724
      ],
      "initscale": [
        0.999999,
        0.999999,
        1
      ],
      "offmtx": [
        [
          -0.604596,
          -0.796532,
          1.387910941730297e-7,
          6.414529
        ],
        [
          0.796532,
          -0.604596,
          -2.267229035624041e-7,
          10.764196
        ],
        [
          2.6450464929439477e-7,
          0,
          0.999999,
          19.906234
        ]
      ],
      "boundingbox": [
        [
          -0.296469,
          -0.766395,
          -0.642293
        ],
        [
          3.320105,
          0.901626,
          0.965442
        ]
      ]
    },
    {
      "name": "Bone041",
      "parent": "Bone040",
      "initpos": [
        3.379906,
        0,
        0
      ],
      "initquaternion": [
        -0.074004,
        -0.096979,
        -0.602109,
        0.789039
      ],
      "initscale": [
        0.999999,
        0.999999,
        0.999999
      ],
      "offmtx": [
        [
          -0.90026,
          0.361786,
          0.242159,
          -4.475655
        ],
        [
          -0.372885,
          -0.927877,
          0,
          5.768471
        ],
        [
          0.224694,
          -0.090297,
          0.970236,
          21.633958
        ]
      ],
      "boundingbox": [
        [
          -0.441215,
          -1.175617,
          -1.138475
        ],
        [
          4.493272,
          0.925874,
          0.860752
        ]
      ]
    },
    {
      "name": "Bone042",
      "parent": "Bone001",
      "initpos": [
        30.250698,
        3.695023,
        -10.106675
      ],
      "initquaternion": [
        -0.305033,
        -0.527914,
        0.694665,
        0.381706
      ],
      "initscale": [
        1,
        0.999999,
        0.999999
      ],
      "offmtx": [
        [
          -0.020775,
          0.858164,
          0.512953,
          0.715805
        ],
        [
          -0.966314,
          -0.148876,
          0.20993,
          -4.247248
        ],
        [
          0.256521,
          -0.491313,
          0.83235,
          23.457534
        ]
      ],
      "boundingbox": [
        [
          -0.476577,
          -0.732991,
          -1.399169
        ],
        [
          6.074203,
          1.297282,
          0.688456
        ]
      ]
    },
    {
      "name": "Bone043",
      "parent": "Bone001",
      "initpos": [
        31.046154,
        13.574205,
        2.372106
      ],
      "initquaternion": [
        0.439163,
        -0.554198,
        -0.432944,
        0.55907
      ],
      "initscale": [
        0.999999,
        0.999999,
        0.999999
      ],
      "offmtx": [
        [
          0.239405,
          -0.970919,
          0,
          18.994285
        ],
        [
          0.970919,
          0.239405,
          -4.785835017173667e-7,
          -7.126682
        ],
        [
          4.4147796529614425e-7,
          2.086161714487389e-7,
          0.999999,
          19.906219
        ]
      ],
      "boundingbox": [
        [
          -0.069774,
          -0.811727,
          -0.703966
        ],
        [
          4.944428,
          0.736464,
          0.796192
        ]
      ]
    },
    {
      "name": "Bone044",
      "parent": "Bone043",
      "initpos": [
        4.877518,
        0,
        0
      ],
      "initquaternion": [
        2.381895427561176e-7,
        0,
        0.04382,
        0.999039
      ],
      "initscale": [
        0.999999,
        0.999999,
        1
      ],
      "offmtx": [
        [
          0.323497,
          -0.946229,
          0,
          13.438554
        ],
        [
          0.946229,
          0.323497,
          0,
          -8.335334
        ],
        [
          0,
          0,
          0.999999,
          19.906223
        ]
      ],
      "boundingbox": [
        [
          -0.467836,
          -0.878665,
          -0.703908
        ],
        [
          4.470349,
          0.64173,
          0.796249
        ]
      ]
    },
    {
      "name": "Bone045",
      "parent": "Bone044",
      "initpos": [
        4.01069,
        0,
        0
      ],
      "initquaternion": [
        0,
        0,
        0.159237,
        0.98724
      ],
      "initscale": [
        0.999999,
        0.999999,
        1
      ],
      "offmtx": [
        [
          0.604596,
          -0.796531,
          0,
          6.329023
        ],
        [
          0.796531,
          0.604596,
          -1.0760946622667689e-7,
          -10.876845
        ],
        [
          0,
          1.41166324851838e-7,
          0.999999,
          19.906221
        ]
      ],
      "boundingbox": [
        [
          -0.381964,
          -1.01427,
          -0.642297
        ],
        [
          3.234606,
          0.65375,
          0.965438
        ]
      ]
    },
    {
      "name": "Bone046",
      "parent": "Bone045",
      "initpos": [
        3.379903,
        9.5367431640625e-7,
        0
      ],
      "initquaternion": [
        0.067156,
        -0.088005,
        0.602911,
        0.79009
      ],
      "initscale": [
        0.999999,
        0.999999,
        0.999999
      ],
      "offmtx": [
        [
          0.905135,
          0.363746,
          0.220044,
          -5.094237
        ],
        [
          -0.372885,
          0.927877,
          -1.5646216411369096e-7,
          -5.715744
        ],
        [
          -0.204173,
          -0.082051,
          0.975489,
          21.555507
        ]
      ],
      "boundingbox": [
        [
          -0.578228,
          -0.873146,
          -1.045738
        ],
        [
          4.36779,
          1.228346,
          0.883045
        ]
      ]
    },
    {
      "name": "Bone047",
      "parent": "Bone001",
      "initpos": [
        30.333326,
        3.703279,
        10.266333
      ],
      "initquaternion": [
        0.385449,
        0.685892,
        -0.526097,
        -0.322801
      ],
      "initscale": [
        0.999999,
        1,
        0.999999
      ],
      "offmtx": [
        [
          0.037246,
          0.873874,
          0.484723,
          -0.120779
        ],
        [
          -0.97054,
          0.147177,
          -0.190759,
          4.809771
        ],
        [
          -0.238039,
          -0.463338,
          0.853612,
          23.499204
        ]
      ],
      "boundingbox": [
        [
          -0.41587,
          -1.149096,
          -1.201698
        ],
        [
          6.132848,
          0.862297,
          1.011504
        ]
      ]
    },
    {
      "name": "Bone021",
      "parent": "root",
      "initpos": [
        -8.840148,
        -12.969417,
        -23.908079
      ],
      "initquaternion": [
        -0.7071,
        0.003051,
        0.7071,
        -0.003051
      ],
      "initscale": [
        0.999999,
        0.999999,
        1
      ],
      "offmtx": [
        [
          0,
          0.999962,
          -0.008631,
          -24.01913
        ],
        [
          -1.5099298877885303e-7,
          -0.008631,
          -0.999962,
          -12.762578
        ],
        [
          -1,
          0,
          1.5099297456799832e-7,
          -8.840147
        ]
      ],
      "boundingbox": [
        [
          -1.155829,
          -0.86047,
          -1.342675
        ],
        [
          3.832968,
          1.182401,
          1.225279
        ]
      ]
    },
    {
      "name": "Bone048",
      "parent": "Bone021",
      "initpos": [
        4.007341,
        -0.001864,
        -0.0755
      ],
      "initquaternion": [
        0,
        0,
        0.003259,
        0.999994
      ],
      "initscale": [
        0.999999,
        0.999999,
        1
      ],
      "offmtx": [
        [
          0,
          0.999885,
          -0.01515,
          -28.109071
        ],
        [
          0,
          -0.01515,
          -0.999885,
          -12.577729
        ],
        [
          -1,
          0,
          0,
          -8.764645
        ]
      ],
      "boundingbox": [
        [
          -0.197266,
          -1.152804,
          -1.449277
        ],
        [
          3.332675,
          1.369608,
          1.300828
        ]
      ]
    },
    {
      "name": "Bone026",
      "parent": "Bone021",
      "initpos": [
        3.764293,
        1.368403,
        -0.072387
      ],
      "initquaternion": [
        0,
        0,
        0.999999,
        -0.001119
      ],
      "initscale": [
        0.999999,
        0.999999,
        1
      ],
      "offmtx": [
        [
          -1.1907094688012876e-7,
          -0.99994,
          0.010868,
          27.814962
        ],
        [
          1.5099161032594566e-7,
          0.010868,
          0.99994,
          14.068775
        ],
        [
          -1,
          1.2070498200955626e-7,
          1.496885317919805e-7,
          -8.767762
        ]
      ],
      "boundingbox": [
        [
          -0.073597,
          -0.308902,
          -1.202443
        ],
        [
          3.431638,
          0.229116,
          1.297611
        ]
      ]
    },
    {
      "name": "Bone024",
      "parent": "Bone021",
      "initpos": [
        3.742286,
        -1.181816,
        -0.072387
      ],
      "initquaternion": [
        -0.001119,
        0.999999,
        -1.946137899722089e-7,
        0
      ],
      "initscale": [
        0.999999,
        0.999999,
        0.999999
      ],
      "offmtx": [
        [
          1.7583515443675424e-7,
          -0.99994,
          0.010869,
          27.787252
        ],
        [
          0,
          -0.010869,
          -0.99994,
          -11.518603
        ],
        [
          1,
          1.7582479472366686e-7,
          0,
          8.767756
        ]
      ],
      "boundingbox": [
        [
          -0.074129,
          -0.178789,
          -1.297652
        ],
        [
          3.431098,
          0.35921,
          1.2024
        ]
      ]
    },
    {
      "name": "Bone022",
      "parent": "Bone021",
      "initpos": [
        0.720376,
        0.102129,
        0.902549
      ],
      "initquaternion": [
        -0.184677,
        0.682564,
        -0.680945,
        -0.190562
      ],
      "initscale": [
        0.999999,
        0.999999,
        0.999999
      ],
      "offmtx": [
        [
          -0.511653,
          -0.859191,
          0,
          16.174903
        ],
        [
          0.859192,
          -0.511653,
          -6.133496412985551e-7,
          20.971603
        ],
        [
          4.947980869474122e-7,
          -3.67872416973114e-7,
          0.999999,
          13.077773
        ]
      ],
      "boundingbox": [
        [
          -0.173602,
          -0.238733,
          -1.064247
        ],
        [
          3.832808,
          0.31534,
          0.935792
        ]
      ]
    }
  ],
  "boundingbox": [
    [
      -19.90003,
      0.067048,
      -39.979072
    ],
    [
      19.90003,
      59.259639,
      29.357711
    ]
  ]
}
