{"skeleton":[{"name":"root","parent":"root","initpos":[0.0,0.0,-0.0],"initquaternion":[0.707106,0.0,0.0,0.707106],"initscale":[1.0,0.999999,0.999999],"offmtx":[[1.0,0.0,0.0,0.0],[0.0,1.0,0.0,0.0],[0.0,0.0,1.0,0.0]],"boundingbox":[[0.0,0.0,0.0],[0.0,0.0,0.0]]},{"name":"Bone003","parent":"root","initpos":[-0.239922,0.0,6.210678],"initquaternion":[-0.503069,0.496911,0.496915,0.503065],"initscale":[0.999999,0.999999,1.0],"offmtx":[[0.012306,0.999924,-0.0,6.21316],[-0.999924,0.012306,-7e-06,-0.16347],[-7e-06,1.193707674929101e-07,0.999999,-1e-06]],"boundingbox":[[-0.138355,-4.007736,-1.603522],[11.273886,3.677968,-0.30373]]},{"name":"Bone004","parent":"root","initpos":[0.0,1.602224,2.63572],"initquaternion":[0.004311,0.707093,0.004311,0.707093],"initscale":[0.999999,0.999999,0.999999],"offmtx":[[1.1866695359685764e-07,0.999925,0.012194,2.615985],[-2.9477862995008763e-07,-0.012194,0.999925,-1.634246],[1.0,-1.2225270040744363e-07,2.9330962547646777e-07,-8.622074574304861e-07]],"boundingbox":[[-6.711024,-3.936379,-5.940002],[11.648766,1.913562,5.94]]},{"name":"Bone006","parent":"root","initpos":[4.349086,-1.807434,-4.368624],"initquaternion":[-0.706985,-0.013087,-0.013087,0.706985],"initscale":[1.0,0.999999,0.999999],"offmtx":[[0.999314,-0.037011,0.0,-4.184416],[0.037011,0.999314,-0.0,-4.526597],[0.0,0.0,0.999999,1.807433]],"boundingbox":[[-0.046774,-2.094756,-0.207296],[4.774597,1.246672,0.191252]]},{"name":"Bone005","parent":"root","initpos":[4.398744,-1.719085,-5.535208],"initquaternion":[-0.69894,0.107157,0.107157,0.698939],"initscale":[1.0,0.999999,0.999999],"offmtx":[[0.954069,0.299587,-0.0,-5.854982],[-0.299587,0.954069,-2.8212994607201836e-07,-3.963164],[-0.0,2.6917143713944824e-07,0.999999,1.719084]],"boundingbox":[[-0.029059,-1.218103,-0.289059],[6.449642,1.499702,0.120833]]},{"name":"Bone007","parent":"root","initpos":[-4.407878,-1.66687,-5.480618],"initquaternion":[-0.146042,0.691861,0.69186,0.146042],"initscale":[0.999999,0.999999,0.999999],"offmtx":[[-0.914686,0.404164,2.980426643262035e-07,-6.246895],[-0.404164,-0.914686,1.1976847247296973e-07,3.231541],[3.210217585092323e-07,-0.0,0.999999,1.666871]],"boundingbox":[[-0.073795,-0.973021,-0.341276],[6.55435,1.487678,0.068617]]},{"name":"Bone008","parent":"root","initpos":[-4.368164,-1.685547,-4.388482],"initquaternion":[0.004474,0.707092,0.707092,-0.004475],"initscale":[0.999999,0.999999,0.999999],"offmtx":[[-0.999919,-0.012656,0.0,-4.312269],[0.012656,-0.999919,0.0,4.443418],[-0.0,0.0,0.999999,1.685546]],"boundingbox":[[-0.038623,-1.135325,-0.329183],[4.738821,2.173496,0.069365]]},{"name":"Bone010","parent":"root","initpos":[-4.343477,-0.257629,-4.733222],"initquaternion":[-0.01027,0.707032,-0.707032,-0.01027],"initscale":[0.999999,0.999999,0.999999],"offmtx":[[-0.999578,-0.029046,6.514077313113376e-07,-4.204162],[-0.029046,0.999577,0.0,-4.857387],[-6.520292004097428e-07,0.0,-0.999999,-0.257632]],"boundingbox":[[-0.021755,-0.876491,-0.011758],[3.772333,0.852618,0.001331]]},{"name":"Bone012","parent":"root","initpos":[4.406041,-0.187438,-4.687574],"initquaternion":[0.706752,0.022394,-0.022394,0.706752],"initscale":[1.0,1.0,0.999999],"offmtx":[[0.997993,0.063309,-1.7449474398745224e-07,-4.69397],[0.063309,-0.997993,0.0,4.399225],[-1.740906014902066e-07,-0.0,-0.999999,-0.187438]],"boundingbox":[[-0.115231,-0.791179,0.058431],[3.759746,0.962318,0.071519]]},{"name":"Bone011","parent":"root","initpos":[4.345768,-0.212661,-5.817871],"initquaternion":[0.694101,0.13499,-0.13499,0.694101],"initscale":[1.0,0.999999,0.999999],"offmtx":[[0.927109,0.374789,-1.6210103126468312e-07,-6.209481],[0.374789,-0.927109,-0.0,3.765058],[-1.7037622512816597e-07,-0.0,-0.999999,-0.21266]],"boundingbox":[[-0.05867,-0.29575,0.026624],[3.198286,0.357629,0.039712]]},{"name":"Bone009","parent":"root","initpos":[-4.283621,-0.109863,-5.843642],"initquaternion":[0.116622,0.697423,-0.697423,0.116621],"initscale":[1.0,1.0,1.0],"offmtx":[[-0.945597,0.32534,0.0,-5.95175],[0.32534,0.945597,0.0,-4.132098],[-0.0,0.0,-0.999999,-0.109863]],"boundingbox":[[-0.004888,-0.291261,0.129423],[3.244158,0.30598,0.142511]]}],"boundingbox":[[-10.345277,-9.304119,-2.208248],[10.345277,9.051409,3.515164]]}