{"skeleton":[{"name":"root","parent":"root","initpos":[0.0,0.0,-0.0],"initquaternion":[0.707106,0.0,0.0,0.707106],"initscale":[1.0,0.999999,0.999999],"offmtx":[[1.0,0.0,0.0,0.0],[0.0,1.0,0.0,0.0],[0.0,0.0,1.0,0.0]],"boundingbox":[[0.0,0.0,0.0],[0.0,0.0,0.0]]},{"name":"Bone006","parent":"root","initpos":[1e-06,-1e-06,-24.011474],"initquaternion":[0.5,-0.499999,-0.5,-0.499999],"initscale":[1.0,0.999999,0.999999],"offmtx":[[1.629208412623484e-07,0.999999,0.0,-24.011474],[-1.0,1.629208412623484e-07,-3e-06,-2e-06],[-3e-06,0.0,0.999999,1e-06]],"boundingbox":[[-1.011479,-4.84999,-4.95001],[11.388523,4.850013,4.828993]]},{"name":"Bone015","parent":"Bone006","initpos":[10.238212,-1.1e-05,4.035185],"initquaternion":[0.113662,0.69791,0.697912,-0.113662],"initscale":[0.999999,0.999999,1.0],"offmtx":[[-0.0,-0.948323,0.317305,31.199392],[-0.0,0.317305,0.948323,-14.694287],[-1.0,0.0,-0.0,-9.346619549432944e-07]],"boundingbox":[[-0.024378,-1.371951,-2.445955],[4.542662,2.348221,2.448266]]},{"name":"Bone016","parent":"Bone015","initpos":[3.495012,9.5367431640625e-07,2.1895745305755554e-07],"initquaternion":[-0.0,-0.0,-0.005424,0.999985],"initscale":[0.999999,0.999999,1.0],"offmtx":[[-1.0912336989576943e-07,-0.95171,0.306997,27.862178],[-0.0,0.306997,0.95171,-14.392831],[-1.0,0.0,-0.0,-2e-06]],"boundingbox":[[0.352514,-1.929524,-2.005496],[6.245762,0.569793,1.980005]]},{"name":"Bone043","parent":"Bone016","initpos":[0.054283,-0.300399,1.089045],"initquaternion":[0.656678,-0.088227,0.222859,0.715068],"initscale":[1.0,1.0,1.0],"offmtx":[[-0.418871,-0.780084,0.464773,21.297979],[-0.899815,0.425338,-0.097051,-13.603603],[-0.121978,-0.458862,-0.880094,18.2866]],"boundingbox":[[0.568593,-0.712711,-0.427075],[3.757179,0.601613,0.799083]]},{"name":"Bone041","parent":"Bone016","initpos":[0.255046,-0.256847,-1.256472],"initquaternion":[0.719409,0.226379,-0.083117,0.651378],"initscale":[0.999999,0.999999,0.999999],"offmtx":[[0.414508,-0.77426,0.478228,20.801548],[-0.899583,-0.42806,0.086683,13.803295],[0.137594,-0.466137,-0.873947,18.447847]],"boundingbox":[[0.342918,-0.645312,-0.426437],[3.552552,0.689157,0.860109]]},{"name":"Bone_045","parent":"Bone015","initpos":[0.984521,0.957482,-0.0],"initquaternion":[-0.0,0.0,-0.035737,0.999361],"initscale":[1.0,1.0,1.0],"offmtx":[[-0.0,-0.968565,0.248757,31.25567],[-0.0,0.248757,0.968565,-13.45355],[-1.0,0.0,-0.0,-1e-06]],"boundingbox":[[0.039307,-0.653244,-0.750001],[4.051998,0.628749,0.749998]]},{"name":"Bone018","parent":"Bone_045","initpos":[2.615358,-0.681848,-2.534803797971108e-07],"initquaternion":[0.975563,0.219719,-1.8981121741035167e-07,2.4233440854004584e-07],"initscale":[0.999999,0.999998,0.999999],"offmtx":[[2.850809721621772e-07,-0.768404,0.639963,20.399753],[-4.894038170277781e-07,-0.639964,-0.768404,23.816699],[1.0,-0.0,-5.585018811871123e-07,6e-06]],"boundingbox":[[-0.001028,-0.622201,-1.0],[4.25273,0.589202,1.000001]]},{"name":"Bone014","parent":"Bone006","initpos":[11.98677,1e-06,-3e-06],"initquaternion":[0.0,0.0,0.0,1.0],"initscale":[1.0,1.0,1.0],"offmtx":[[1.6868263230662706e-07,0.999999,0.0,-35.998241],[-1.0,1.6868263230662706e-07,0.0,-6e-06],[0.0,-0.0,0.999999,6e-06]],"boundingbox":[[0.001753,-4.358035,-3.999984],[2.001755,4.349233,4.720475]]}],"boundingbox":[[-4.85,22.999996,-4.950001],[4.849999,37.999996,8.443028]]}