{"skeleton":[{"name":"root","parent":"root","initpos":[0.0,0.0,-0.0],"initquaternion":[0.707106,0.0,0.0,0.707106],"initscale":[1.0,0.999999,0.999999],"offmtx":[[1.0,0.0,0.0,0.0],[0.0,1.0,0.0,0.0],[0.0,0.0,1.0,0.0]],"boundingbox":[[0.0,0.0,0.0],[0.0,0.0,0.0]]},{"name":"Bone007","parent":"root","initpos":[-0.0,-0.009278,-12.765109],"initquaternion":[-0.000888,-0.707106,0.000888,0.707106],"initscale":[0.999999,0.999999,0.999999],"offmtx":[[-0.0,-0.999996,0.002512,12.765091],[-0.0,0.002512,0.999996,-0.022793],[-1.0,0.0,-0.0,-0.0]],"boundingbox":[[0.594206,-2.912919,-1.193348],[19.174894,2.930759,1.295284]]},{"name":"Bone005","parent":"Bone007","initpos":[0.327186,-0.016497,0.083267],"initquaternion":[-0.0,-4.0124410816133604e-07,0.999999,0.001256],"initscale":[1.0,1.0,1.0],"offmtx":[[1.6888952814042568e-07,0.999999,0.0,-12.437881],[8.064039320743177e-07,-0.0,-0.999999,-0.024954],[-1.0,1.6888951392957097e-07,-8.064038752308988e-07,-0.083269]],"boundingbox":[[0.221401,-0.684336,-0.249732],[2.976147,0.693036,0.209393]]},{"name":"Bone008","parent":"Bone007","initpos":[-0.375282,0.011395,2.598947],"initquaternion":[0.000961,0.707075,-0.000961,0.707137],"initscale":[0.999999,0.999999,0.999999],"offmtx":[[1.0,-8.7e-05,1.1364188878815185e-07,2.600098],[-1.3188400771468878e-07,-0.000208,0.999999,0.001563],[-8.7e-05,-0.999999,-0.000208,13.140191]],"boundingbox":[[0.887901,-1.681156,-0.662847],[4.183835,1.614831,0.026686]]},{"name":"Bone010","parent":"Bone007","initpos":[1.816056,1.836853,0.092285],"initquaternion":[-0.0,-0.0,0.513508,0.858084],"initscale":[1.0,1.0,1.0],"offmtx":[[-1.4376968238138943e-07,-0.470402,0.882451,3.535868],[0.0,0.882451,0.470402,-10.527931],[-1.0,1.4376965395968e-07,-0.0,-0.092286]],"boundingbox":[[-0.165593,-1.361499,-0.35286],[2.538705,1.496851,0.332991]]},{"name":"Bone003","parent":"Bone010","initpos":[2.837652,-1.688443,-0.092285],"initquaternion":[0.995582,-0.093888,-0.0,1.9384712857117847e-07],"initscale":[1.0,0.999999,0.999999],"offmtx":[[-1.5736526393084205e-07,-0.627081,0.778953,2.338427],[-3.837251369986916e-07,-0.778953,-0.627081,8.553115],[1.0,-3.9758492675900925e-07,-1.1804672084281265e-07,4e-06]],"boundingbox":[[-0.19115,-0.612982,-0.052424],[2.198884,0.594062,0.052425]]},{"name":"Bone004","parent":"Bone010","initpos":[2.367733,-0.309212,-0.092285],"initquaternion":[0.999986,0.005226,0.0,3.135176029900322e-07],"initscale":[0.999999,0.999999,0.999999],"offmtx":[[-2.9385563493633526e-07,-0.461152,0.88732,1.061248],[-5.646177214657655e-07,-0.88732,-0.461152,10.230369],[1.0,-6.365092986015952e-07,0.0,6e-06]],"boundingbox":[[-0.250162,-0.500987,-0.099804],[5.846936,1.410836,0.099807]]},{"name":"Bone009","parent":"Bone007","initpos":[1.654408,-1.778017,0.092285],"initquaternion":[-1.1471234273585651e-07,-0.0,-0.544554,0.838725],"initscale":[0.999999,0.999999,1.0],"offmtx":[[-1.4865499053939857e-07,-0.409215,-0.912437,2.917845],[1.7322084033821739e-07,-0.912437,0.409215,10.863437],[-1.0,-0.0,2.0652304044688208e-07,-0.092283]],"boundingbox":[[-0.04457,-1.219212,-0.353195],[2.608252,1.592831,0.332658]]},{"name":"Bone001","parent":"Bone009","initpos":[2.309532,0.35697,-0.14685],"initquaternion":[1.506013660446115e-07,0.0,0.072232,0.997387],"initscale":[0.999999,0.999999,1.0],"offmtx":[[-1.2386283287924016e-07,-0.536416,-0.843953,2.115825],[-1.091589183488395e-07,-0.843953,0.536416,10.309179],[-1.0,1.5856714696838026e-07,0.0,0.054563]],"boundingbox":[[-0.094311,-0.65193,-0.044328],[5.893589,1.390897,0.153457]]},{"name":"Bone002","parent":"Bone009","initpos":[2.860121,1.721461,-0.14685],"initquaternion":[-0.0,-0.0,0.142474,0.989798],"initscale":[1.0,1.0,1.0],"offmtx":[[-0.0,-0.649947,-0.759979,2.633794],[3.8296079196697974e-07,-0.759979,0.649947,8.75455],[-1.0,-2.2791432741087192e-07,3.2271947247863864e-07,0.054568]],"boundingbox":[[-0.242656,-0.471371,0.00214],[2.132042,0.734018,0.10699]]}],"boundingbox":[[-1.711008,-6.409173,-9.046538],[1.584885,15.414028,9.072211]]}