{"skeleton":[{"name":"root","parent":"root","initpos":[0.0,0.0,-0.0],"initquaternion":[0.707106,0.0,0.0,0.707106],"initscale":[1.0,0.999999,0.999999],"offmtx":[[1.0,0.0,0.0,0.0],[0.0,1.0,0.0,0.0],[0.0,0.0,1.0,0.0]],"boundingbox":[[0.0,0.0,0.0],[0.0,0.0,0.0]]},{"name":"Bip001","parent":"root","initpos":[-0.081889,5.847632564837113e-07,-14.05099],"initquaternion":[0.0,0.0,-0.707106,0.707107],"initscale":[0.999999,0.999999,1.0],"offmtx":[[1.0,0.0,0.0,0.0],[0.0,1.0,0.0,0.0],[0.0,0.0,1.0,0.0]],"boundingbox":[[0.0,0.0,0.0],[0.0,0.0,0.0]]},{"name":"Bip001 Pelvis","parent":"Bip001","initpos":[0.0,0.0,-0.0],"initquaternion":[0.5,0.5,-0.499999,0.5],"initscale":[0.999999,0.999999,0.999999],"offmtx":[[1.0,0.0,0.0,0.0],[0.0,1.0,0.0,0.0],[0.0,0.0,1.0,0.0]],"boundingbox":[[0.0,0.0,0.0],[0.0,0.0,0.0]]},{"name":"Bip001 Spine","parent":"Bip001 Pelvis","initpos":[-0.015491,0.090991,-0.051877],"initquaternion":[2e-06,6.936759291420458e-07,0.000398,0.999999],"initscale":[0.999999,0.999999,1.0],"offmtx":[[1.0,0.0,0.0,0.0],[0.0,1.0,0.0,0.0],[0.0,0.0,1.0,0.0]],"boundingbox":[[0.0,0.0,0.0],[0.0,0.0,0.0]]},{"name":"Bone10","parent":"Bip001 Spine","initpos":[-0.333971,-0.090729,0.059437],"initquaternion":[0.707108,0.002006,-0.00257,0.707097],"initscale":[1.0,0.999999,0.999999],"offmtx":[[1.0,0.0,0.0,0.0],[0.0,1.0,0.0,0.0],[0.0,0.0,1.0,0.0]],"boundingbox":[[0.0,0.0,0.0],[0.0,0.0,0.0]]},{"name":"Bone20","parent":"Bone10","initpos":[10.993826,-0.018274,2.046186],"initquaternion":[-0.002288,0.707106,0.707099,-0.002289],"initscale":[0.999999,0.999998,0.999998],"offmtx":[[1.9602819634201296e-07,-0.999999,0.0,24.695081],[4e-06,0.0,0.999999,-2.046195],[-0.999999,-1.9602818213115825e-07,4e-06,6e-06]],"boundingbox":[[-0.104914,0.089486,-6.499988],[7.995086,0.15384,6.500011]]},{"name":"Bone16","parent":"Bone20","initpos":[7.98525,-7e-06,-5.438887455966324e-07],"initquaternion":[5.1e-05,8e-06,0.160061,0.987107],"initscale":[1.0,1.0,1.0],"offmtx":[[8.405311291426187e-07,-0.985104,0.171955,16.109092],[-9.9e-05,0.171955,0.985104,-4.889067],[-0.999999,-1.7e-05,-9.7e-05,0.000509]],"boundingbox":[[-0.097972,0.102199,-7.000003],[7.663082,0.180238,7.000006]]},{"name":"Bone18","parent":"Bone16","initpos":[7.497718,1.5e-05,-8.641509339213371e-07],"initquaternion":[-5.1e-05,7.69631924413261e-07,0.099811,0.995006],"initscale":[0.999999,0.999999,1.0],"offmtx":[[1e-06,-0.954508,0.298182,7.905056],[4e-06,0.298182,0.954508,-5.963932],[-0.999999,0.0,4e-06,2e-06]],"boundingbox":[[0.11078,0.080324,-7.49998],[7.129946,0.160267,7.500027]]},{"name":"Bone17","parent":"Bone18","initpos":[7.001643,-5.3e-05,-3.1e-05],"initquaternion":[-5.4e-05,0.000163,0.160563,0.987025],"initscale":[0.999999,1.0,0.999998],"offmtx":[[0.000343,-0.810779,0.585351,-1.033561],[5.8e-05,0.585351,0.810779,-5.942745],[-0.999999,-0.000243,0.000248,-0.000676]],"boundingbox":[[0.058278,0.092653,-7.899942],[3.101021,0.189052,7.901098]]}],"boundingbox":[[-7.900001,0.213575,2.130707],[7.899999,24.799995,7.354617]]}