{"skeleton":[{"name":"root","parent":"root","initpos":[0.0,0.0,-0.0],"initquaternion":[0.707106,0.0,0.0,0.707106],"initscale":[1.0,0.999999,0.999999],"offmtx":[[1.0,0.0,0.0,0.0],[0.0,1.0,0.0,0.0],[0.0,0.0,1.0,0.0]],"boundingbox":[[0.0,0.0,0.0],[0.0,0.0,0.0]]},{"name":"bone08","parent":"root","initpos":[5.960464477539062e-07,-0.0,-25.707204],"initquaternion":[0.5,-0.499999,-0.5,-0.499999],"initscale":[1.0,1.0,1.0],"offmtx":[[1.6292068494294654e-07,0.999999,0.0,-25.707204],[-1.0,1.6292067073209182e-07,-6.434830766011146e-07,-3e-06],[-6.434831334445335e-07,0.0,0.999999,0.0]],"boundingbox":[[-0.017206,-3.250002,-3.349999],[7.492793,3.250004,3.250005]]},{"name":"bone09","parent":"bone08","initpos":[2.536863,-1.835474,-3.350219],"initquaternion":[-1e-06,0.0,-0.012192,0.999925],"initscale":[0.999999,0.999999,1.0],"offmtx":[[0.024383,0.999702,-1.4718216334586032e-07,-28.280426],[-0.999702,0.024383,-4e-06,1.14624],[-4e-06,2.5030436745510087e-07,0.999999,3.350219]],"boundingbox":[[0.469751,-0.991078,0.000218],[1.123152,1.049467,0.000227]]},{"name":"bone10","parent":"bone09","initpos":[0.715261,-0.857607,-0.057557],"initquaternion":[4e-06,0.0,0.017192,0.999852],"initscale":[1.0,1.0,1.0],"offmtx":[[-0.01,0.999949,-2.9255625122459605e-07,-28.909656],[-0.99995,-0.01,5e-06,2.999549],[5e-06,3.456770514276286e-07,0.999999,3.407748]],"boundingbox":[[-0.004321,-0.104967,-0.05946],[0.196831,0.09866,0.069476]]},{"name":"bone11","parent":"bone09","initpos":[0.506973,-0.862687,-0.057559],"initquaternion":[4e-06,0.0,0.017192,0.999852],"initscale":[1.0,1.0,1.0],"offmtx":[[-0.01,0.999949,-2.9255625122459605e-07,-28.701314],[-0.99995,-0.01,5e-06,2.997466],[5e-06,3.456770514276286e-07,0.999999,3.40775]],"boundingbox":[[0.004883,-0.105059,-0.059458],[0.206036,0.098568,0.069478]]},{"name":"bone12","parent":"bone09","initpos":[0.502006,-0.658972,-0.051212],"initquaternion":[4e-06,0.0,0.017192,0.999852],"initscale":[1.0,1.0,1.0],"offmtx":[[-0.01,0.999949,-2.9255625122459605e-07,-28.703353],[-0.99995,-0.01,5e-06,2.793701],[5e-06,3.456770514276286e-07,0.999999,3.401405]],"boundingbox":[[0.007012,-0.107212,-0.065804],[0.208165,0.096415,0.063132]]},{"name":"bone13","parent":"bone09","initpos":[0.303533,-0.663813,-0.041935],"initquaternion":[4e-06,0.0,0.017192,0.999852],"initscale":[1.0,1.0,1.0],"offmtx":[[-0.01,0.999949,-2.9255625122459605e-07,-28.504831],[-0.99995,-0.01,5e-06,2.791715],[5e-06,3.456770514276286e-07,0.999999,3.392128]],"boundingbox":[[0.006398,-0.107206,-0.075082],[0.207551,0.09642,0.053854]]},{"name":"bone14","parent":"bone09","initpos":[0.214046,-0.485052,-0.057925],"initquaternion":[1e-06,-0.0,0.010558,0.999944],"initscale":[0.999999,0.999999,1.0],"offmtx":[[0.003267,0.999994,-1.4907273282460665e-07,-28.45367],[-0.999994,0.003267,-1e-06,2.232648],[-1e-06,1.5537816011601535e-07,1.0,3.408143]],"boundingbox":[[0.017803,-0.084329,-0.05909],[0.297722,0.118222,0.069846]]},{"name":"bone15","parent":"bone09","initpos":[0.204313,-0.085998,-0.057924],"initquaternion":[1e-06,-0.0,0.010558,0.999944],"initscale":[0.999999,0.999999,1.0],"offmtx":[[0.003267,0.999994,-1.4907273282460665e-07,-28.452365],[-0.999994,0.003267,-1e-06,1.833477],[-1e-06,1.5537816011601535e-07,1.0,3.408142]],"boundingbox":[[0.017131,-0.28186,-0.059089],[0.298368,0.32398,0.069846]]},{"name":"bone16","parent":"bone09","initpos":[0.194458,0.318175,-0.057922],"initquaternion":[1e-06,-0.0,0.010558,0.999944],"initscale":[0.999999,0.999999,1.0],"offmtx":[[0.003267,0.999994,-1.4907273282460665e-07,-28.451045],[-0.999994,0.003267,-1e-06,1.429185],[-1e-06,1.5537816011601535e-07,1.0,3.408141]],"boundingbox":[[0.017792,-0.081224,-0.05909],[0.297712,0.121329,0.069845]]},{"name":"bone17","parent":"bone09","initpos":[0.274417,0.73937,-0.041259],"initquaternion":[4e-06,0.0,0.017192,0.999852],"initscale":[1.0,1.0,1.0],"offmtx":[[-0.01,0.999949,-2.9255625122459605e-07,-28.523973],[-0.99995,-0.01,5e-06,1.38836],[5e-06,3.456770514276286e-07,0.999999,3.391465]],"boundingbox":[[0.011371,-0.099229,-0.075752],[0.212523,0.104395,0.053184]]},{"name":"bone18","parent":"bone09","initpos":[0.274574,0.523642,-0.050071],"initquaternion":[4e-06,0.0,0.017192,0.999852],"initscale":[1.0,1.0,1.0],"offmtx":[[-0.01,0.999949,-2.9255625122459605e-07,-28.516714],[-0.99995,-0.01,5e-06,1.603965],[5e-06,3.456770514276286e-07,0.999999,3.400276]],"boundingbox":[[0.0135,-0.085289,-0.06694],[0.221119,0.1184,0.061996]]},{"name":"bone19","parent":"bone09","initpos":[0.473154,0.744217,-0.041255],"initquaternion":[4e-06,0.0,0.017192,0.999852],"initscale":[1.0,1.0,1.0],"offmtx":[[-0.01,0.999949,-2.9255625122459605e-07,-28.722759],[-0.99995,-0.01,5e-06,1.390348],[5e-06,3.456770514276286e-07,0.999999,3.391462]],"boundingbox":[[0.01172,-0.099233,-0.075755],[0.212876,0.104391,0.053181]]},{"name":"bone20","parent":"bone09","initpos":[0.468107,0.951204,-0.041255],"initquaternion":[4e-06,0.0,0.017192,0.999852],"initscale":[1.0,1.0,1.0],"offmtx":[[-0.01,0.999949,-2.9255625122459605e-07,-28.72483],[-0.99995,-0.01,5e-06,1.183309],[5e-06,3.456770514276286e-07,0.999999,3.391464]],"boundingbox":[[0.011664,-0.10464,-0.075754],[0.212821,0.098987,0.053182]]},{"name":"bone21","parent":"bone08","initpos":[1.077304,2.384185791015625e-07,-3.40277],"initquaternion":[0.0,0.0,0.0,1.0],"initscale":[1.0,1.0,1.0],"offmtx":[[1.6292068494294654e-07,0.999999,0.0,-26.784509],[-1.0,1.6292067073209182e-07,3.1019118296171655e-07,-7.609875183334225e-07],[3.10191211383426e-07,-0.0,0.999999,3.402771]],"boundingbox":[[-0.009511,-1.049996,0.034754],[0.240488,1.050002,0.034754]]},{"name":"bone22","parent":"bone08","initpos":[4.189762,-1.658028,-3.270996],"initquaternion":[2.3840794938223553e-07,0.0,0.009442,0.999955],"initscale":[1.0,1.0,1.0],"offmtx":[[1.0,0.0,0.0,0.0],[0.0,1.0,0.0,0.0],[0.0,0.0,1.0,0.0]],"boundingbox":[[0.0,0.0,0.0],[0.0,0.0,0.0]]},{"name":"bone23","parent":"bone22","initpos":[0.06681,-0.786645,-0.13367],"initquaternion":[-2.011786079947342e-07,0.0,-0.270731,0.962655],"initscale":[0.999999,0.999999,1.0],"offmtx":[[0.505031,0.8631,-0.0,-27.108501],[-0.8631,0.505031,-6.486997676802275e-07,-13.03137],[-5.274779937280982e-07,3.8301200788737333e-07,1.0,3.404656]],"boundingbox":[[0.004353,-0.491511,-0.02966],[0.265715,0.507277,0.100178]]},{"name":"bone24","parent":"bone22","initpos":[0.228342,-0.235087,-0.128419],"initquaternion":[-1.771258837379719e-07,-0.0,0.188922,0.981992],"initscale":[0.999999,0.999999,1.0],"offmtx":[[-0.38851,0.921444,-2.231967499710663e-07,-27.029043],[-0.921444,-0.38851,-4.475864727737644e-07,13.446109],[-4.991402988707705e-07,0.0,1.0,3.399415]],"boundingbox":[[-0.002522,-0.300554,-0.063475],[0.259124,0.305253,0.066363]]},{"name":"bone25","parent":"bone22","initpos":[0.010826,0.284907,-0.128417],"initquaternion":[-1.771258837379719e-07,-0.0,0.188922,0.981992],"initscale":[0.999999,0.999999,1.0],"offmtx":[[-0.38851,0.921444,-2.231967499710663e-07,-27.019992],[-0.921444,-0.38851,-4.475864727737644e-07,12.882527],[-4.991402988707705e-07,0.0,1.0,3.399413]],"boundingbox":[[0.002823,-0.274688,-0.047119],[0.263831,0.267777,0.082718]]},{"name":"bone26","parent":"bone22","initpos":[-0.148841,0.674915,-0.12842],"initquaternion":[-1.771258837379719e-07,-0.0,0.188922,0.981992],"initscale":[0.999999,0.999999,1.0],"offmtx":[[-0.38851,0.921444,-2.231967499710663e-07,-27.016429],[-0.921444,-0.38851,-4.475864727737644e-07,12.461114],[-4.991402988707705e-07,0.0,1.0,3.399415]],"boundingbox":[[0.001599,-0.231655,-0.032469],[0.261832,0.234132,0.097369]]},{"name":"bone27","parent":"bone08","initpos":[2.737621,-1.867079,-3.136573],"initquaternion":[1e-06,-0.0,-0.001932,0.999998],"initscale":[0.999999,0.999999,1.0],"offmtx":[[0.003865,0.999992,-1.604319379566732e-07,-28.451831],[-0.999992,0.003865,1e-06,1.757114],[1e-06,1.5370409300885512e-07,1.0,3.136565]],"boundingbox":[[0.285836,-0.974757,0.00459],[1.307119,1.058046,0.004594]]},{"name":"bone28","parent":"bone27","initpos":[0.294652,0.034407,-0.018944],"initquaternion":[5e-06,0.0,0.005504,0.999984],"initscale":[0.999999,0.999999,1.0],"offmtx":[[-0.007142,0.999974,-1.412665255884349e-07,-28.72577],[-0.999974,-0.007142,1.2e-05,2.039091],[1.2e-05,2.2863667936690035e-07,1.0,3.155487]],"boundingbox":[[0.006705,-0.521962,-0.145854],[0.814184,0.533731,0.454158]]},{"name":"bone29","parent":"bone28","initpos":[0.357614,-0.17277,-0.170648],"initquaternion":[-3e-06,0.0,-0.009258,0.999957],"initscale":[0.999999,0.999999,1.0],"offmtx":[[0.011373,0.999935,-3.6773232636733155e-07,-29.119354],[-0.999935,0.011373,4e-06,1.672951],[4e-06,3.126858416635514e-07,1.0,3.326148]],"boundingbox":[[-0.001562,-0.27594,0.0048],[0.404666,0.278573,0.004803]]},{"name":"bone60","parent":"bone08","initpos":[2.536863,1.835,-3.350218],"initquaternion":[3e-06,0.0,0.012192,0.999925],"initscale":[0.999999,0.999999,1.0],"offmtx":[[-0.024383,0.999702,-1.7856228851087508e-07,-28.280416],[-0.999702,-0.024383,5e-06,-1.145757],[5e-06,3.1406818834511796e-07,0.999999,3.350222]],"boundingbox":[[0.46976,-1.048987,0.00022],[1.123161,0.991558,0.00023]]},{"name":"bone61","parent":"bone60","initpos":[0.716045,0.889586,-0.047367],"initquaternion":[-4e-06,-1.60216188760387e-07,-0.017192,0.999852],"initscale":[1.0,1.0,1.0],"offmtx":[[0.010001,0.999949,1.0724334487122178e-07,-28.909337],[-0.99995,0.010001,-3e-06,-3.031065],[-3e-06,-0.0,0.999999,3.397575]],"boundingbox":[[-0.0042,-0.110725,-0.069649],[0.196953,0.0929,0.059287]]},{"name":"bone62","parent":"bone60","initpos":[0.507759,0.894667,-0.047366],"initquaternion":[-4e-06,-1.60216188760387e-07,-0.017192,0.999852],"initscale":[1.0,1.0,1.0],"offmtx":[[0.010001,0.999949,1.0724334487122178e-07,-28.700998],[-0.99995,0.010001,-3e-06,-3.028983],[-3e-06,-0.0,0.999999,3.397575]],"boundingbox":[[0.005002,-0.110634,-0.069649],[0.206156,0.092991,0.059287]]},{"name":"bone63","parent":"bone60","initpos":[0.502784,0.690824,-0.041019],"initquaternion":[-4e-06,-1.60216188760387e-07,-0.017192,0.999852],"initscale":[1.0,1.0,1.0],"offmtx":[[0.010001,0.999949,1.0724334487122178e-07,-28.703037],[-0.99995,0.010001,-3e-06,-2.825088],[-3e-06,-0.0,0.999999,3.391229]],"boundingbox":[[0.007133,-0.10835,-0.075995],[0.208287,0.095275,0.05294]]},{"name":"bone64","parent":"bone60","initpos":[0.304307,0.695664,-0.031741],"initquaternion":[-4e-06,-1.60216188760387e-07,-0.017192,0.999852],"initscale":[1.0,1.0,1.0],"offmtx":[[0.010001,0.999949,1.0724334487122178e-07,-28.50451],[-0.99995,0.010001,-3e-06,-2.823101],[-3e-06,-0.0,0.999999,3.381952]],"boundingbox":[[0.006523,-0.108356,-0.085273],[0.207676,0.09527,0.043663]]},{"name":"bone65","parent":"bone60","initpos":[0.214046,0.485052,-0.051761],"initquaternion":[-2e-06,0.0,-0.010558,0.999944],"initscale":[0.999999,0.999999,1.0],"offmtx":[[-0.003267,0.999994,-2.959214953079936e-07,-28.45367],[-0.999994,-0.003267,-4.418477317358338e-07,-2.232172],[-4.428122792887734e-07,2.944763650702953e-07,1.0,3.40197]],"boundingbox":[[0.017865,-0.0983,-0.065253],[0.297785,0.104253,0.063683]]},{"name":"bone66","parent":"bone60","initpos":[0.204311,0.085998,-0.051757],"initquaternion":[-1.2e-05,1.2732316179153713e-07,-0.010559,0.999944],"initscale":[0.999999,0.999999,1.0],"offmtx":[[-0.003266,0.999994,-2.959241101052612e-07,-28.452362],[-0.999994,-0.003266,-1.8e-05,-1.833076],[-1.8e-05,2.3528491510660388e-07,1.0,3.401936]],"boundingbox":[[0.017197,-0.304055,-0.065259],[0.298433,0.301784,0.063687]]},{"name":"bone67","parent":"bone60","initpos":[0.194454,-0.318175,-0.052852],"initquaternion":[-2e-06,0.0,-0.010559,0.999944],"initscale":[0.999999,0.999999,1.0],"offmtx":[[-0.003266,0.999994,-2.959241101052612e-07,-28.451042],[-0.999994,-0.003266,-4.4183420300214493e-07,-1.428723],[-4.4279866528995626e-07,2.9447920724123833e-07,1.0,3.403066]],"boundingbox":[[0.017858,-0.101405,-0.064157],[0.297777,0.10115,0.064779]]},{"name":"bone68","parent":"bone60","initpos":[0.284593,-0.714945,-0.058164],"initquaternion":[-4e-06,-1.60216188760387e-07,-0.017192,0.999852],"initscale":[1.0,1.0,1.0],"offmtx":[[0.010001,0.999949,1.0724334487122178e-07,-28.533309],[-0.99995,0.010001,-3e-06,-1.412648],[-3e-06,-0.0,0.999999,3.408387]],"boundingbox":[[0.001839,-0.109234,-0.058842],[0.20299,0.094391,0.070093]]},{"name":"bone69","parent":"bone60","initpos":[0.27457,-0.523642,-0.028926],"initquaternion":[-4e-06,-1.60216188760387e-07,-0.017192,0.999852],"initscale":[1.0,1.0,1.0],"offmtx":[[0.010001,0.999949,1.0724334487122178e-07,-28.51671],[-0.99995,0.010001,-3e-06,-1.603493],[-3e-06,-0.0,0.999999,3.379147]],"boundingbox":[[0.013307,-0.098476,-0.088082],[0.220926,0.105213,0.040854]]},{"name":"bone70","parent":"bone60","initpos":[0.483329,-0.719793,-0.05816],"initquaternion":[-4e-06,-1.60216188760387e-07,-0.017192,0.999852],"initscale":[1.0,1.0,1.0],"offmtx":[[0.010001,0.999949,1.0724334487122178e-07,-28.732093],[-0.99995,0.010001,-3e-06,-1.414635],[-3e-06,-0.0,0.999999,3.408384]],"boundingbox":[[0.00219,-0.10923,-0.058846],[0.203345,0.094396,0.07009]]},{"name":"bone71","parent":"bone60","initpos":[0.478282,-0.92678,-0.05816],"initquaternion":[-4e-06,-1.60216188760387e-07,-0.017192,0.999852],"initscale":[1.0,1.0,1.0],"offmtx":[[0.010001,0.999949,1.0724334487122178e-07,-28.734165],[-0.99995,0.010001,-3e-06,-1.207597],[-3e-06,-0.0,0.999999,3.408385]],"boundingbox":[[0.002133,-0.103824,-0.058845],[0.20329,0.0998,0.07009]]},{"name":"bone72","parent":"bone08","initpos":[2.737623,1.867,-3.136572],"initquaternion":[0.0,0.0,0.001932,0.999998],"initscale":[0.999999,0.999999,1.0],"offmtx":[[-0.003865,0.999992,-1.6540698766220885e-07,-28.451833],[-0.999992,-0.003865,-6.428579126804834e-07,-1.757025],[-6.434926262954832e-07,1.629206565212371e-07,1.0,3.136569]],"boundingbox":[[0.285834,-1.05796,0.004594],[1.307118,0.974844,0.004596]]},{"name":"bone73","parent":"bone72","initpos":[0.294136,-0.168243,-0.018943],"initquaternion":[-1e-05,0.0,-0.005504,0.999984],"initscale":[0.999999,0.999999,1.0],"offmtx":[[0.007143,0.999974,-1.5831986388548103e-07,-28.726736],[-0.999974,0.007143,-2.1e-05,-1.905215],[-2.1e-05,3.1135695621742343e-07,1.0,3.155473]],"boundingbox":[[0.0066,-0.519814,-0.145857],[0.814079,0.535886,0.454165]]},{"name":"bone74","parent":"bone73","initpos":[0.359964,-0.156062,-0.170653],"initquaternion":[6e-06,-1.7880941527437244e-07,0.009258,0.999957],"initscale":[0.999999,0.999999,1.0],"offmtx":[[-0.011373,0.999935,-0.0,-29.114095],[-0.999935,-0.011373,-8e-06,-1.210242],[-8e-06,-0.0,1.0,3.326156]],"boundingbox":[[-0.001535,-0.275807,0.004802],[0.404694,0.278705,0.004806]]},{"name":"bone75","parent":"bone08","initpos":[4.189764,1.657999,-3.270995],"initquaternion":[1e-06,-0.0,-0.009443,0.999955],"initscale":[1.0,1.0,1.0],"offmtx":[[1.0,0.0,0.0,0.0],[0.0,1.0,0.0,0.0],[0.0,0.0,1.0,0.0]],"boundingbox":[[0.0,0.0,0.0],[0.0,0.0,0.0]]},{"name":"bone76","parent":"bone75","initpos":[0.228347,0.235088,-0.128417],"initquaternion":[-1e-06,-4.2556214907563117e-07,-0.188921,0.981992],"initscale":[1.0,1.0,1.0],"offmtx":[[0.38851,0.921444,2.919117605415522e-07,-27.02906],[-0.921444,0.38851,-4.870917678090336e-07,-13.446071],[-5.622387675430218e-07,-0.0,1.0,3.399415]],"boundingbox":[[-0.003305,-0.34512,-0.063475],[0.25834,0.260685,0.066362]]},{"name":"bone77","parent":"bone75","initpos":[0.010828,-0.284907,-0.128415],"initquaternion":[-1e-06,-1.8226975839752413e-07,-0.188921,0.981992],"initscale":[1.0,1.0,1.0],"offmtx":[[0.388509,0.921444,-1.8492399078695598e-07,-27.020021],[-0.921444,0.388509,-5.841441179654794e-07,-12.882472],[-4.664117625452491e-07,3.973430580117565e-07,0.999999,3.399401]],"boundingbox":[[0.002041,-0.307644,-0.047118],[0.263049,0.234822,0.082719]]},{"name":"bone78","parent":"bone75","initpos":[-0.148836,-0.674916,-0.128413],"initquaternion":[-1e-06,-1.8226904785478837e-07,-0.188921,0.981992],"initscale":[1.0,1.0,1.0],"offmtx":[[0.38851,0.921444,-1.849263497888387e-07,-27.016452],[-0.921444,0.38851,-5.84144686399668e-07,-12.46109],[-4.6641090989396616e-07,3.9734590018269955e-07,1.0,3.3994]],"boundingbox":[[0.000812,-0.273999,-0.032471],[0.261043,0.191788,0.097366]]},{"name":"bone79","parent":"bone75","initpos":[0.066814,0.786646,-0.133672],"initquaternion":[-1e-06,1.5673214193157037e-07,0.270731,0.962654],"initscale":[1.0,1.0,1.0],"offmtx":[[-0.505032,0.8631,1.6956627746367303e-07,-27.108486],[-0.8631,-0.505031,1.4225923905542004e-07,13.031405],[2.0842045955760113e-07,-0.0,0.999999,3.40467]],"boundingbox":[[-0.028035,-0.530534,-0.029657],[0.233326,0.468253,0.10018]]}],"boundingbox":[[-3.25,25.689996,-3.467237],[3.25,33.199996,3.249998]]}