{"skeleton":[{"name":"root","parent":"root","initpos":[0.0,0.0,-0.0],"initquaternion":[0.707106,0.0,0.0,0.707106],"initscale":[1.0,0.999999,0.999999],"offmtx":[[1.0,0.0,0.0,0.0],[0.0,1.0,0.0,0.0],[0.0,0.0,1.0,0.0]],"boundingbox":[[0.0,0.0,0.0],[0.0,0.0,0.0]]},{"name":"Bone002","parent":"root","initpos":[0.0,0.079338,0.161994],"initquaternion":[-0.158108,0.689203,-0.158109,0.689203],"initscale":[0.999999,0.999999,0.999999],"offmtx":[[0.0,0.900005,-0.435877,0.180377],[-0.0,0.435877,0.900005,-0.000795],[1.0,0.0,0.0,-0.0]],"boundingbox":[[-0.044896,-0.961416,-0.955455],[2.904155,0.996508,0.959792]]},{"name":"Bone003","parent":"Bone002","initpos":[2.76557,-1.2665987014770508e-07,-0.0],"initquaternion":[0.0,0.0,0.0,1.0],"initscale":[1.0,1.0,1.0],"offmtx":[[0.0,0.900006,-0.435877,-2.585193],[-0.0,0.435877,0.900006,-0.000795],[1.0,0.0,0.0,0.0]],"boundingbox":[[0.004985,-0.600976,-0.636247],[1.300423,0.694461,0.640584]]},{"name":"Bone033","parent":"Bone003","initpos":[0.623205,-0.587328,2.384185791015625e-07],"initquaternion":[-0.0,0.0,-0.705359,0.708849],"initscale":[0.999999,0.999999,1.0],"offmtx":[[0.0,-0.43143,-0.902146,-0.602359],[-2.332096755708335e-07,0.902146,-0.43143,-3.205465],[1.0,2.3388871284169e-07,-0.0,-9.883706297841854e-07]],"boundingbox":[[-0.001737,-0.171385,-0.317039],[0.320565,0.150918,0.321376]]},{"name":"Bone029","parent":"Bone003","initpos":[0.683038,-0.103835,-0.646911],"initquaternion":[0.0,0.0,0.001412,0.999998],"initscale":[1.0,1.0,1.0],"offmtx":[[0.0,0.901233,-0.433333,-3.267928],[-0.0,0.433333,0.901233,0.11227],[1.0,0.0,0.0,0.646911]],"boundingbox":[[-0.000124,-0.191315,-0.002216],[0.387439,0.196248,-0.002216]]},{"name":"Bone030","parent":"Bone029","initpos":[0.225617,0.097757,2.384185791015625e-07],"initquaternion":[0.0,0.0,0.011364,0.999935],"initscale":[0.999999,0.999999,1.0],"offmtx":[[0.0,0.910849,-0.412739,-3.492314],[-0.0,0.412739,0.910849,0.093908],[1.0,0.0,0.0,0.646911]],"boundingbox":[[-0.001196,-0.064213,-0.010866],[0.119681,0.056663,-0.010866]]},{"name":"Bone031","parent":"Bone003","initpos":[0.683039,-0.103835,0.643686],"initquaternion":[0.0,0.0,0.001412,0.999998],"initscale":[1.0,1.0,1.0],"offmtx":[[0.0,0.901233,-0.433333,-3.267929],[-0.0,0.433333,0.901233,0.112271],[1.0,0.0,0.0,-0.643686]],"boundingbox":[[-0.000124,-0.191315,0.005441],[0.387439,0.196248,0.005441]]},{"name":"Bone032","parent":"Bone031","initpos":[0.225617,0.097757,2.384185791015625e-07],"initquaternion":[0.0,0.0,0.011364,0.999935],"initscale":[0.999999,0.999999,1.0],"offmtx":[[0.0,0.910849,-0.412739,-3.492314],[-0.0,0.412739,0.910849,0.093908],[1.0,0.0,0.0,-0.643687]],"boundingbox":[[-0.001196,-0.064213,0.014091],[0.119681,0.056663,0.014091]]},{"name":"Bone011","parent":"Bone002","initpos":[2.183941,0.550375,-1.218909],"initquaternion":[-0.121102,0.137935,0.589514,0.786625],"initscale":[1.0,0.999999,1.0],"offmtx":[[-0.359791,0.629898,0.688315,-1.466059],[-0.027894,-0.74465,0.666871,1.739242],[0.932615,0.220734,0.285489,0.793412]],"boundingbox":[[-0.232182,-0.646221,-0.241063],[2.218222,0.612085,0.286737]]},{"name":"Bone012","parent":"Bone011","initpos":[1.944755,1e-06,0.0],"initquaternion":[0.0,-1.2130705329127522e-07,0.162182,0.98676],"initscale":[0.999999,0.999999,1.0],"offmtx":[[-0.349792,0.35842,0.865552,-2.674702],[0.088732,-0.907089,0.41148,2.73945],[0.932615,0.220734,0.285489,0.793412]],"boundingbox":[[0.012356,-0.684427,-0.232974],[2.488212,0.624511,0.255881]]},{"name":"Bone017","parent":"Bone012","initpos":[0.742888,0.318409,0.034528],"initquaternion":[0.023414,-0.022982,0.449545,0.892654],"initscale":[1.0,0.999999,0.999999],"offmtx":[[-0.079024,-0.500154,0.862322,-0.04507],[0.353596,-0.822845,-0.444853,4.202445],[0.932053,0.26976,0.241877,0.674301]],"boundingbox":[[-0.039875,-0.432206,-0.098092],[2.823749,0.522578,0.199103]]},{"name":"Bone013","parent":"Bone012","initpos":[1.246148,0.077025,0.035302],"initquaternion":[0.016544,0.008832,-0.161845,0.986637],"initscale":[0.999999,1.0,0.999999],"offmtx":[[-0.380974,0.623986,0.682275,-4.581615],[9.089706054510316e-07,-0.737925,0.674882,1.290739],[0.924585,0.257113,0.281129,0.615705]],"boundingbox":[[0.007458,-0.429371,-0.18194],[4.079135,0.41192,0.150607]]},{"name":"Bone014","parent":"Bone012","initpos":[1.017297,0.574794,0.055754],"initquaternion":[0.017241,0.007378,-0.076469,0.996895],"initscale":[0.999999,0.999999,0.999999],"offmtx":[[-0.375348,0.488428,0.78775,-3.9907],[0.065229,-0.833864,0.548101,1.598737],[0.924585,0.257113,0.281129,0.615704]],"boundingbox":[[-0.086734,-0.444976,-0.133864],[4.803229,0.40559,0.219707]]},{"name":"Bone015","parent":"Bone012","initpos":[1.002764,0.197595,0.042527],"initquaternion":[0.018436,0.003435,0.143073,0.989534],"initscale":[0.999999,0.999999,0.999999],"offmtx":[[-0.311747,0.086442,0.946224,-2.807911],[0.218985,-0.962507,0.160077,3.505018],[0.924585,0.257113,0.281129,0.615704]],"boundingbox":[[-0.028617,-0.401648,-0.140589],[4.047898,0.425297,0.289621]]},{"name":"Bone016","parent":"Bone012","initpos":[1.330761,0.191278,0.03834],"initquaternion":[0.025932,-0.020098,0.342496,0.938946],"initscale":[0.999999,0.999999,0.999999],"offmtx":[[-0.158702,-0.296173,0.941857,-1.384349],[0.325713,-0.916248,-0.233237,4.553674],[0.932053,0.26976,0.241878,0.674299]],"boundingbox":[[0.012987,-0.390435,-0.114284],[2.856019,0.486996,0.171756]]},{"name":"Bone018","parent":"Bone012","initpos":[0.164217,0.024882,0.004567],"initquaternion":[0.019854,-0.026119,0.573598,0.818479],"initscale":[0.999999,0.999999,0.999999],"offmtx":[[0.0252,-0.714231,0.699455,1.630794],[0.361442,-0.645834,-0.6725,3.596727],[0.932054,0.269759,0.241877,0.674302]],"boundingbox":[[0.014221,-0.404951,-0.094061],[2.858879,0.470977,0.205854]]},{"name":"Bone019","parent":"Bone011","initpos":[1.027587,0.047084,0.068786],"initquaternion":[0.02823,-0.03187,0.796107,0.603655],"initscale":[0.999999,0.999999,0.999999],"offmtx":[[0.148046,-0.865789,0.478007,2.356126],[0.33843,-0.409802,-0.847069,1.933708],[0.929272,0.287178,0.232339,0.562317]],"boundingbox":[[-0.035138,-1.008033,-0.130241],[2.437082,1.0648,0.082098]]},{"name":"Bone004","parent":"Bone002","initpos":[0.609623,0.047205,0.0],"initquaternion":[0.0,-3.2423955076410493e-07,0.999712,-0.023994],"initscale":[1.0,1.0,1.0],"offmtx":[[1.2311720354318823e-07,-0.91988,0.392197,0.431054],[-5.970520646769728e-07,-0.392197,-0.91988,0.027352],[1.0,-1.2090897882899299e-07,-5.975032877358899e-07,-0.0]],"boundingbox":[[-0.031815,-0.833793,-0.795852],[1.616498,0.81452,0.800188]]},{"name":"Bone007","parent":"Bone004","initpos":[1.237384,-0.664889,0.398473],"initquaternion":[-0.023866,-0.083824,-0.272794,0.958116],"initscale":[1.0,1.0,1.0],"offmtx":[[0.173648,-0.566598,0.805488,-1.103275],[-5.73694592276297e-07,-0.817914,-0.575339,0.1637],[0.984807,0.099906,-0.142029,-0.210084]],"boundingbox":[[-0.049278,0.007146,-0.400197],[3.147177,0.215355,0.398887]]},{"name":"Bone005","parent":"Bone004","initpos":[1.214185,-0.650514,-5.364419166653533e-07],"initquaternion":[-0.0,2.5324487751277047e-07,-0.273836,0.961776],"initscale":[0.999999,0.999999,1.0],"offmtx":[[-0.0,-0.575339,0.817914,-1.022742],[-6.175060320856574e-07,-0.817914,-0.575339,0.1637],[1.0,-5.382608492254803e-07,-3.08086612221814e-07,0.0]],"boundingbox":[[0.011179,-0.106782,-0.404335],[3.607148,0.102092,0.394674]]},{"name":"Bone009","parent":"Bone004","initpos":[1.240905,-0.667071,-0.416117],"initquaternion":[0.023054,0.080973,-0.272863,0.958361],"initscale":[0.999999,1.0,0.999999],"offmtx":[[-0.167784,-0.567182,0.80632,-1.109048],[-1e-06,-0.817914,-0.575339,0.163699],[0.985823,-0.096534,0.137232,0.233343]],"boundingbox":[[-0.049949,0.007124,-0.390955],[3.151204,0.215333,0.427135]]},{"name":"Bone035","parent":"Bone004","initpos":[1.535364,0.61954,0.45147],"initquaternion":[0.014906,-0.023604,0.533749,0.845181],"initscale":[0.999999,0.999999,0.999999],"offmtx":[[0.055812,-0.748304,-0.661002,-1.03294],[-3.6880379639114835e-07,0.662034,-0.749473,0.74261],[0.998441,0.04183,0.036949,-0.394433]],"boundingbox":[[0.000523,-0.043087,-0.17697],[0.890564,0.27734,0.169517]]},{"name":"Bone034","parent":"Bone004","initpos":[1.522656,0.592841,-0.400154],"initquaternion":[-0.029108,0.046093,0.533163,0.844253],"initscale":[0.999999,1.0,1.0],"offmtx":[[-0.108868,-0.745018,-0.658099,-1.017487],[1.0430815677864302e-07,0.662034,-0.749473,0.74261],[0.994056,-0.081594,-0.072074,0.291112]],"boundingbox":[[0.035379,-0.043764,-0.185239],[0.923305,0.276757,0.153313]]},{"name":"Bone020","parent":"Bone002","initpos":[2.183941,0.550374,1.218999],"initquaternion":[0.137935,0.121102,-0.786625,0.589514],"initscale":[-0.999999,-0.999999,-0.999999],"offmtx":[[0.359791,0.629898,0.688315,-1.466091],[0.027894,-0.74465,0.666871,1.73924],[-0.932615,0.220734,0.285489,0.793496]],"boundingbox":[[-0.232214,-0.646224,-0.240979],[2.218189,0.612082,0.286821]]},{"name":"Bone021","parent":"Bone020","initpos":[1.944756,1e-06,-0.0],"initquaternion":[0.0,-1.0166791497567829e-07,0.162182,0.98676],"initscale":[1.0,1.0,1.0],"offmtx":[[0.349791,0.35842,0.865552,-2.674734],[-0.088732,-0.907089,0.41148,2.739458],[-0.932615,0.220734,0.285488,0.793497]],"boundingbox":[[0.012325,-0.684419,-0.23289],[2.48818,0.624518,0.255965]]},{"name":"Bone022","parent":"Bone021","initpos":[0.742888,0.318409,0.034527],"initquaternion":[0.023414,-0.022982,0.449545,0.892654],"initscale":[1.0,0.999999,0.999999],"offmtx":[[0.079024,-0.500154,0.862322,-0.045076],[-0.353596,-0.822845,-0.444853,4.202476],[-0.932053,0.269759,0.241877,0.674385]],"boundingbox":[[-0.039882,-0.432173,-0.098008],[2.823742,0.522609,0.199187]]},{"name":"Bone023","parent":"Bone021","initpos":[1.246148,0.077025,0.035302],"initquaternion":[0.016544,0.008832,-0.161845,0.986637],"initscale":[0.999999,0.999999,0.999999],"offmtx":[[0.380973,0.623986,0.682275,-4.581649],[-9.238716529580415e-07,-0.737925,0.674882,1.29074],[-0.924585,0.257113,0.281129,0.615788]],"boundingbox":[[0.007423,-0.429371,-0.181857],[4.079102,0.41192,0.15069]]},{"name":"Bone024","parent":"Bone021","initpos":[1.017298,0.574794,0.055754],"initquaternion":[0.017241,0.007378,-0.076469,0.996895],"initscale":[0.999999,0.999999,0.999999],"offmtx":[[0.375348,0.488429,0.78775,-3.990733],[-0.065229,-0.833864,0.548101,1.598743],[-0.924585,0.257113,0.281129,0.615787]],"boundingbox":[[-0.086768,-0.44497,-0.133781],[4.803195,0.405596,0.219789]]},{"name":"Bone025","parent":"Bone021","initpos":[1.002764,0.197595,0.042527],"initquaternion":[0.018436,0.003435,0.143073,0.989534],"initscale":[1.0,0.999999,0.999999],"offmtx":[[0.311747,0.086442,0.946224,-2.807939],[-0.218985,-0.962507,0.160077,3.505037],[-0.924585,0.257113,0.281129,0.615788]],"boundingbox":[[-0.028646,-0.401628,-0.140506],[4.04787,0.425317,0.289703]]},{"name":"Bone026","parent":"Bone021","initpos":[1.330761,0.191278,0.03834],"initquaternion":[0.025932,-0.020098,0.342496,0.938946],"initscale":[0.999999,0.999999,0.999999],"offmtx":[[0.158702,-0.296173,0.941857,-1.384363],[-0.325713,-0.916247,-0.233237,4.553703],[-0.932053,0.26976,0.241878,0.674383]],"boundingbox":[[0.012973,-0.390405,-0.1142],[2.856004,0.487026,0.17184]]},{"name":"Bone028","parent":"Bone021","initpos":[0.164217,0.024883,0.004566],"initquaternion":[0.019854,-0.026119,0.573598,0.818479],"initscale":[0.999999,0.999999,0.999999],"offmtx":[[-0.0252,-0.714232,0.699455,1.630797],[-0.361441,-0.645834,-0.6725,3.596758],[-0.932054,0.269759,0.241877,0.674386]],"boundingbox":[[0.014223,-0.404918,-0.093977],[2.858881,0.471008,0.205938]]},{"name":"Bone027","parent":"Bone020","initpos":[1.027587,0.047084,0.068786],"initquaternion":[0.02823,-0.03187,0.796107,0.603655],"initscale":[0.999999,0.999999,0.999999],"offmtx":[[-0.148046,-0.865789,0.478007,2.356139],[-0.33843,-0.409801,-0.847069,1.933737],[-0.929272,0.287178,0.232339,0.562401]],"boundingbox":[[-0.035126,-1.008003,-0.130157],[2.437095,1.064831,0.082183]]}],"boundingbox":[[-4.071569,-2.607033,-2.277853],[4.071568,6.530178,6.147147]]}