{
  "skeleton": [
    {
      "name": "root",
      "parent": "root",
      "initpos": [
        0,
        0,
        0
      ],
      "initquaternion": [
        0.707106,
        0,
        0,
        0.707106
      ],
      "initscale": [
        1,
        0.999999,
        0.999999
      ],
      "offmtx": [
        [
          1,
          0,
          0,
          0
        ],
        [
          0,
          1,
          0,
          0
        ],
        [
          0,
          0,
          1,
          0
        ]
      ],
      "boundingbox": [
        [
          0,
          0,
          0
        ],
        [
          0,
          0,
          0
        ]
      ]
    },
    {
      "name": "bone_00",
      "parent": "root",
      "initpos": [
        -0.035358,
        -0.000001,
        -25.68682
      ],
      "initquaternion": [
        0.5,
        -0.499999,
        -0.5,
        -0.499999
      ],
      "initscale": [
        1,
        1,
        1
      ],
      "offmtx": [
        [
          1.6292068494294654e-7,
          0.999999,
          0,
          -25.68682
        ],
        [
          -1,
          1.6292067073209182e-7,
          -1.7782183192593948e-7,
          -0.035362
        ],
        [
          -1.778218461367942e-7,
          0,
          0.999999,
          0.000001
        ]
      ],
      "boundingbox": [
        [
          0.003177,
          -3.585359,
          -3.349998
        ],
        [
          6.613175,
          3.514643,
          3.350004
        ]
      ]
    },
    {
      "name": "bone_05",
      "parent": "bone_00",
      "initpos": [
        3.42365,
        -1.95464,
        -3.152917
      ],
      "initquaternion": [
        9.536728953207785e-7,
        0,
        -0.001753,
        0.999998
      ],
      "initscale": [
        0.999999,
        0.999999,
        1
      ],
      "offmtx": [
        [
          0.003506,
          0.999993,
          1.6354314880118181e-7,
          -29.117023
        ],
        [
          -0.999993,
          0.003506,
          0.000001,
          1.817209
        ],
        [
          0.000001,
          -1.6960815685251873e-7,
          0.999999,
          3.152919
        ]
      ],
      "boundingbox": [
        [
          -0.060978,
          -1.184893,
          -0.03839
        ],
        [
          1.016995,
          0.812715,
          -0.038387
        ]
      ]
    },
    {
      "name": "bone_06",
      "parent": "bone_05",
      "initpos": [
        0.341966,
        0.045263,
        -0.027193
      ],
      "initquaternion": [
        0.000004,
        0,
        0.00316,
        0.999994
      ],
      "initscale": [
        0.999999,
        0.999999,
        1
      ],
      "offmtx": [
        [
          -0.002814,
          0.999996,
          1.7447486300170567e-7,
          -29.447202
        ],
        [
          -0.999996,
          -0.002814,
          0.000011,
          1.958134
        ],
        [
          0.000011,
          -1.4276901083576377e-7,
          1,
          3.180094
        ]
      ],
      "boundingbox": [
        [
          -0.003853,
          -0.448277,
          -0.132122
        ],
        [
          0.698688,
          0.458281,
          0.167887
        ]
      ]
    },
    {
      "name": "bone_01",
      "parent": "bone_00",
      "initpos": [
        1.128461,
        -0.084321,
        -3.359374
      ],
      "initquaternion": [
        0.000002,
        0,
        -0.003073,
        0.999995
      ],
      "initscale": [
        1,
        1,
        1
      ],
      "offmtx": [
        [
          0.006146,
          0.999981,
          1.640106290778931e-7,
          -26.815078
        ],
        [
          -0.999981,
          0.006146,
          0.000005,
          -0.11585
        ],
        [
          0.000005,
          -1.9516227212079684e-7,
          0.999999,
          3.35938
        ]
      ],
      "boundingbox": [
        [
          0.006562,
          -0.618599,
          -0.018135
        ],
        [
          0.188513,
          0.513757,
          -0.018129
        ]
      ]
    },
    {
      "name": "bone_07",
      "parent": "bone_01",
      "initpos": [
        -0.069932,
        0.673381,
        -0.033694
      ],
      "initquaternion": [
        -0.000005,
        0,
        0.00322,
        0.999994
      ],
      "initscale": [
        0.999999,
        0.999999,
        1
      ],
      "offmtx": [
        [
          -0.000293,
          0.999999,
          1.966482869875108e-7,
          -26.74967
        ],
        [
          -1,
          -0.000293,
          -0.000006,
          -0.617014
        ],
        [
          -0.000006,
          -1.986231552564277e-7,
          1,
          3.393068
        ]
      ],
      "boundingbox": [
        [
          0.000456,
          -0.184882,
          0.005557
        ],
        [
          0.160565,
          0.185164,
          0.00556
        ]
      ]
    },
    {
      "name": "bone_03",
      "parent": "bone_01",
      "initpos": [
        -0.061201,
        -0.682776,
        -0.033678
      ],
      "initquaternion": [
        -0.000005,
        0,
        0.00322,
        0.999994
      ],
      "initscale": [
        0.999999,
        0.999999,
        1
      ],
      "offmtx": [
        [
          -0.000293,
          0.999999,
          1.966482869875108e-7,
          -26.749671
        ],
        [
          -1,
          -0.000293,
          -0.000006,
          0.739172
        ],
        [
          -0.000006,
          -1.986231552564277e-7,
          1,
          3.393067
        ]
      ],
      "boundingbox": [
        [
          0.000086,
          -0.085549,
          0.005548
        ],
        [
          0.160137,
          0.091351,
          0.005549
        ]
      ]
    },
    {
      "name": "bone_08",
      "parent": "bone_00",
      "initpos": [
        0.669322,
        -0.057481,
        -3.390619
      ],
      "initquaternion": [
        -0.000003,
        0,
        0.000146,
        1
      ],
      "initscale": [
        0.999999,
        0.999999,
        1
      ],
      "offmtx": [
        [
          -0.000293,
          0.999999,
          1.6286853110614175e-7,
          -26.356138
        ],
        [
          -1,
          -0.000293,
          -0.000006,
          0.029829
        ],
        [
          -0.000006,
          -1.6484341358591337e-7,
          1,
          3.390624
        ]
      ],
      "boundingbox": [
        [
          -0.006201,
          -0.187921,
          0.003109
        ],
        [
          0.153906,
          0.182125,
          0.003112
        ]
      ]
    },
    {
      "name": "bone_02",
      "parent": "bone_00",
      "initpos": [
        2.099237,
        0.004821,
        -3.407226
      ],
      "initquaternion": [
        0,
        0,
        0,
        1
      ],
      "initscale": [
        1,
        1,
        1
      ],
      "offmtx": [
        [
          2.887672678753006e-7,
          0.999999,
          0,
          -27.786058
        ],
        [
          -1,
          2.8876729629701003e-7,
          0.000003,
          -0.040175
        ],
        [
          0.000003,
          0,
          1,
          3.407227
        ]
      ],
      "boundingbox": [
        [
          -0.006061,
          -0.038019,
          0.019686
        ],
        [
          1.323938,
          0.477115,
          0.019688
        ]
      ]
    },
    {
      "name": "bone_04",
      "parent": "bone_02",
      "initpos": [
        -0.108196,
        -0.022746,
        0.02893
      ],
      "initquaternion": [
        -0.000003,
        0,
        -0.001095,
        0.999999
      ],
      "initscale": [
        0.999999,
        0.999999,
        1
      ],
      "offmtx": [
        [
          0.00219,
          0.999997,
          1.6331073027231469e-7,
          -27.677757
        ],
        [
          -0.999997,
          0.00219,
          -0.000003,
          -0.078082
        ],
        [
          -0.000003,
          -1.54825357867594e-7,
          0.999999,
          3.3783
        ]
      ],
      "boundingbox": [
        [
          0.001821,
          -0.12809,
          -0.009243
        ],
        [
          0.082414,
          0.142747,
          -0.009241
        ]
      ]
    },
    {
      "name": "bone_29",
      "parent": "bone_00",
      "initpos": [
        4.212482,
        -1.630499,
        -3.370971
      ],
      "initquaternion": [
        0,
        0,
        0.184392,
        0.982852
      ],
      "initscale": [
        0.999999,
        0.999999,
        1
      ],
      "offmtx": [
        [
          -0.362461,
          0.931998,
          0,
          -27.287933
        ],
        [
          -0.931998,
          -0.362461,
          -2.2478212713394896e-7,
          12.324017
        ],
        [
          -1.7782180350423005e-7,
          -1.629206565212371e-7,
          0.999999,
          3.370976
        ]
      ],
      "boundingbox": [
        [
          -0.007361,
          -0.248082,
          -0.086391
        ],
        [
          0.277748,
          0.220685,
          0.03586
        ]
      ]
    },
    {
      "name": "bone_21",
      "parent": "bone_29",
      "initpos": [
        0.008087,
        -0.434074,
        4.76837158203125e-7
      ],
      "initquaternion": [
        0,
        0,
        0,
        1
      ],
      "initscale": [
        1,
        1,
        1
      ],
      "offmtx": [
        [
          -0.362461,
          0.931998,
          0,
          -27.296018
        ],
        [
          -0.931998,
          -0.362461,
          -2.2478212713394896e-7,
          12.758091
        ],
        [
          -1.7782180350423005e-7,
          -1.629206565212371e-7,
          0.999999,
          3.370976
        ]
      ],
      "boundingbox": [
        [
          -0.003861,
          -0.247582,
          -0.073483
        ],
        [
          0.242684,
          0.248323,
          0.050295
        ]
      ]
    },
    {
      "name": "bone_15",
      "parent": "bone_29",
      "initpos": [
        0.029632,
        0.399619,
        0.000001
      ],
      "initquaternion": [
        0,
        0,
        0,
        1
      ],
      "initscale": [
        1,
        1,
        1
      ],
      "offmtx": [
        [
          -0.362461,
          0.931998,
          0,
          -27.317567
        ],
        [
          -0.931998,
          -0.362461,
          -2.2478212713394896e-7,
          11.9244
        ],
        [
          -1.7782180350423005e-7,
          -1.629206565212371e-7,
          0.999999,
          3.370974
        ]
      ],
      "boundingbox": [
        [
          -0.00692,
          -0.246166,
          -0.079137
        ],
        [
          0.246106,
          0.24753,
          0.028602
        ]
      ]
    },
    {
      "name": "bone_30",
      "parent": "bone_00",
      "initpos": [
        4.205144,
        -2.6029,
        -3.370969
      ],
      "initquaternion": [
        0,
        0,
        -0.200925,
        0.979606
      ],
      "initscale": [
        0.999999,
        0.999999,
        1
      ],
      "offmtx": [
        [
          0.393655,
          0.919258,
          2.1976669017931272e-7,
          -28.489164
        ],
        [
          -0.919258,
          0.393655,
          0,
          -9.406893
        ],
        [
          -1.7782191719106777e-7,
          -1.6292067073209182e-7,
          1,
          3.370975
        ]
      ],
      "boundingbox": [
        [
          0.000414,
          -0.164763,
          -0.079137
        ],
        [
          0.24634,
          0.134385,
          0.028602
        ]
      ]
    },
    {
      "name": "bone_22",
      "parent": "bone_30",
      "initpos": [
        -0.003734,
        0.405451,
        -0.000001
      ],
      "initquaternion": [
        0,
        0,
        0,
        1
      ],
      "initscale": [
        1,
        1,
        1
      ],
      "offmtx": [
        [
          0.393655,
          0.919258,
          2.1976669017931272e-7,
          -28.485425
        ],
        [
          -0.919258,
          0.393655,
          0,
          -9.812345
        ],
        [
          -1.7782191719106777e-7,
          -1.6292067073209182e-7,
          1,
          3.370976
        ]
      ],
      "boundingbox": [
        [
          0.000836,
          -0.297856,
          -0.077684
        ],
        [
          0.243569,
          0.281516,
          0.027153
        ]
      ]
    },
    {
      "name": "bone_26",
      "parent": "bone_30",
      "initpos": [
        0.009586,
        -0.275592,
        0
      ],
      "initquaternion": [
        0,
        0,
        0.008941,
        0.99996
      ],
      "initscale": [
        0.999999,
        0.999999,
        1
      ],
      "offmtx": [
        [
          0.377153,
          0.92615,
          2.1795526095047535e-7,
          -28.657476
        ],
        [
          -0.92615,
          0.377153,
          -1.0324368560077346e-7,
          -8.620223
        ],
        [
          -1.7782188876935834e-7,
          -1.6292067073209182e-7,
          1,
          3.370974
        ]
      ],
      "boundingbox": [
        [
          0.003469,
          -0.154838,
          -0.084301
        ],
        [
          0.230108,
          0.121502,
          0.033765
        ]
      ]
    },
    {
      "name": "bone_14",
      "parent": "bone_00",
      "initpos": [
        5.444431,
        -1.333186,
        -3.472412
      ],
      "initquaternion": [
        2.3464720300125919e-7,
        0,
        0.177162,
        0.984181
      ],
      "initscale": [
        1,
        1,
        1
      ],
      "offmtx": [
        [
          -0.348719,
          0.937227,
          0,
          -28.724479
        ],
        [
          -0.937227,
          -0.348719,
          2.5336413500554045e-7,
          12.072441
        ],
        [
          2.6908293193628197e-7,
          0,
          1,
          3.472411
        ]
      ],
      "boundingbox": [
        [
          -0.005148,
          -0.848749,
          -0.027585
        ],
        [
          0.256266,
          0.752995,
          0.072414
        ]
      ]
    },
    {
      "name": "bone_19",
      "parent": "bone_00",
      "initpos": [
        4.772731,
        -1.34875,
        -3.472412
      ],
      "initquaternion": [
        2.3464720300125919e-7,
        0,
        0.177162,
        0.984181
      ],
      "initscale": [
        1,
        1,
        1
      ],
      "offmtx": [
        [
          -0.348719,
          0.937227,
          0,
          -28.089515
        ],
        [
          -0.937227,
          -0.348719,
          2.5336413500554045e-7,
          11.852792
        ],
        [
          2.6908293193628197e-7,
          0,
          1,
          3.472412
        ]
      ],
      "boundingbox": [
        [
          0.008353,
          -0.837166,
          -0.027584
        ],
        [
          0.269768,
          0.764578,
          0.072415
        ]
      ]
    },
    {
      "name": "bone_20",
      "parent": "bone_19",
      "initpos": [
        -0.099798,
        -1.203561,
        -9.5367431640625e-7
      ],
      "initquaternion": [
        -2.3453547726148827e-7,
        0,
        -0.179745,
        0.983713
      ],
      "initscale": [
        0.999999,
        0.999999,
        1
      ],
      "offmtx": [
        [
          0.00525,
          0.999986,
          1.6385210699354502e-7,
          -30.798305
        ],
        [
          -0.999986,
          0.00525,
          -1.7696574161618628e-7,
          2.314536
        ],
        [
          -1.7782355143936002e-7,
          -1.6292072757551068e-7,
          0.999999,
          3.472418
        ]
      ],
      "boundingbox": [
        [
          -0.00395,
          -0.501794,
          -0.027584
        ],
        [
          0.251295,
          0.499504,
          0.072415
        ]
      ]
    },
    {
      "name": "bone_31",
      "parent": "bone_00",
      "initpos": [
        3.251396,
        -1.747966,
        -3.38623
      ],
      "initquaternion": [
        0,
        0,
        -0.154233,
        0.988034
      ],
      "initscale": [
        0.999999,
        0.999999,
        1
      ],
      "offmtx": [
        [
          1,
          0,
          0,
          0
        ],
        [
          0,
          1,
          0,
          0
        ],
        [
          0,
          0,
          1,
          0
        ]
      ],
      "boundingbox": [
        [
          0,
          0,
          0
        ],
        [
          0,
          0,
          0
        ]
      ]
    },
    {
      "name": "bone_27",
      "parent": "bone_31",
      "initpos": [
        0.161249,
        -0.505862,
        0.004518
      ],
      "initquaternion": [
        0,
        0,
        0.021241,
        0.999774
      ],
      "initscale": [
        0.999999,
        0.999999,
        1
      ],
      "offmtx": [
        [
          0.264048,
          0.964509,
          1.9918152815989743e-7,
          -28.503013
        ],
        [
          -0.964509,
          0.264048,
          -4.072152250955696e-7,
          -5.477023
        ],
        [
          -4.4535647703014547e-7,
          0,
          0.999999,
          3.381715
        ]
      ],
      "boundingbox": [
        [
          0.00216,
          -0.176444,
          -0.076001
        ],
        [
          0.204081,
          0.179654,
          0.046951
        ]
      ]
    },
    {
      "name": "bone_32",
      "parent": "bone_31",
      "initpos": [
        0.146102,
        -0.149643,
        0.004516
      ],
      "initquaternion": [
        0,
        0,
        0.021241,
        0.999774
      ],
      "initscale": [
        0.999999,
        0.999999,
        1
      ],
      "offmtx": [
        [
          0.264048,
          0.964509,
          1.9918152815989743e-7,
          -28.503013
        ],
        [
          -0.964509,
          0.264048,
          -4.072152250955696e-7,
          -5.833563
        ],
        [
          -4.4535647703014547e-7,
          0,
          0.999999,
          3.381717
        ]
      ],
      "boundingbox": [
        [
          0.000236,
          -0.177968,
          -0.064522
        ],
        [
          0.202155,
          0.178129,
          0.035477
        ]
      ]
    },
    {
      "name": "bone_33",
      "parent": "bone_31",
      "initpos": [
        0.131515,
        0.193514,
        0.004516
      ],
      "initquaternion": [
        0,
        0,
        0.021241,
        0.999774
      ],
      "initscale": [
        0.999999,
        0.999999,
        1
      ],
      "offmtx": [
        [
          0.264048,
          0.964509,
          1.9918152815989743e-7,
          -28.503013
        ],
        [
          -0.964509,
          0.264048,
          -4.072152250955696e-7,
          -6.177031
        ],
        [
          -4.4535647703014547e-7,
          0,
          0.999999,
          3.381717
        ]
      ],
      "boundingbox": [
        [
          -0.003836,
          -0.166637,
          -0.064522
        ],
        [
          0.197937,
          0.163024,
          0.035476
        ]
      ]
    },
    {
      "name": "bone_16",
      "parent": "bone_31",
      "initpos": [
        0.118753,
        0.493755,
        0.004516
      ],
      "initquaternion": [
        0,
        0,
        0.021241,
        0.999774
      ],
      "initscale": [
        0.999999,
        0.999999,
        1
      ],
      "offmtx": [
        [
          0.264048,
          0.964509,
          1.9918152815989743e-7,
          -28.503015
        ],
        [
          -0.964509,
          0.264048,
          -4.072152250955696e-7,
          -6.477543
        ],
        [
          -4.4535647703014547e-7,
          0,
          0.999999,
          3.381716
        ]
      ],
      "boundingbox": [
        [
          -0.005275,
          -0.13857,
          -0.064523
        ],
        [
          0.196157,
          0.127468,
          0.035476
        ]
      ]
    },
    {
      "name": "bone_18",
      "parent": "bone_00",
      "initpos": [
        3.651905,
        -2.952965,
        -3.38623
      ],
      "initquaternion": [
        0,
        0,
        0.450974,
        0.892536
      ],
      "initscale": [
        1,
        1,
        1
      ],
      "offmtx": [
        [
          1,
          0,
          0,
          0
        ],
        [
          0,
          1,
          0,
          0
        ],
        [
          0,
          0,
          1,
          0
        ]
      ],
      "boundingbox": [
        [
          0,
          0,
          0
        ],
        [
          0,
          0,
          0
        ]
      ]
    },
    {
      "name": "bone_34",
      "parent": "bone_18",
      "initpos": [
        0.131257,
        -0.459831,
        0.004516
      ],
      "initquaternion": [
        -1.631950965474971e-7,
        0,
        -0.006352,
        0.999979
      ],
      "initscale": [
        1,
        1,
        1
      ],
      "offmtx": [
        [
          -0.79742,
          0.603423,
          0,
          -15.514201
        ],
        [
          -0.603423,
          -0.79742,
          -6.786676749470644e-7,
          25.61399
        ],
        [
          -3.733187270427152e-7,
          -5.685810151589976e-7,
          0.999999,
          3.381731
        ]
      ],
      "boundingbox": [
        [
          -0.004724,
          -0.134931,
          -0.064523
        ],
        [
          0.197117,
          0.141404,
          0.035476
        ]
      ]
    },
    {
      "name": "bone_28",
      "parent": "bone_18",
      "initpos": [
        0.134869,
        -0.175363,
        0.004518
      ],
      "initquaternion": [
        -1.631950965474971e-7,
        0,
        -0.006352,
        0.999979
      ],
      "initscale": [
        1,
        1,
        1
      ],
      "offmtx": [
        [
          -0.79742,
          0.603423,
          0,
          -15.514202
        ],
        [
          -0.603423,
          -0.79742,
          -6.786676749470644e-7,
          25.329502
        ],
        [
          -3.733187270427152e-7,
          -5.685810151589976e-7,
          0.999999,
          3.381729
        ]
      ],
      "boundingbox": [
        [
          -0.002878,
          -0.144426,
          -0.064525
        ],
        [
          0.198961,
          0.131909,
          0.035475
        ]
      ]
    },
    {
      "name": "bone_17",
      "parent": "bone_18",
      "initpos": [
        0.138334,
        0.097255,
        0.004518
      ],
      "initquaternion": [
        -1.631950965474971e-7,
        0,
        -0.006352,
        0.999979
      ],
      "initscale": [
        1,
        1,
        1
      ],
      "offmtx": [
        [
          -0.79742,
          0.603423,
          0,
          -15.514201
        ],
        [
          -0.603423,
          -0.79742,
          -6.786676749470644e-7,
          25.056859
        ],
        [
          -3.733187270427152e-7,
          -5.685810151589976e-7,
          0.999999,
          3.381729
        ]
      ],
      "boundingbox": [
        [
          -0.001032,
          -0.142072,
          -0.064525
        ],
        [
          0.200806,
          0.134261,
          0.035474
        ]
      ]
    },
    {
      "name": "bone_35",
      "parent": "bone_18",
      "initpos": [
        0.147329,
        0.375699,
        0.004518
      ],
      "initquaternion": [
        -1.6359518895114888e-7,
        0,
        -0.015902,
        0.999873
      ],
      "initscale": [
        0.999999,
        0.999999,
        1
      ],
      "offmtx": [
        [
          -0.785749,
          0.618544,
          0,
          -15.990104
        ],
        [
          -0.618544,
          -0.785749,
          -6.794057298975531e-7,
          24.477373
        ],
        [
          -3.7926608342786494e-7,
          -5.660999704559799e-7,
          1,
          3.381729
        ]
      ],
      "boundingbox": [
        [
          -0.005295,
          -0.144334,
          -0.064525
        ],
        [
          0.198097,
          0.133122,
          0.035474
        ]
      ]
    },
    {
      "name": "bone_43",
      "parent": "bone_00",
      "initpos": [
        5.447513,
        1.306008,
        -3.472412
      ],
      "initquaternion": [
        4.6938805553509155e-7,
        0,
        -0.176067,
        0.984378
      ],
      "initscale": [
        1,
        1,
        1
      ],
      "offmtx": [
        [
          0.346633,
          0.938,
          2.144587654129282e-7,
          -28.739061
        ],
        [
          -0.938,
          0.346633,
          8.433512448391411e-7,
          -12.050415
        ],
        [
          7.167252533690771e-7,
          -4.934964294989186e-7,
          1,
          3.472428
        ]
      ],
      "boundingbox": [
        [
          -0.012809,
          -0.72005,
          -0.027585
        ],
        [
          0.244561,
          0.781161,
          0.072415
        ]
      ]
    },
    {
      "name": "bone_44",
      "parent": "bone_00",
      "initpos": [
        4.772731,
        1.320772,
        -3.472412
      ],
      "initquaternion": [
        4.700029307969089e-7,
        0,
        -0.168699,
        0.985667
      ],
      "initscale": [
        0.999999,
        0.999999,
        1
      ],
      "offmtx": [
        [
          0.332563,
          0.94308,
          2.1278442829952837e-7,
          -28.274826
        ],
        [
          -0.943081,
          0.332563,
          8.401553941439488e-7,
          -11.408666
        ],
        [
          7.215703590190969e-7,
          -4.800776878255419e-7,
          0.999999,
          3.472428
        ]
      ],
      "boundingbox": [
        [
          -0.000269,
          -0.732431,
          -0.027585
        ],
        [
          0.264787,
          0.770004,
          0.072415
        ]
      ]
    },
    {
      "name": "bone_61",
      "parent": "bone_44",
      "initpos": [
        -0.102783,
        1.14468,
        2.384185791015625e-7
      ],
      "initquaternion": [
        0.000002,
        3.9604080370736483e-7,
        0.166111,
        0.986106
      ],
      "initscale": [
        0.999999,
        0.999999,
        1
      ],
      "offmtx": [
        [
          0.005249,
          0.999986,
          4.7628296329094155e-7,
          -30.729919
        ],
        [
          -0.999986,
          0.005249,
          0.000005,
          -2.631186
        ],
        [
          0.000005,
          -5.051086873208988e-7,
          0.999999,
          3.47244
        ]
      ],
      "boundingbox": [
        [
          0.003662,
          -0.497998,
          -0.027587
        ],
        [
          0.258909,
          0.503301,
          0.072417
        ]
      ]
    },
    {
      "name": "bone_60",
      "parent": "bone_00",
      "initpos": [
        4.212482,
        1.55964,
        -3.370971
      ],
      "initquaternion": [
        -1.3137673704477493e-7,
        0,
        -0.184391,
        0.982852
      ],
      "initscale": [
        1,
        1,
        1
      ],
      "offmtx": [
        [
          0.36246,
          0.931999,
          2.1629531943290203e-7,
          -27.288003
        ],
        [
          -0.931999,
          0.36246,
          -3.740152578757261e-7,
          -12.323849
        ],
        [
          -4.2698042079791776e-7,
          0,
          0.999999,
          3.370973
        ]
      ],
      "boundingbox": [
        [
          -0.007411,
          -0.220553,
          -0.08639
        ],
        [
          0.277697,
          0.248213,
          0.035861
        ]
      ]
    },
    {
      "name": "bone_55",
      "parent": "bone_60",
      "initpos": [
        0.029634,
        -0.399616,
        -4.76837158203125e-7
      ],
      "initquaternion": [
        0,
        0,
        0,
        1
      ],
      "initscale": [
        1,
        1,
        1
      ],
      "offmtx": [
        [
          0.36246,
          0.931999,
          2.1629551838486805e-7,
          -27.317636
        ],
        [
          -0.931999,
          0.36246,
          -4.591714457546914e-7,
          -11.924246
        ],
        [
          -5.063460548626608e-7,
          0,
          1,
          3.370972
        ]
      ],
      "boundingbox": [
        [
          -0.006967,
          -0.247396,
          -0.079135
        ],
        [
          0.246056,
          0.2463,
          0.028604
        ]
      ]
    },
    {
      "name": "bone_53",
      "parent": "bone_60",
      "initpos": [
        0.008087,
        0.434077,
        -4.76837158203125e-7
      ],
      "initquaternion": [
        0,
        0,
        0,
        1
      ],
      "initscale": [
        1,
        1,
        1
      ],
      "offmtx": [
        [
          0.36246,
          0.931999,
          2.1629551838486805e-7,
          -27.296087
        ],
        [
          -0.931999,
          0.36246,
          -4.591714457546914e-7,
          -12.757939
        ],
        [
          -5.063460548626608e-7,
          0,
          1,
          3.370972
        ]
      ],
      "boundingbox": [
        [
          -0.003911,
          -0.248191,
          -0.073481
        ],
        [
          0.242636,
          0.247714,
          0.050296
        ]
      ]
    },
    {
      "name": "bone_63",
      "parent": "bone_00",
      "initpos": [
        4.205142,
        2.53264,
        -3.37097
      ],
      "initquaternion": [
        -3.3791999953791674e-7,
        0,
        0.200925,
        0.979606
      ],
      "initscale": [
        0.999999,
        0.999999,
        1
      ],
      "offmtx": [
        [
          -0.393656,
          0.919257,
          0,
          -28.489328
        ],
        [
          -0.919257,
          -0.393656,
          -9.175086574941815e-7,
          9.406517
        ],
        [
          -8.120266556943534e-7,
          -4.3450828002278286e-7,
          1,
          3.370981
        ]
      ],
      "boundingbox": [
        [
          0.000233,
          -0.134806,
          -0.079136
        ],
        [
          0.24616,
          0.164344,
          0.028604
        ]
      ]
    },
    {
      "name": "bone_57",
      "parent": "bone_63",
      "initpos": [
        0.009584,
        0.275592,
        -4.76837158203125e-7
      ],
      "initquaternion": [
        2.3840907203975803e-7,
        0,
        -0.008942,
        0.99996
      ],
      "initscale": [
        0.999999,
        0.999999,
        1
      ],
      "offmtx": [
        [
          -0.377153,
          0.92615,
          0,
          -28.657651
        ],
        [
          -0.92615,
          -0.377153,
          -4.390982155655365e-7,
          8.619798
        ],
        [
          -3.704035691498575e-7,
          -2.546672135395056e-7,
          1,
          3.370977
        ]
      ],
      "boundingbox": [
        [
          0.003293,
          -0.121924,
          -0.084299
        ],
        [
          0.229933,
          0.154416,
          0.033767
        ]
      ]
    },
    {
      "name": "bone_54",
      "parent": "bone_63",
      "initpos": [
        -0.003734,
        -0.40545,
        -0.000004
      ],
      "initquaternion": [
        0,
        0,
        0,
        1
      ],
      "initscale": [
        1,
        1,
        1
      ],
      "offmtx": [
        [
          -0.393654,
          0.919258,
          0,
          -28.48561
        ],
        [
          -0.919258,
          -0.393654,
          -4.406713003390905e-7,
          9.811918
        ],
        [
          -3.736900566764234e-7,
          -2.4679891907908313e-7,
          1,
          3.37098
        ]
      ],
      "boundingbox": [
        [
          0.000653,
          -0.281935,
          -0.077681
        ],
        [
          0.243385,
          0.297438,
          0.027156
        ]
      ]
    },
    {
      "name": "bone_62",
      "parent": "bone_00",
      "initpos": [
        3.42365,
        1.88364,
        -3.152918
      ],
      "initquaternion": [
        -0.000004,
        0,
        0.001753,
        0.999998
      ],
      "initscale": [
        0.999999,
        0.999999,
        1
      ],
      "offmtx": [
        [
          -0.003506,
          0.999993,
          1.6229616051077755e-7,
          -29.117019
        ],
        [
          -0.999993,
          -0.003506,
          -0.000009,
          -1.816949
        ],
        [
          -0.000009,
          -1.9468684797629976e-7,
          1,
          3.152907
        ]
      ],
      "boundingbox": [
        [
          -0.060978,
          -0.81243,
          -0.038396
        ],
        [
          1.016995,
          1.185178,
          -0.038377
        ]
      ]
    },
    {
      "name": "bone_47",
      "parent": "bone_62",
      "initpos": [
        0.341966,
        -0.045263,
        -0.027194
      ],
      "initquaternion": [
        -0.000011,
        0,
        -0.00316,
        0.999994
      ],
      "initscale": [
        0.999999,
        0.999999,
        1
      ],
      "offmtx": [
        [
          0.002814,
          0.999996,
          2.20684000851179e-7,
          -29.447206
        ],
        [
          -0.999996,
          0.002814,
          -0.000032,
          -1.957917
        ],
        [
          -0.000032,
          -1.3027268153109617e-7,
          1,
          3.180057
        ]
      ],
      "boundingbox": [
        [
          -0.00392,
          -0.432883,
          -0.132129
        ],
        [
          0.698616,
          0.471362,
          0.1679
        ]
      ]
    },
    {
      "name": "bone_66",
      "parent": "bone_00",
      "initpos": [
        3.251396,
        1.67764,
        -3.38623
      ],
      "initquaternion": [
        2.355657642283404e-7,
        0,
        0.154233,
        0.988034
      ],
      "initscale": [
        1,
        1,
        1
      ],
      "offmtx": [
        [
          1,
          0,
          0,
          0
        ],
        [
          0,
          1,
          0,
          0
        ],
        [
          0,
          0,
          1,
          0
        ]
      ],
      "boundingbox": [
        [
          0,
          0,
          0
        ],
        [
          0,
          0,
          0
        ]
      ]
    },
    {
      "name": "bone_64",
      "parent": "bone_66",
      "initpos": [
        0.146106,
        0.149643,
        0.004516
      ],
      "initquaternion": [
        -2.368104503602808e-7,
        0,
        -0.02124,
        0.999774
      ],
      "initscale": [
        0.999999,
        0.999999,
        1
      ],
      "offmtx": [
        [
          -0.26405,
          0.964508,
          0,
          -28.503103
        ],
        [
          -0.964509,
          -0.26405,
          -2.1185056198191887e-7,
          5.833225
        ],
        [
          -1.8058504736018222e-7,
          -1.4267997983097302e-7,
          1,
          3.381718
        ]
      ],
      "boundingbox": [
        [
          0.000134,
          -0.178505,
          -0.064522
        ],
        [
          0.202053,
          0.177593,
          0.035477
        ]
      ]
    },
    {
      "name": "bone_56",
      "parent": "bone_66",
      "initpos": [
        0.131517,
        -0.193516,
        0.004514
      ],
      "initquaternion": [
        -2.368104503602808e-7,
        0,
        -0.02124,
        0.999774
      ],
      "initscale": [
        0.999999,
        0.999999,
        1
      ],
      "offmtx": [
        [
          -0.26405,
          0.964508,
          0,
          -28.503101
        ],
        [
          -0.964509,
          -0.26405,
          -2.1185056198191887e-7,
          6.176693
        ],
        [
          -1.8058504736018222e-7,
          -1.4267997983097302e-7,
          1,
          3.38172
        ]
      ],
      "boundingbox": [
        [
          -0.003938,
          -0.163399,
          -0.06452
        ],
        [
          0.197836,
          0.166262,
          0.035479
        ]
      ]
    },
    {
      "name": "bone_58",
      "parent": "bone_66",
      "initpos": [
        0.118755,
        -0.493755,
        0.004516
      ],
      "initquaternion": [
        -2.368104503602808e-7,
        0,
        -0.02124,
        0.999774
      ],
      "initscale": [
        0.999999,
        0.999999,
        1
      ],
      "offmtx": [
        [
          -0.26405,
          0.964508,
          0,
          -28.503103
        ],
        [
          -0.964508,
          -0.26405,
          -2.1185074672303017e-7,
          6.477219
        ],
        [
          -1.8058514683616522e-7,
          -1.4268020720464847e-7,
          1,
          3.381719
        ]
      ],
      "boundingbox": [
        [
          -0.005377,
          -0.127845,
          -0.064522
        ],
        [
          0.196057,
          0.138194,
          0.035477
        ]
      ]
    },
    {
      "name": "bone_65",
      "parent": "bone_66",
      "initpos": [
        0.161247,
        0.505862,
        0.004516
      ],
      "initquaternion": [
        2.383648336490296e-7,
        0,
        -0.02124,
        0.999774
      ],
      "initscale": [
        1,
        1,
        1
      ],
      "offmtx": [
        [
          -0.264049,
          0.964508,
          0,
          -28.503105
        ],
        [
          -0.964509,
          -0.264049,
          7.387143909909355e-7,
          5.476673
        ],
        [
          7.362433507296373e-7,
          1.0831661967358741e-7,
          1,
          3.381713
        ]
      ],
      "boundingbox": [
        [
          0.002059,
          -0.180031,
          -0.075999
        ],
        [
          0.20398,
          0.176067,
          0.046954
        ]
      ]
    },
    {
      "name": "bone_50",
      "parent": "bone_00",
      "initpos": [
        3.651903,
        2.88264,
        -3.38623
      ],
      "initquaternion": [
        0,
        0,
        -0.450975,
        0.892536
      ],
      "initscale": [
        0.999999,
        0.999999,
        1
      ],
      "offmtx": [
        [
          1,
          0,
          0,
          0
        ],
        [
          0,
          1,
          0,
          0
        ],
        [
          0,
          0,
          1,
          0
        ]
      ],
      "boundingbox": [
        [
          0,
          0,
          0
        ],
        [
          0,
          0,
          0
        ]
      ]
    },
    {
      "name": "bone_49",
      "parent": "bone_50",
      "initpos": [
        0.134871,
        0.175365,
        0.004518
      ],
      "initquaternion": [
        2.3841377583266876e-7,
        0,
        0.006351,
        0.999979
      ],
      "initscale": [
        0.999999,
        0.999999,
        1
      ],
      "offmtx": [
        [
          0.797422,
          0.603421,
          2.4010901711335464e-7,
          -15.51383
        ],
        [
          -0.603421,
          0.797422,
          4.994522555534786e-7,
          -25.329778
        ],
        [
          1.0991195154019806e-7,
          -5.431613203654706e-7,
          0.999999,
          3.38173
        ]
      ],
      "boundingbox": [
        [
          -0.020966,
          -0.118225,
          -0.064523
        ],
        [
          0.180873,
          0.15811,
          0.035476
        ]
      ]
    },
