{"skeleton":[{"name":"root","parent":"root","initpos":[0.0,0.0,-0.0],"initquaternion":[0.707106,0.0,0.0,0.707106],"initscale":[1.0,1.0,0.999999],"offmtx":[[1.0,0.0,0.0,0.0],[0.0,1.0,0.0,0.0],[0.0,0.0,1.0,0.0]],"boundingbox":[[0.0,0.0,0.0],[0.0,0.0,0.0]]},{"name":"Bone001","parent":"root","initpos":[-9.521947959001409e-07,2.9198275797170936e-07,-4.397137],"initquaternion":[0.5,-0.499999,-0.5,-0.499999],"initscale":[0.999999,0.999999,0.999999],"offmtx":[[3.5226511840846797e-07,1.0,0.0,-4.397137],[-1.0,3.5226508998675854e-07,-5.553114306167117e-07,-2e-06],[-5.553114306167117e-07,0.0,0.999999,4.768359360696195e-07]],"boundingbox":[[-1.3e-05,-15.019224,-1.859002],[24.905574,15.019231,2.26747]]},{"name":"Bone002","parent":"Bone001","initpos":[24.06147,20.726486,-2.471611],"initquaternion":[3.2740948086029675e-07,-0.848048,-3.274094240168779e-07,0.529919],"initscale":[1.0,0.999999,0.999999],"offmtx":[[3.0559448305211845e-07,-0.43837,0.898794,14.696921],[-1.0,0.0,3.8533087831638113e-07,-20.726482],[-2.524445221752103e-07,-0.898794,-0.43837,24.494941]],"boundingbox":[[9e-06,-1.23497,-1.239577],[4.965621,1.247837,1.243228]]},{"name":"Bone003","parent":"Bone002","initpos":[1.73671,1.168317,-0.715824],"initquaternion":[0.472551,0.525336,-0.521,-0.478826],"initscale":[0.999999,1.0,0.999999],"offmtx":[[-0.995435,0.031966,-0.089928,-22.754472],[-0.010506,0.899811,0.436151,-25.470973],[0.09486,0.435105,-0.895368,-10.788665]],"boundingbox":[[-0.229648,-0.13834,-2.499904],[2.88042,0.14324,1.747356]]},{"name":"Bone004","parent":"Bone003","initpos":[2.71795,-0.002717,0.002794],"initquaternion":[-0.001467,0.17582,0.005749,0.984404],"initscale":[1.0,0.999999,0.999999],"offmtx":[[-0.966777,-0.110912,0.230302,-20.435317],[0.001193,0.898993,0.437961,-25.155635],[-0.255616,0.423685,-0.868994,-19.066299]],"boundingbox":[[-0.3591,-0.102308,-1.336916],[2.521671,0.074725,1.373601]]},{"name":"Bone005","parent":"Bone002","initpos":[4.935327,0.006034,-0.138126],"initquaternion":[0.0,0.0,0.0,1.0],"initscale":[1.0,1.0,1.0],"offmtx":[[-3.372732635398279e-07,-0.438371,0.898793,9.761601],[-1.0,-0.0,-4.015066394913447e-07,-20.732511],[2.2439297708842787e-07,-0.898793,-0.438371,24.633062]],"boundingbox":[[7e-06,-1.105583,-1.7e-05],[2.210383,1.105583,0.139947]]},{"name":"Bone006","parent":"Bone002","initpos":[-0.263923,0.019853,-0.683258],"initquaternion":[0.325217,0.000166,0.945638,0.001353],"initscale":[0.999999,0.999999,1.0],"offmtx":[[-0.002667,-0.207187,-0.978297,3.635088],[0.999996,4.776522359861701e-07,-0.002726,20.739671],[0.000565,-0.978301,0.207186,29.065982]],"boundingbox":[[-9e-06,-1.112091,-1.143326],[2.182164,1.14167,1.110439]]},{"name":"Bone007","parent":"Bone006","initpos":[1.637368,-0.927947,-0.756883],"initquaternion":[-0.002538,0.707103,-0.002002,0.707102],"initscale":[0.999999,0.999999,1.0],"offmtx":[[-0.006987,0.978281,-0.207164,-29.961395],[0.999973,0.00644,-0.003312,21.474126],[-0.001906,-0.207182,-0.9783,2.01406]],"boundingbox":[[-1e-06,-0.555124,-0.183018],[1.492956,0.56487,0.181528]]},{"name":"Bone008","parent":"Bone006","initpos":[1.632436,0.922044,-0.755832],"initquaternion":[-0.707092,-0.004285,0.707106,0.001054],"initscale":[0.999999,0.999999,1.0],"offmtx":[[0.006986,0.978281,-0.207164,-29.671369],[-0.999973,0.006441,-0.003308,-20.032924],[-0.001901,0.207182,0.9783,-2.093116]],"boundingbox":[[0.005395,-0.581531,-0.188683],[1.51386,0.560581,0.180165]]},{"name":"Bone009","parent":"Bone002","initpos":[1.736712,-1.163681,-0.715827],"initquaternion":[0.478826,-0.521,0.525336,-0.472551],"initscale":[1.0,0.999999,0.999999],"offmtx":[[0.995435,0.031965,-0.089928,18.513877],[0.010507,0.899811,0.436151,-25.035394],[0.09486,-0.435105,0.895368,14.721354]],"boundingbox":[[-0.23706,-0.138422,-1.748062],[2.873014,0.14316,2.499198]]},{"name":"Bone010","parent":"Bone009","initpos":[2.717953,-0.002721,-0.002793],"initquaternion":[0.001467,-0.17582,0.005749,0.984404],"initscale":[1.0,1.0,1.0],"offmtx":[[0.966777,-0.110913,0.230302,19.64495],[-0.001192,0.898992,0.437961,-25.205089],[-0.255616,-0.423685,0.868993,8.469057]],"boundingbox":[[-0.366298,-0.102292,-1.371701],[2.514472,0.074742,1.338815]]},{"name":"Bone011","parent":"Bone001","initpos":[24.061481,-20.705513,-2.471628],"initquaternion":[0.529919,2.0341983031357813e-07,0.848047,-2.8937978413523524e-07],"initscale":[0.999999,0.999999,0.999999],"offmtx":[[-4.2601644167916675e-07,-0.43837,0.898794,14.696903],[1.0,2.4531615849809896e-07,5.936349793955742e-07,-20.70553],[-4.807209279533708e-07,0.898794,0.43837,-24.494941]],"boundingbox":[[9.5367431640625e-07,-1.214014,-1.24323],[4.965613,1.268791,1.23958]]},{"name":"Bone012","parent":"Bone011","initpos":[1.73671,1.168317,0.715824],"initquaternion":[0.472551,0.525336,0.521,0.478826],"initscale":[1.0,0.999999,0.999999],"offmtx":[[0.995435,0.031966,-0.089928,-22.733604],[0.010506,0.899812,0.436151,-25.470773],[0.09486,-0.435105,0.895368,10.790633]],"boundingbox":[[-0.208789,-0.138125,-1.745374],[2.901281,0.143459,2.501885]]},{"name":"Bone013","parent":"Bone012","initpos":[2.717945,-0.002716,-0.002792],"initquaternion":[0.001466,-0.17582,0.005749,0.984404],"initscale":[1.0,1.0,1.0],"offmtx":[[0.966777,-0.110912,0.230303,-20.415079],[-0.001193,0.898993,0.43796,-25.155656],[-0.255616,-0.423685,0.868994,19.060911]],"boundingbox":[[-0.33884,-0.102337,-1.378968],[2.541933,0.074702,1.33155]]},{"name":"Bone014","parent":"Bone011","initpos":[1.736714,-1.163681,0.715829],"initquaternion":[-0.478826,0.521,0.525336,-0.472551],"initscale":[1.0,0.999999,1.0],"offmtx":[[-0.995435,0.031965,-0.089928,18.493022],[-0.010507,0.899811,0.436151,-25.035608],[0.09486,0.435105,-0.895368,-14.719355]],"boundingbox":[[-0.257917,-0.138645,-2.4972],[2.852153,0.142938,1.750057]]},{"name":"Bone015","parent":"Bone014","initpos":[2.717954,-0.002723,0.002796],"initquaternion":[-0.001466,0.17582,0.005749,0.984404],"initscale":[0.999999,0.999999,0.999999],"offmtx":[[-0.966777,-0.110913,0.230302,19.624698],[0.001192,0.898993,0.43796,-25.205074],[-0.255616,0.423685,-0.868994,-8.474401]],"boundingbox":[[-0.38656,-0.102268,-1.344167],[2.494212,0.074764,1.36635]]},{"name":"Bone016","parent":"Bone011","initpos":[4.935327,0.006034,0.138126],"initquaternion":[0.0,0.0,0.0,1.0],"initscale":[1.0,1.0,1.0],"offmtx":[[-2.117268280699136e-07,-0.438371,0.898793,9.761606],[1.0,0.0,2.686487334813137e-07,-20.711557],[-1.7872962132514658e-07,0.898793,0.438371,-24.63306]],"boundingbox":[[1e-06,-1.084625,-0.139954],[2.210378,1.126543,1e-05]]},{"name":"Bone017","parent":"Bone011","initpos":[-0.263922,0.019849,0.683258],"initquaternion":[-0.325217,-0.000166,0.945638,0.001353],"initscale":[1.0,1.0,0.999999],"offmtx":[[0.002667,-0.207187,-0.978297,3.635149],[-0.999996,5.743931978940964e-07,-0.002726,20.718709],[0.000565,0.978301,-0.207186,-29.065971]],"boundingbox":[[5.1e-05,-1.133047,-1.110427],[2.182224,1.120714,1.143337]]},{"name":"Bone018","parent":"Bone017","initpos":[1.632438,0.922042,0.755828],"initquaternion":[0.707093,0.00429,0.707106,0.001049],"initscale":[0.999999,0.999999,1.0],"offmtx":[[-0.006987,0.978281,-0.207165,-29.671506],[0.999973,0.006438,-0.003323,-20.011945],[-0.001917,-0.207183,-0.978299,2.093414]],"boundingbox":[[0.005253,-0.560581,-0.180213],[1.513718,0.581539,0.188654]]},{"name":"Bone019","parent":"Bone017","initpos":[1.637368,-0.927951,0.756879],"initquaternion":[0.002539,-0.707103,-0.002001,0.707102],"initscale":[0.999999,1.0,1.0],"offmtx":[[0.006986,0.978281,-0.207165,-29.961227],[-0.999973,0.00644,-0.003312,21.453186],[-0.001906,0.207183,0.978299,-2.014138]],"boundingbox":[[0.000148,-0.57608,-0.181571],[1.493105,0.543912,0.182976]]},{"name":"Bone020","parent":"Bone001","initpos":[1.490797,14.010175,0.121755],"initquaternion":[0.0,0.0,0.0,1.0],"initscale":[1.0,1.0,1.0],"offmtx":[[3.3795572562667076e-07,0.999999,0.0,-5.887934],[-1.0,3.379556972049613e-07,-5.55311316929874e-07,-14.010175],[-5.553113737732929e-07,0.0,0.999999,-0.121754]],"boundingbox":[[-2e-06,-2.005513,-2.003665],[3.999997,1.994482,1.996335]]},{"name":"Bone021","parent":"Bone001","initpos":[5.911874,11.507153,-3.848229],"initquaternion":[0.0,0.0,0.0,1.0],"initscale":[1.0,1.0,1.0],"offmtx":[[3.3795572562667076e-07,0.999999,0.0,-10.30901],[-1.0,3.379556972049613e-07,-5.55311316929874e-07,-11.507155],[-5.553113737732929e-07,0.0,0.999999,3.84823]],"boundingbox":[[-3e-06,-2.006819,-2.002734],[3.999999,1.993182,1.997266]]},{"name":"Bone022","parent":"Bone001","initpos":[1.490801,-14.030023,0.120105],"initquaternion":[0.0,0.0,0.0,1.0],"initscale":[1.0,1.0,1.0],"offmtx":[[3.3795572562667076e-07,0.999999,0.0,-5.887939],[-1.0,3.379556972049613e-07,-5.55311316929874e-07,14.030019],[-5.553113737732929e-07,0.0,0.999999,-0.120104]],"boundingbox":[[5.638944458041806e-07,-1.996914,-2.002032],[4.0,2.003082,1.997968]]},{"name":"Bind","parent":"Bone001","initpos":[7.129253,1e-06,9.5367431640625e-07],"initquaternion":[0.0,0.0,0.0,1.0],"initscale":[1.0,1.0,1.0],"offmtx":[[2.3607935872860253e-07,0.999999,0.0,-11.52639],[-1.0,2.3607934451774781e-07,-0.0,-2e-06],[-0.0,0.0,0.999999,7.146427947191114e-07]],"boundingbox":[[-0.001383,6.546928,2.139002],[-0.001383,6.546928,2.139002]]},{"name":"Bone023","parent":"Bone001","initpos":[7.135211,2e-06,-1.940217],"initquaternion":[-0.0,-4.013393208879279e-07,1.0,-1.9470722634196136e-07],"initscale":[1.0,1.0,1.0],"offmtx":[[1.0719249132762343e-07,-0.999999,0.0,11.532348],[1.0,1.0719248422219607e-07,-2.4736721115914406e-07,-1e-06],[2.473672395808535e-07,0.0,0.999999,1.940218]],"boundingbox":[[0.00455,-6.546909,-0.059027],[11.504549,6.45189,0.080762]]}],"boundingbox":[[-26.771392,0.027799,-5.850973],[26.771392,31.103258,4.011447]]}