{
  "skeleton": [
    {
      "name": "root",
      "parent": "root",
      "initpos": [
        0,
        0,
        0
      ],
      "initquaternion": [
        0.707106,
        0,
        0,
        0.707106
      ],
      "initscale": [
        1,
        0.999999,
        0.999999
      ],
      "offmtx": [
        [
          1,
          0,
          0,
          0
        ],
        [
          0,
          1,
          0,
          0
        ],
        [
          0,
          0,
          1,
          0
        ]
      ],
      "boundingbox": [
        [
          0,
          0,
          0
        ],
        [
          0,
          0,
          0
        ]
      ]
    },
    {
      "name": "Bone001",
      "parent": "root",
      "initpos": [
        0.000001,
        -7.418417,
        -4.965911
      ],
      "initquaternion": [
        -0.497772,
        -0.502217,
        0.497772,
        0.502216
      ],
      "initscale": [
        0.999999,
        0.999999,
        1
      ],
      "offmtx": [
        [
          -3.45689358027812e-7,
          -0.008888,
          0.99996,
          7.462264
        ],
        [
          2.790572750654974e-7,
          0.99996,
          0.008888,
          -4.899777
        ],
        [
          -1,
          2.8211883318363107e-7,
          -3.4319526776016573e-7,
          -0.000003
        ]
      ],
      "boundingbox": [
        [
          0.020948,
          -4.935119,
          -5.519404
        ],
        [
          19.403831,
          6.134885,
          5.519399
        ]
      ]
    },
    {
      "name": "Bone002",
      "parent": "Bone001",
      "initpos": [
        19.353946,
        0.000121,
        -0.000004
      ],
      "initquaternion": [
        0,
        2.383679031936481e-7,
        0.020618,
        0.999787
      ],
      "initscale": [
        0.999999,
        0.999999,
        1
      ],
      "offmtx": [
        [
          1.4294697336936224e-7,
          0.032346,
          0.999476,
          -12.08359
        ],
        [
          2.9307233262443333e-7,
          0.999476,
          -0.032346,
          -4.405452
        ],
        [
          -1,
          2.975427264573227e-7,
          1.333923336233056e-7,
          -0.000004
        ]
      ],
      "boundingbox": [
        [
          -1.937601,
          -3.902718,
          -5.975007
        ],
        [
          12.032453,
          1.730241,
          5.969338
        ]
      ]
    },
    {
      "name": "Bone004",
      "parent": "Bone001",
      "initpos": [
        -1.205296,
        -3.494526,
        -5.960464477539062e-7
      ],
      "initquaternion": [
        -5.469267421176482e-7,
        -8.216105129577045e-7,
        0.673924,
        0.7388
      ],
      "initscale": [
        0.999999,
        0.999999,
        1
      ],
      "offmtx": [
        [
          -2.3063734033712535e-7,
          0.994937,
          0.100498,
          -0.604943
        ],
        [
          0.000002,
          0.100498,
          -0.994937,
          -8.759873
        ],
        [
          -1,
          0,
          -0.000002,
          -0.000019
        ]
      ],
      "boundingbox": [
        [
          -0.096697,
          -3.124953,
          -2.759707
        ],
        [
          9.167691,
          2.505698,
          2.759705
        ]
      ]
    },
    {
      "name": "Bone005",
      "parent": "Bone004",
      "initpos": [
        8.475832,
        0.911874,
        0
      ],
      "initquaternion": [
        0.000001,
        6.273180588323157e-7,
        -0.364533,
        0.93119
      ],
      "initscale": [
        0.999999,
        0.999999,
        1
      ],
      "offmtx": [
        [
          1.8647986621544987e-7,
          0.662285,
          0.749251,
          -0.10124
        ],
        [
          0,
          0.749251,
          -0.662285,
          -13.266235
        ],
        [
          -1,
          1.916011171942955e-7,
          0,
          -0.000001
        ]
      ],
      "boundingbox": [
        [
          -0.138695,
          -2.708431,
          -1.854159
        ],
        [
          6.642439,
          1.613309,
          1.82544
        ]
      ]
    },
    {
      "name": "Bone006",
      "parent": "Bone005",
      "initpos": [
        6.428864,
        -9.5367431640625e-7,
        0.000001
      ],
      "initquaternion": [
        0,
        -2.74172975878173e-7,
        0.277304,
        0.960782
      ],
      "initscale": [
        1,
        1,
        1
      ],
      "offmtx": [
        [
          -2.706064208268799e-7,
          0.959673,
          0.281116,
          -12.594817
        ],
        [
          3.0285178809208446e-7,
          0.281116,
          -0.959673,
          -7.746335
        ],
        [
          -1,
          -1.745570585853784e-7,
          -3.667109353955311e-7,
          5.203992259339429e-7
        ]
      ],
      "boundingbox": [
        [
          -1.189432,
          -2.190874,
          -1.403727
        ],
        [
          4.609937,
          1.929214,
          1.355973
        ]
      ]
    },
    {
      "name": "Bone007",
      "parent": "Bone006",
      "initpos": [
        4.436656,
        0.000002,
        0
      ],
      "initquaternion": [
        -1.5082447646364017e-7,
        0,
        0.20053,
        0.979687
      ],
      "initscale": [
        0.999999,
        0.999999,
        1
      ],
      "offmtx": [
        [
          -1.2984838804186438e-7,
          0.992947,
          -0.118561,
          -18.705377
        ],
        [
          6.927230629116821e-7,
          -0.118561,
          -0.992947,
          -0.431432
        ],
        [
          -1,
          -2.1106239955770434e-7,
          -6.724418426529155e-7,
          3.875615561810264e-7
        ]
      ],
      "boundingbox": [
        [
          -1.555307,
          -1.720151,
          -1.194571
        ],
        [
          5.823441,
          1.100521,
          1.105411
        ]
      ]
    },
    {
      "name": "Bone008",
      "parent": "Bone007",
      "initpos": [
        5.803943,
        2.384185791015625e-7,
        -0.000001
      ],
      "initquaternion": [
        1.2692952111592604e-7,
        -1.3479474603173003e-7,
        0.685547,
        0.728027
      ],
      "initscale": [
        1,
        1,
        1
      ],
      "offmtx": [
        [
          3.1337447126134066e-7,
          -0.058721,
          -0.998274,
          -1.902408
        ],
        [
          1.712111128426841e-7,
          -0.998274,
          0.058721,
          24.439167
        ],
        [
          -1,
          -1.8931764600438328e-7,
          -3.0277996643235383e-7,
          0.000002
        ]
      ],
      "boundingbox": [
        [
          -1.468953,
          -1.082548,
          -1.121487
        ],
        [
          4.067517,
          2.710426,
          1.010192
        ]
      ]
    },
    {
      "name": "Bone009",
      "parent": "Bone008",
      "initpos": [
        3.661955,
        0.000005,
        -0.000001
      ],
      "initquaternion": [
        0,
        0,
        0.291443,
        0.956587
      ],
      "initscale": [
        0.999999,
        0.999999,
        1
      ],
      "offmtx": [
        [
          5.065991217634291e-7,
          -0.605367,
          -0.795946,
          9.007776
        ],
        [
          0,
          -0.795946,
          0.605367,
          23.390068
        ],
        [
          -1,
          -3.503094490042713e-7,
          -3.700415902585519e-7,
          0.000008
        ]
      ],
      "boundingbox": [
        [
          -0.876444,
          -1.644311,
          -2.288394
        ],
        [
          4.250969,
          2.724583,
          2.311108
        ]
      ]
    },
    {
      "name": "Bone010",
      "parent": "Bone009",
      "initpos": [
        3.836352,
        -0.000001,
        0.000003
      ],
      "initquaternion": [
        0,
        -1.957590995971259e-7,
        -0.014988,
        0.999887
      ],
      "initscale": [
        1,
        1,
        1
      ],
      "offmtx": [
        [
          1.1316629411339818e-7,
          -0.581238,
          -0.813732,
          4.468032
        ],
        [
          0,
          -0.813732,
          0.581238,
          23.534557
        ],
        [
          -1,
          -1.227183901164608e-7,
          0,
          0.000002
        ]
      ],
      "boundingbox": [
        [
          0.055045,
          -0.400827,
          -1.368495
        ],
        [
          4.002156,
          1.999364,
          1.391205
        ]
      ]
    },
    {
      "name": "Bone011",
      "parent": "Bone009",
      "initpos": [
        0.923561,
        -1.22693,
        0.000003
      ],
      "initquaternion": [
        2.683933360003721e-7,
        -2.821498981120385e-7,
        -0.724549,
        0.689222
      ],
      "initscale": [
        1,
        1,
        1
      ],
      "offmtx": [
        [
          0,
          0.825186,
          -0.564859,
          -24.990026
        ],
        [
          -2.755995467396133e-7,
          -0.564859,
          -0.825186,
          6.844671
        ],
        [
          -1,
          0,
          2.726377203998709e-7,
          -8.338407155861205e-7
        ]
      ],
      "boundingbox": [
        [
          -0.12727,
          -1.355548,
          -1.408897
        ],
        [
          4.763588,
          1.842447,
          1.420325
        ]
      ]
    },
    {
      "name": "Bone003",
      "parent": "Bone001",
      "initpos": [
        3.802667,
        0.239459,
        6.610106
      ],
      "initquaternion": [
        0,
        0,
        0.19234,
        0.981328
      ],
      "initscale": [
        0.999999,
        0.999999,
        1
      ],
      "offmtx": [
        [
          -2.147680078223857e-7,
          0.369253,
          0.929328,
          1.448766
        ],
        [
          3.8890715359229944e-7,
          0.929328,
          -0.369253,
          -6.140478
        ],
        [
          -1,
          2.8211880476192164e-7,
          -3.4319529618187516e-7,
          -6.61011
        ]
      ],
      "boundingbox": [
        [
          -1.619982,
          -7.633986,
          -1.090877
        ],
        [
          17.419805,
          2.085316,
          0.750676
        ]
      ]
    },
    {
      "name": "Bone012",
      "parent": "Bone001",
      "initpos": [
        3.793647,
        -0.183807,
        -6.509217
      ],
      "initquaternion": [
        0.976815,
        0.214083,
        0,
        -1.901930062331303e-7
      ],
      "initscale": [
        0.999999,
        0.999999,
        0.999999
      ],
      "offmtx": [
        [
          -1.9728972233679087e-7,
          0.410148,
          0.912018,
          1.359936
        ],
        [
          0,
          -0.912018,
          0.410148,
          5.818046
        ],
        [
          1,
          0,
          1.834774110420767e-7,
          -6.509215
        ]
      ],
      "boundingbox": [
        [
          -1.60621,
          -2.430338,
          -0.989977
        ],
        [
          17.673425,
          7.591339,
          0.851568
        ]
      ]
    },
    {
      "name": "Bind",
      "parent": "Bone001",
      "initpos": [
        10.729847,
        4.343676,
        -0.000002
      ],
      "initquaternion": [
        0.495238,
        0.504716,
        0.504716,
        0.495238
      ],
      "initscale": [
        0.999999,
        0.999999,
        0.999999
      ],
      "offmtx": [
        [
          -1.9127750761072093e-7,
          0.999949,
          -0.010067,
          -9.179857
        ],
        [
          -1,
          -1.9001360840320558e-7,
          1.2649707059608772e-7,
          0.000001
        ],
        [
          1.245777099256884e-7,
          0.010067,
          0.999949,
          -3.442207
        ]
      ],
      "boundingbox": [
        [
          0.121922,
          -5.519399,
          -10.708515
        ],
        [
          0.121922,
          -5.519399,
          -10.708515
        ]
      ]
    }
  ],
  "boundingbox": [
    [
      -7.360785,
      0.030072,
      -13.065848
    ],
    [
      7.360785,
      28.157796,
      23.91986
    ]
  ]
}
