{"skeleton":[{"name":"root","parent":"root","initpos":[0.0,0.0,-0.0],"initquaternion":[0.707106,0.0,0.0,0.707106],"initscale":[1.0,0.999999,0.999999],"offmtx":[[1.0,0.0,0.0,0.0],[0.0,1.0,0.0,0.0],[0.0,0.0,1.0,0.0]],"boundingbox":[[0.0,0.0,0.0],[0.0,0.0,0.0]]},{"name":"Bone001","parent":"root","initpos":[-0.362636,0.0,-0.0],"initquaternion":[0.002897,0.7071,0.002897,0.7071],"initscale":[1.0,0.999999,0.999999],"offmtx":[[0.0,0.999966,0.008195,0.0],[-2.387811832704756e-07,-0.008195,0.999966,0.0],[1.0,-0.0,2.3828178541407397e-07,0.362636]],"boundingbox":[[-0.015781,-5.021028,-4.782936],[6.034392,5.00462,5.217247]]},{"name":"Bone002","parent":"Bone001","initpos":[6.018834,-8e-06,-5.066394805908203e-07],"initquaternion":[2.3840647145334515e-07,-0.0,-0.010169,0.999948],"initscale":[1.0,1.0,1.0],"offmtx":[[0.0,0.999926,-0.012144,-6.017588],[2.3932548742777726e-07,0.012144,0.999926,-0.122406],[1.0,-0.0,-2.385209540989308e-07,0.362637]],"boundingbox":[[-0.004963,-0.799475,-0.379863],[8.012806,0.793863,1.120609]]},{"name":"Bone003","parent":"Bone002","initpos":[7.983259,-9.238719940185547e-07,-9.834766387939453e-07],"initquaternion":[0.0,0.0,0.022524,0.999746],"initscale":[1.0,1.0,1.0],"offmtx":[[0.0,0.999458,0.032902,-13.992151],[2.3616422595296171e-07,-0.032902,0.999458,0.508288],[1.0,-0.0,-2.385208688338025e-07,0.362638]],"boundingbox":[[-0.378598,-11.540705,-5.63739],[12.212816,10.776394,6.362661]]},{"name":"Bone012","parent":"Bone003","initpos":[10.654619,11.424358,0.362632],"initquaternion":[-1.0470704125964403e-07,-0.0,0.97485,0.222857],"initscale":[0.999999,0.999999,1.0],"offmtx":[[-1.4024010397406528e-07,-0.914477,0.404636,17.455482],[-4.2036100467157667e-07,-0.404636,-0.914477,20.540945],[1.0,-2.9833975645487953e-07,-3.276644235938875e-07,1.1e-05]],"boundingbox":[[-0.185256,-2.149194,-1.991585],[8.134239,3.244224,2.008491]]},{"name":"Bone013","parent":"Bone012","initpos":[7.986791,0.0,1.414009602740407e-07],"initquaternion":[3.2509854008822003e-07,-0.0,-0.067485,0.99772],"initscale":[1.0,1.0,1.0],"offmtx":[[-0.0,-0.851658,0.524097,6.616331],[2.162654766380001e-07,-0.524097,-0.851658,21.628931],[1.0,0.0,2.2734657534329017e-07,-2e-06]],"boundingbox":[[-3.074152,-1.573015,-0.991552],[7.144707,2.721117,1.008538]]},{"name":"Bone011","parent":"Bone003","initpos":[1.746035,-8.418778,3.57637],"initquaternion":[0.106715,0.031474,0.953197,-0.281132],"initscale":[0.999999,0.999999,0.999999],"offmtx":[[0.221138,-0.801295,-0.555898,7.456802],[1.415610029198433e-07,0.57001,-0.821637,-16.038873],[0.975242,0.181695,0.126051,-4.986156]],"boundingbox":[[0.535892,-2.108504,-2.265197],[12.671261,2.397249,1.950649]]},{"name":"Bone010","parent":"Bone003","initpos":[2.496334,-9.148728,-3.087562],"initquaternion":[-0.094287,-0.05454,0.860463,-0.497732],"initscale":[0.999999,0.999999,0.999999],"offmtx":[[-0.216555,-0.458635,-0.861833,-0.893985],[-0.0,0.882781,-0.469783,-19.107736],[0.97627,-0.101734,-0.191171,3.335758]],"boundingbox":[[0.323155,-2.675369,-1.83877],[12.430274,1.728919,2.47302]]},{"name":"Bone014","parent":"Bone003","initpos":[2.833244,7.607633,-2.979135],"initquaternion":[-0.147865,0.06962,0.903225,0.396829],"initscale":[0.999999,0.999999,0.999999],"offmtx":[[-0.322365,-0.663886,0.674784,4.770265],[0.00841,-0.71482,-0.699257,17.230455],[0.946577,-0.219741,0.236017,5.001825]],"boundingbox":[[0.608577,-2.025627,-1.824741],[12.688892,2.067325,2.398668]]},{"name":"Bone015","parent":"Bone003","initpos":[3.078878,7.211527,3.974821],"initquaternion":[0.132201,-0.085378,0.829577,0.535756],"initscale":[0.999999,0.999999,0.999999],"offmtx":[[0.310827,-0.419268,0.852994,-0.255609],[-7.748605526103347e-07,-0.897448,-0.441118,18.317241],[0.950466,0.137111,-0.278952,-3.71683]],"boundingbox":[[0.443772,-1.915244,-2.646876],[12.722146,2.454055,1.901452]]},{"name":"Bone005","parent":"Bone003","initpos":[7.169963,-7.991259,0.362638],"initquaternion":[-0.0,0.0,-0.289737,0.957106],"initscale":[0.999999,0.999999,1.0],"offmtx":[[-0.0,0.849902,-0.526939,-22.32311],[0.0,0.526939,0.849902,-4.66439],[1.0,0.0,-1.1644336694871527e-07,-1e-06]],"boundingbox":[[-0.204467,-4.603275,-3.500183],[16.281425,5.383977,3.500175]]},{"name":"Bone006","parent":"Bone005","initpos":[15.209972,0.0,1e-06],"initquaternion":[0.0,-0.0,0.022699,0.999742],"initscale":[0.999999,0.999999,1.0],"offmtx":[[0.0,0.872943,-0.487821,-37.706104],[2.7259653734290623e-07,0.487821,0.872943,-2.956029],[1.0,-1.4842498785583302e-07,-2.2932944432341174e-07,1e-06]],"boundingbox":[[-0.239279,-0.805276,-0.688389],[2.535608,3.39161,0.689421]]},{"name":"Bone007","parent":"Bone006","initpos":[2.51744,-9.5367431640625e-07,0.0],"initquaternion":[-1.365003470255033e-07,-0.0,-0.054055,0.998537],"initscale":[0.999999,0.999999,1.0],"offmtx":[[0.0,0.81518,-0.579207,-39.66938],[0.0,0.579207,0.81518,-7.281005],[1.0,-0.0,0.0,3.95134748032433e-07]],"boundingbox":[[-0.076103,-0.617538,-0.499514],[3.004964,0.660945,0.500511]]},{"name":"Bone008","parent":"Bone005","initpos":[13.220283,-2.678554,1e-06],"initquaternion":[-0.0,-0.0,-0.700604,0.713549],"initscale":[1.0,1.0,1.0],"offmtx":[[0.0,-0.511292,-0.859406,1.334822],[-0.0,0.859406,-0.511292,-35.573783],[1.0,0.0,-0.0,-3e-06]],"boundingbox":[[0.94865,-1.728802,-2.000216],[5.985015,1.331357,1.999829]]},{"name":"Bone009","parent":"Bone005","initpos":[10.404396,-2.675258,1e-06],"initquaternion":[-0.0,-0.0,-0.705924,0.708287],"initscale":[1.0,1.0,1.0],"offmtx":[[0.0,-0.524096,-0.851658,1.87977],[-0.0,0.851658,-0.524096,-32.733966],[1.0,0.0,-0.0,-3e-06]],"boundingbox":[[0.027626,-0.931167,-2.000613],[6.082119,1.242522,1.99943]]},{"name":"bind","parent":"Bone003","initpos":[11.505594,-0.050242,0.362634],"initquaternion":[-0.706904,0.01691,-0.01691,0.706904],"initscale":[0.999999,1.0,0.999999],"offmtx":[[1.5155394805788092e-07,0.999888,-0.014924,-25.495296],[-1.0,1.5754307014503866e-07,4.0012065483097103e-07,-5e-06],[4.0242738919005205e-07,0.014924,0.999888,-0.661298]],"boundingbox":[[-0.482145,-5.999928,-1.547728],[-0.482145,-5.999928,-1.547728]]}],"boundingbox":[[-9.155761,0.025111,-22.831304],[9.305891,39.310619,19.443288]]}