{"skeleton":[{"name":"root","parent":"root","initpos":[0.0,0.0,-0.0],"initquaternion":[-1.1920928955078125e-07,-0.0,0.0,1.0],"initscale":[1.0,0.999999,0.999999],"offmtx":[[1.0,0.0,0.0,0.0],[0.0,1.0,0.0,0.0],[0.0,0.0,1.0,0.0]],"boundingbox":[[0.0,0.0,0.0],[0.0,0.0,0.0]]},{"name":"rightarm","parent":"root","initpos":[-6.09519,24.066169,0.274227],"initquaternion":[-2.5288113647548016e-07,3.146983544866089e-07,-0.707106,0.707106],"initscale":[0.999999,0.999999,1.0],"offmtx":[[1.0,0.0,0.0,0.0],[0.0,1.0,0.0,0.0],[0.0,0.0,1.0,0.0]],"boundingbox":[[0.0,0.0,0.0],[0.0,0.0,0.0]]},{"name":"rightarm001","parent":"rightarm","initpos":[7.335653,-0.022006,-0.274221],"initquaternion":[0.0,0.0,0.0,1.0],"initscale":[1.0,1.0,1.0],"offmtx":[[0.0,-0.999999,0.0,16.730514],[0.999999,0.0,-6.987804681557463e-07,6.117202],[6.987805249991652e-07,0.0,0.999999,3e-06]],"boundingbox":[[-1.269484,-3.242795,-2.300001],[4.730515,2.167205,2.249997]]},{"name":"rightarm002","parent":"rightarm001","initpos":[3.189743,-2.1598,-1.513573],"initquaternion":[-0.288341,0.000368,0.957524,-0.002266],"initscale":[1.0,0.999999,0.999999],"offmtx":[[-0.004553,0.833707,-0.552187,-12.16251],[-0.999989,-0.004128,0.002013,-8.217971],[-0.000601,0.55219,0.833717,-6.220172]],"boundingbox":[[-0.319292,-0.196856,-1.616372],[4.395439,0.174278,0.907619]]},{"name":"rightarm003","parent":"rightarm001","initpos":[3.189741,-2.159799,1.481319],"initquaternion":[0.283839,0.000369,0.958869,0.002231],"initscale":[0.999999,0.999999,0.999999],"offmtx":[[0.004488,0.83886,0.544327,-12.127989],[-0.999989,0.004069,0.001975,-8.334949],[-0.000558,-0.544331,0.838869,6.123407]],"boundingbox":[[-0.299154,-0.178203,-0.849833],[4.410302,0.192602,1.649007]]},{"name":"rightarm004","parent":"rightarm","initpos":[-0.578287,0.826193,-0.274225],"initquaternion":[-1.3222464190221217e-07,-1.494596943985016e-07,-0.482451,0.875922],"initscale":[0.999999,0.999999,1.0],"offmtx":[[-0.845181,-0.534479,7.813407592038857e-07,8.718704],[0.534479,-0.845181,-4.927738928017789e-07,23.645204],[9.237522817784338e-07,0.0,0.999999,6e-06]],"boundingbox":[[0.07579,-2.883255,-2.809999],[6.492748,2.226222,2.790001]]},{"name":"rightarm005","parent":"rightarm004","initpos":[1.84485,-0.040349,-2.061544],"initquaternion":[-0.209686,0.043528,0.959224,0.184461],"initscale":[1.0,1.0,0.999999],"offmtx":[[0.892726,0.167444,-0.418331,1.285423],[-0.181562,0.98336,0.006149,-24.529266],[0.412399,0.070463,0.908273,3.027849]],"boundingbox":[[0.064533,-0.591361,-0.506581],[1.771579,0.617845,0.508445]]},{"name":"rightarm007","parent":"rightarm004","initpos":[3.321607,0.79442,-2.069694],"initquaternion":[-0.167948,0.11617,0.803621,0.559008],"initscale":[1.0,1.0,0.999999],"offmtx":[[0.728633,-0.556094,-0.399814,17.091848],[0.606328,0.795213,-0.001055,-13.0146],[0.318525,-0.241649,0.916595,9.698422]],"boundingbox":[[0.020555,-0.660379,-0.509785],[2.148006,0.646756,0.545288]]},{"name":"rightarm008","parent":"rightarm004","initpos":[1.844851,-0.040348,2.062002],"initquaternion":[0.184461,0.959224,0.043528,-0.209686],"initscale":[0.999999,0.999999,0.999999],"offmtx":[[0.892727,0.167443,0.41833,1.285239],[0.181562,-0.98336,0.006148,24.529266],[0.412398,0.070464,-0.908274,3.028237]],"boundingbox":[[0.064338,-0.617848,-0.506171],[1.771385,0.591357,0.508855]]},{"name":"rightarm010","parent":"rightarm004","initpos":[3.321609,0.794425,2.053001],"initquaternion":[0.559008,0.803621,0.116169,-0.167948],"initscale":[1.0,0.999999,0.999999],"offmtx":[[0.728634,-0.556094,0.399812,17.098527],[-0.606328,-0.795213,-0.001055,13.01459],[0.318523,-0.241648,-0.916595,9.683084]],"boundingbox":[[0.027226,-0.646774,-0.525095],[2.154678,0.660361,0.529982]]},{"name":"rightarm009","parent":"rightarm004","initpos":[2.406785,0.556411,2.034],"initquaternion":[0.407284,0.888725,0.094261,-0.188151],"initscale":[0.999999,0.999999,0.999999],"offmtx":[[0.872909,-0.262553,0.41121,11.288279],[-0.294167,-0.955646,0.014282,19.782737],[0.389222,-0.133432,-0.911428,7.634632]],"boundingbox":[[0.045397,-0.613812,-0.561545],[1.762754,0.607131,0.476076]]},{"name":"rightarm006","parent":"rightarm004","initpos":[2.40678,0.556411,-2.089128],"initquaternion":[-0.18815,0.094261,0.888725,0.407284],"initscale":[0.999999,0.999999,0.999999],"offmtx":[[0.872908,-0.262552,-0.411212,11.265593],[0.294167,0.955647,0.014282,-19.781955],[0.389223,-0.133432,0.911427,7.684892]],"boundingbox":[[0.022731,-0.606343,-0.511292],[1.740085,0.614602,0.526324]]}],"boundingbox":[[-11.789048,11.999998,-4.162125],[-3.949999,26.959104,4.162117]]}