{"skeleton":[{"name":"root","parent":"root","initpos":[0.0,0.0,-0.0],"initquaternion":[0.707106,0.0,0.0,0.707106],"initscale":[1.0,0.999999,0.999999],"offmtx":[[1.0,0.0,0.0,0.0],[0.0,1.0,0.0,0.0],[0.0,0.0,1.0,0.0]],"boundingbox":[[0.0,0.0,0.0],[0.0,0.0,0.0]]},{"name":"Bone071","parent":"root","initpos":[0.0,18.852588,-22.911134],"initquaternion":[0.0,0.707106,0.0,0.707106],"initscale":[1.0,1.0,1.0],"offmtx":[[1.0,0.0,0.0,0.0],[0.0,1.0,0.0,0.0],[0.0,0.0,1.0,0.0]],"boundingbox":[[0.0,0.0,0.0],[0.0,0.0,0.0]]},{"name":"Bone056","parent":"Bone071","initpos":[4.630521,0.238641,16.162984],"initquaternion":[-0.694621,-0.149666,-0.132291,0.691085],"initscale":[0.999999,0.999999,0.999999],"offmtx":[[0.39065,0.920197,0.025074,-32.136543],[-0.920486,0.390772,-7.487832931474259e-07,4.1153],[-0.009799,-0.02308,0.999685,-18.291179]],"boundingbox":[[-4.11392,-1.54213,-0.201133],[11.348278,1.465775,0.157878]]},{"name":"Bone054","parent":"Bone071","initpos":[-0.022098,0.100883,10.78779],"initquaternion":[-0.700604,-0.120052,-0.095673,0.696841],"initscale":[0.999999,0.999999,0.999999],"offmtx":[[0.301373,0.952867,0.034879,-25.722475],[-0.953448,0.301556,1.6205012798309326e-07,3.383247],[-0.010517,-0.033255,0.999391,-18.067279]],"boundingbox":[[-4.185561,-1.492968,-0.227672],[11.265821,1.508584,-0.005355]]},{"name":"Bone055","parent":"Bone071","initpos":[-4.047878,0.046033,4.263999],"initquaternion":[-0.702053,-0.103713,-0.084386,0.699459],"initscale":[0.999999,0.999999,0.999999],"offmtx":[[0.263574,0.964244,0.027575,-19.833824],[-0.964611,0.263674,3.511086958951637e-07,-0.86067],[-0.00727,-0.026599,0.999619,-18.358676]],"boundingbox":[[-4.157069,-1.549593,-0.205211],[11.299997,1.455154,0.135822]]},{"name":"Bone051","parent":"Bone071","initpos":[-4.04788,0.046026,-4.26363],"initquaternion":[-0.699459,0.084386,0.103714,0.702053],"initscale":[0.999999,0.999999,0.999999],"offmtx":[[-0.263574,0.964244,0.027575,-19.833723],[-0.964611,-0.263675,-7.990748258634994e-07,0.861036],[0.00727,-0.0266,0.999619,-18.358667]],"boundingbox":[[-4.15697,-1.454805,-0.205205],[11.300096,1.549942,0.135828]]},{"name":"Bone049","parent":"Bone071","initpos":[4.630523,0.238637,-15.853776],"initquaternion":[-0.691085,0.132291,0.149666,0.694621],"initscale":[0.999999,0.999999,0.999999],"offmtx":[[-0.390649,0.920197,0.025074,-32.01575],[-0.920487,-0.390772,5.820765522912552e-07,-3.830683],[0.009798,-0.02308,0.999685,-18.294202]],"boundingbox":[[-4.11033,-1.457303,-0.201217],[11.351861,1.5506,0.157798]]},{"name":"Bone052","parent":"Bone071","initpos":[11.758991,-1.107162,0.060955],"initquaternion":[-0.001068,-0.707092,0.707119,-0.001069],"initscale":[0.999999,0.999999,0.999999],"offmtx":[[-0.003023,-0.999995,-1.6292135285311815e-07,34.670154],[-0.999995,0.003023,-3.7e-05,-0.043226],[3.7e-05,0.0,-0.999999,17.745418]],"boundingbox":[[-9.530405,-3.526792,-0.704582],[23.097587,3.831824,0.895492]]},{"name":"Bone053","parent":"Bone071","initpos":[-3.880716,0.854455,0.002155],"initquaternion":[-0.7071,-0.003304,-0.003304,0.707097],"initscale":[0.999999,0.999999,0.999999],"offmtx":[[0.009346,0.999956,-1.6290917415062722e-07,-19.029603],[-0.999956,0.009346,-3e-06,-0.17564],[-3e-06,1.9422840580318734e-07,0.999999,-19.707052]],"boundingbox":[[-4.628024,-4.764282,-0.491294],[4.887103,4.771756,0.577211]]},{"name":"Bone050","parent":"Bone071","initpos":[-0.022098,0.100883,-10.656722],"initquaternion":[-0.696841,0.095673,0.120052,0.700604],"initscale":[0.999999,0.999999,0.999999],"offmtx":[[-0.301373,0.952868,0.034879,-25.682973],[-0.953448,-0.301556,-5.792826982542465e-07,-3.258285],[0.010517,-0.033255,0.999391,-18.06866]],"boundingbox":[[-4.206334,-1.57431,-0.226942],[11.245047,1.42724,-0.004629]]}],"boundingbox":[[-20.695243,11.57458,16.849956],[20.995252,44.199996,20.28424]]}