{"skeleton":[{"name":"root","parent":"root","initpos":[0.0,0.0,-0.0],"initquaternion":[0.707106,0.0,0.0,0.707106],"initscale":[1.0,0.999999,0.999999],"offmtx":[[1.0,0.0,0.0,0.0],[0.0,1.0,0.0,0.0],[0.0,0.0,1.0,0.0]],"boundingbox":[[0.0,0.0,0.0],[0.0,0.0,0.0]]},{"name":"Bone001","parent":"root","initpos":[-0.018343,0.0,-12.00365],"initquaternion":[0.5,-0.499999,-0.5,-0.499999],"initscale":[1.0,1.0,1.0],"offmtx":[[1.0,0.0,0.0,0.0],[0.0,1.0,0.0,0.0],[0.0,0.0,1.0,0.0]],"boundingbox":[[0.0,0.0,0.0],[0.0,0.0,0.0]]},{"name":"Bone062","parent":"Bone001","initpos":[-1.975494,0.020455,1.988493],"initquaternion":[0.068396,-0.000531,0.997628,0.007733],"initscale":[0.999999,1.0,0.999999],"offmtx":[[-0.015357,-0.990524,0.136477,9.661152],[0.999879,-0.015502,-1e-06,0.194262],[0.002116,0.13646,0.990643,-3.338254]],"boundingbox":[[-0.258839,-7.014749,-2.804003],[6.11988,7.235665,0.660802]]},{"name":"Bone063","parent":"Bone062","initpos":[5.848784,-5e-06,-0.0],"initquaternion":[0.000519,-0.066844,0.007735,0.997733],"initscale":[1.0,1.0,0.999999],"offmtx":[[0.000427,-0.963589,0.267387,3.335521],[0.999997,-0.000143,-0.002115,0.13513],[0.002076,0.267387,0.963586,-3.817309]],"boundingbox":[[-0.997275,-7.221141,-2.717293],[2.967733,7.483973,0.935205]]},{"name":"Bone066","parent":"Bone001","initpos":[-0.507637,-2.835342,-4e-06],"initquaternion":[-1.365171016232125e-07,-3.406282473861211e-07,0.959554,-0.281523],"initscale":[0.999999,0.999999,1.0],"offmtx":[[0.540273,-0.841489,0.0,8.151823],[0.841489,0.540273,9.158870284409204e-07,-8.581466],[-8.109627742669545e-07,-4.3213367462158203e-07,0.999999,8e-06]],"boundingbox":[[-0.211222,-1.717331,-2.250001],[6.859421,2.173755,2.250001]]},{"name":"Bone067","parent":"Bone066","initpos":[6.7046,5e-06,-1e-06],"initquaternion":[-2.873817948056967e-07,2.1889827905852144e-07,0.069781,0.997562],"initscale":[1.0,1.0,1.0],"offmtx":[[0.652166,-0.758075,-2.8791768613700697e-07,0.238391],[0.758076,0.652166,3.3939963373086357e-07,-8.699386],[-0.0,-4.3960847051494056e-07,0.999999,5e-06]],"boundingbox":[[-0.580165,-2.608805,-2.149998],[7.729102,3.250279,4.201961]]},{"name":"Bone064","parent":"Bone001","initpos":[-0.507635,2.798293,9.536745437799254e-07],"initquaternion":[3.1811981671125977e-07,-8.849165169522166e-07,0.959554,0.281523],"initscale":[1.0,1.0,1.0],"offmtx":[[-0.540274,-0.841489,0.0,8.152014],[0.841489,-0.540274,-4.811519715985924e-07,8.581174],[4.330616150127753e-07,-2.1606699363019288e-07,1.0,7e-06]],"boundingbox":[[-0.211023,-2.174055,-2.249998],[6.859619,1.717029,2.250004]]},{"name":"Bone065","parent":"Bone064","initpos":[6.7046,-5e-06,-1e-06],"initquaternion":[2.5447457119298633e-07,2.2120016751614457e-07,-0.069781,0.997562],"initscale":[1.0,1.0,1.0],"offmtx":[[-0.652167,-0.758075,-3.619162214363314e-07,0.23862],[0.758075,-0.652167,0.0,8.699122],[-2.4508710794179933e-07,-2.6656792329049495e-07,1.0,4e-06]],"boundingbox":[[-0.579926,-3.250537,-2.149996],[7.729345,2.608546,4.201965]]}],"boundingbox":[[-13.939982,0.087389,-2.250001],[13.939982,12.712611,4.201957]]}