{"skeleton":[{"name":"root","parent":"root","initpos":[0.0,0.0,-0.0],"initquaternion":[0.707106,0.0,0.0,0.707106],"initscale":[1.0,0.999999,0.999999],"offmtx":[[1.0,0.0,0.0,0.0],[0.0,1.0,0.0,0.0],[0.0,0.0,1.0,0.0]],"boundingbox":[[0.0,0.0,0.0],[0.0,0.0,0.0]]},{"name":"Bone06","parent":"root","initpos":[0.0,1.327999,-14.449999],"initquaternion":[-0.501389,0.498606,0.498611,0.501384],"initscale":[0.999999,0.999999,0.999999],"offmtx":[[1.0,0.0,0.0,0.0],[0.0,1.0,0.0,0.0],[0.0,0.0,1.0,0.0]],"boundingbox":[[0.0,0.0,0.0],[0.0,0.0,0.0]]},{"name":"Bone00","parent":"Bone06","initpos":[1.997194,0.033288,0.000456],"initquaternion":[0.70689,0.017634,-0.013707,0.706969],"initscale":[0.999999,0.999999,0.999999],"offmtx":[[6.385568553923804e-07,0.999017,-0.044314,-16.372314],[5.259710746940982e-07,0.044314,0.999017,-2.056011],[0.999999,-6.612378342651937e-07,-4.971567477696226e-07,0.022204]],"boundingbox":[[-0.652299,-4.825615,-6.639269],[6.428143,5.60502,6.683653]]},{"name":"Bone01","parent":"Bone00","initpos":[4.454717,-1.7e-05,-0.049452],"initquaternion":[-0.0,-2.3533733894964826e-07,-0.160249,0.987076],"initscale":[1.0,1.0,1.0],"offmtx":[[9.164779157799785e-07,0.933688,-0.358084,-19.106931],[7.002514621490263e-07,0.358085,0.933688,-8.539178],[0.999999,-1e-06,-3.256398315443221e-07,0.071666]],"boundingbox":[[-0.180852,-6.861524,-8.13537],[6.198654,4.623564,8.278649]]},{"name":"Bone02","parent":"Bone01","initpos":[4.109823,-0.000142,0.001697],"initquaternion":[0.0,0.0,-0.081674,0.996659],"initscale":[0.999999,0.999999,1.0],"offmtx":[[7.902656875558023e-07,0.862934,-0.505314,-21.516839],[8.400847377743048e-07,0.505314,0.862935,-12.204861],[0.999999,-1e-06,-3.256056402278773e-07,0.069968]],"boundingbox":[[-1.831969,-11.286154,-9.566957],[9.989076,18.078441,9.706833]]},{"name":"Bone03","parent":"Bone02","initpos":[10.255554,-0.000163,0.000414],"initquaternion":[8.409800784647814e-07,-1.7809300345561496e-07,-0.715044,0.699078],"initscale":[0.999999,0.999999,1.0],"offmtx":[[-1e-06,-0.524668,-0.851306,12.918937],[2e-06,0.851306,-0.524668,-31.488742],[0.999999,-2e-06,-3.8684115111209394e-07,0.069611]],"boundingbox":[[-1.745894,-3.561017,-4.820767],[12.368239,4.366228,4.959833]]},{"name":"Bone04","parent":"Bone03","initpos":[9.240058,-1.123731,0.105248],"initquaternion":[-2.0162259772860125e-07,-2.9057710548840987e-07,-0.127524,0.991835],"initscale":[0.999999,0.999999,1.0],"offmtx":[[-1e-06,-0.722956,-0.690893,11.240556],[1e-06,0.690893,-0.722956,-28.446758],[0.999999,-2e-06,-1.8862726847146405e-07,-0.035653]],"boundingbox":[[-0.175407,-2.59124,-2.614431],[5.254664,0.963141,2.54301]]},{"name":"Bone55","parent":"Bone03","initpos":[9.329349,0.891359,-2.459316],"initquaternion":[-0.660584,-0.275836,0.698221,0.005411],"initscale":[0.999999,0.999999,1.0],"offmtx":[[-0.919481,0.383411,-0.086882,-14.826745],[-0.392341,-0.908948,0.140994,27.739686],[-0.024913,0.163729,0.98619,8.855963]],"boundingbox":[[-0.544205,-2.445667,-1.012866],[5.080544,2.550274,2.830789]]},{"name":"Bone57","parent":"Bone55","initpos":[2.917315,2.8e-05,-4.1e-05],"initquaternion":[0.047823,-0.576784,-0.131532,0.804818],"initscale":[0.999999,0.999998,0.999999],"offmtx":[[-0.193986,0.507573,0.839486,-4.616655],[-0.526616,-0.77587,0.34742,25.900548],[0.827674,-0.374692,0.417804,21.693758]],"boundingbox":[[-0.199992,-2.555734,-0.627125],[7.863336,2.656105,4.86424]]},{"name":"Bone59","parent":"Bone57","initpos":[5.701882,2.4e-05,5e-06],"initquaternion":[-0.023444,-0.239319,-0.040609,0.969807],"initscale":[0.999998,1.0,1.0],"offmtx":[[0.250217,0.325523,0.911826,-0.740713],[-0.563306,-0.717026,0.410557,24.29323],[0.787449,-0.616365,0.003956,25.636234]],"boundingbox":[[-1.125048,-2.412856,-0.756755],[3.666979,1.015203,1.501392]]},{"name":"Bone61","parent":"Bone59","initpos":[3.54701,-6.6e-05,-4.1e-05],"initquaternion":[-0.093095,0.27045,0.170719,0.942891],"initscale":[0.999999,0.999998,0.999999],"offmtx":[[-0.380595,0.39814,0.834643,-10.702544],[-0.67939,-0.732701,0.039711,21.919095],[0.627355,-0.551935,0.549356,25.899377]],"boundingbox":[[-0.72606,-0.789498,-0.665796],[2.079126,0.592563,1.007141]]},{"name":"Bone63","parent":"Bone03","initpos":[9.855723,2.292104,0.06953],"initquaternion":[0.339948,0.620029,-0.620028,-0.339945],"initscale":[0.999999,1.0,0.999999],"offmtx":[[-0.0,0.99988,0.015432,-30.128124],[-0.999999,0.0,-4e-06,-6.8e-05],[-4e-06,-0.015432,0.99988,15.582833]],"boundingbox":[[-0.905978,-3.645272,-1.306171],[3.12278,3.784381,2.651466]]},{"name":"Bone64","parent":"Bone63","initpos":[2.842769,-1e-06,-0.0],"initquaternion":[1e-06,-0.482503,8.26510074602993e-07,0.875894],"initscale":[0.999999,1.0,0.999999],"offmtx":[[-3e-06,0.521274,0.853389,-4.447762],[-0.999999,-3e-06,-2e-06,7.3e-05],[1e-06,-0.853389,0.521273,36.195606]],"boundingbox":[[-0.249091,-3.983035,-0.444524],[6.34434,4.226372,2.885305]]},{"name":"Bone65","parent":"Bone64","initpos":[6.074687,4.768444341607392e-07,-0.0],"initquaternion":[1e-06,-0.295519,-1.901090769251823e-07,0.955336],"initscale":[0.999999,1.0,0.999999],"offmtx":[[-7.591152098029852e-07,-0.051632,0.998666,11.752968],[-0.999999,-5e-06,-1e-06,0.000177],[5e-06,-0.998665,-0.051632,35.814952]],"boundingbox":[[-0.228053,-4.012281,-0.503634],[6.639955,4.346211,5.702621]]},{"name":"Bone66","parent":"Bone65","initpos":[4.306225,9.6e-05,1.9e-05],"initquaternion":[1e-06,0.307076,3.951091684939456e-07,0.951684],"initscale":[1.0,1.0,1.0],"offmtx":[[-5e-06,0.541805,0.840503,-14.89076],[-0.999999,-8e-06,-1e-06,0.000178],[6e-06,-0.840503,0.541805,33.413009]],"boundingbox":[[-1.435004,-3.720317,-0.927546],[3.209768,4.043832,2.753055]]},{"name":"Bone56","parent":"Bone03","initpos":[9.44193,0.708772,2.958063],"initquaternion":[-0.001656,-0.731351,0.28569,0.619276],"initscale":[0.999999,1.0,0.999999],"offmtx":[[0.904871,0.425529,0.011421,-14.89464],[-0.419929,0.896716,-0.139853,-26.950407],[-0.069753,0.121753,0.990106,10.437324]],"boundingbox":[[-0.878688,-2.339351,-1.168692],[5.010743,2.445085,2.784554]]},{"name":"Bone58","parent":"Bone56","initpos":[3.038018,-7e-06,2e-06],"initquaternion":[-0.0462,-0.549052,0.120847,0.825713],"initscale":[0.999999,1.0,0.999999],"offmtx":[[0.165301,0.49003,0.855888,-3.995623],[-0.525971,0.777915,-0.343804,-25.560514],[-0.834282,-0.393341,0.386333,22.08024]],"boundingbox":[[0.006422,-2.5209,-0.985375],[8.624975,2.604919,4.401793]]},{"name":"Bone60","parent":"Bone58","initpos":[5.775565,1.1e-05,3e-06],"initquaternion":[0.176355,-0.328489,-0.113442,0.920936],"initscale":[1.0,0.999999,0.999999],"offmtx":[[-0.175176,-0.103257,0.979107,13.367191],[-0.797504,0.598035,-0.079615,-15.404415],[-0.577319,-0.794789,-0.187109,28.642189]],"boundingbox":[[-0.747836,0.149185,-0.575089],[3.72802,2.007484,1.577009]]},{"name":"Bone62","parent":"Bone60","initpos":[3.237642,-1e-06,-9e-06],"initquaternion":[0.159342,0.51344,-0.026701,0.842778],"initscale":[1.0,0.999999,0.999999],"offmtx":[[0.327378,0.71687,0.615563,-22.084545],[-0.931645,0.353598,0.08369,-5.579413],[-0.157666,-0.600886,0.78363,25.326339]],"boundingbox":[[-0.144187,0.253688,-0.580901],[2.500747,1.770606,0.646255]]},{"name":"Bone54","parent":"Bone03","initpos":[11.152653,-1.844442,2.150873],"initquaternion":[0.135225,-0.839552,0.047215,0.524057],"initscale":[1.0,1.0,1.0],"offmtx":[[0.892717,0.066125,0.445737,2.674441],[0.062453,0.961471,-0.267716,-29.046405],[-0.446266,0.266833,0.854193,5.948882]],"boundingbox":[[-0.552191,-2.128014,-0.664321],[4.063261,1.996174,0.758279]]},{"name":"Bone53","parent":"Bone03","initpos":[11.152661,-1.844453,-2.011125],"initquaternion":[-0.524058,-0.047214,0.839551,-0.135226],"initscale":[0.999999,1.0,0.999999],"offmtx":[[-0.892717,0.066125,0.445737,2.675033],[0.062453,-0.961471,0.267716,29.046361],[0.446267,0.266832,0.854193,5.948598]],"boundingbox":[[-0.551602,-1.996216,-0.664615],[4.063851,2.127971,0.757983]]},{"name":"Bone07","parent":"Bone02","initpos":[4.681653,0.935492,10.100941],"initquaternion":[0.423422,0.607007,0.496886,-0.453165],"initscale":[0.999999,0.999999,0.999999],"offmtx":[[0.970934,-0.166899,0.171546,-4.532241],[0.219466,0.906802,-0.359919,-29.406848],[-0.095488,0.387107,0.917076,-8.6224]],"boundingbox":[[-0.153369,-2.811819,-4.672622],[8.984003,3.245007,4.435422]]},{"name":"Bone09","parent":"Bone07","initpos":[3.542816,-0.637836,0.663535],"initquaternion":[0.039465,0.075121,-0.554125,0.828096],"initscale":[0.999999,0.999999,0.999999],"offmtx":[[0.179661,-0.954445,0.23823,24.768365],[0.982536,0.186016,0.004275,-18.304605],[-0.048395,0.233302,0.971199,-5.528172]],"boundingbox":[[0.066777,-2.864586,-4.051222],[11.841524,2.869369,2.703835]]},{"name":"Bone11","parent":"Bone09","initpos":[7.381017,0.080154,-0.00021],"initquaternion":[0.004332,0.32164,0.005441,0.946836],"initscale":[1.0,0.999999,0.999999],"offmtx":[[0.184814,-0.896563,-0.402513,16.914831],[0.980524,0.195903,0.013851,-18.578378],[0.066434,-0.397234,0.915309,6.293647]],"boundingbox":[[0.877837,-3.802306,-3.3128],[9.251829,3.537585,4.092657]]},{"name":"Bone17","parent":"Bone11","initpos":[7.866004,2.164278,2.845791],"initquaternion":[0.749959,-0.05636,0.025781,0.658573],"initscale":[1.0,1.0,1.0],"offmtx":[[0.141301,-0.944433,-0.296778,10.417726],[-0.080216,-0.309724,0.947436,4.941445],[-0.98671,-0.110067,-0.119524,19.775739]],"boundingbox":[[-0.145913,-1.395404,-1.282255],[4.779674,1.606319,1.628839]]},{"name":"Bone23","parent":"Bone17","initpos":[4.000345,0.007426,0.112596],"initquaternion":[-0.017781,-0.416497,0.011115,0.908894],"initscale":[1.0,0.999999,1.0],"offmtx":[[-0.657219,-0.710672,-0.251008,19.241424],[-0.039879,-0.299779,0.953173,4.077423],[-0.752642,0.636454,0.16868,8.081383]],"boundingbox":[[-0.433819,-1.042325,-1.186915],[3.214509,1.229992,1.151734]]},{"name":"Bone27","parent":"Bone23","initpos":[2.760885,0.010223,0.055142],"initquaternion":[0.022165,-0.334463,-0.016774,0.941998],"initscale":[1.0,0.999999,0.999999],"offmtx":[[-0.981659,-0.136778,-0.1328,17.646804],[-0.090718,-0.277519,0.956426,4.762634],[-0.167673,0.950932,0.260021,-4.298683]],"boundingbox":[[-0.576736,-0.845584,-0.846459],[2.139703,0.967185,0.936434]]},{"name":"Bone15","parent":"Bone11","initpos":[8.213565,2.103544,-1.145199],"initquaternion":[0.735805,0.069274,0.063161,0.670673],"initscale":[0.999999,1.0,1.0],"offmtx":[[0.364597,-0.844247,-0.392827,4.687939],[-0.019695,-0.428763,0.903201,9.43474],[-0.930956,-0.321568,-0.172954,21.161268]],"boundingbox":[[0.070218,-1.464012,-1.14471],[4.845877,1.518476,1.825981]]},{"name":"Bone20","parent":"Bone15","initpos":[3.965306,-0.004372,0.105857],"initquaternion":[-0.006488,-0.416826,-0.013516,0.908862],"initscale":[1.0,0.999999,0.999999],"offmtx":[[-0.467378,-0.786058,-0.404559,16.247289],[-0.008265,-0.453711,0.891109,9.445448],[-0.884017,0.419829,0.205557,13.407408]],"boundingbox":[[-0.270213,-1.072988,-1.203523],[3.396712,1.216013,1.195596]]},{"name":"Bone25","parent":"Bone20","initpos":[2.726465,0.007512,0.046784],"initquaternion":[0.022473,-0.329026,0.001505,0.944052],"initscale":[0.999999,0.999999,0.999999],"offmtx":[[-0.915326,-0.349597,-0.199896,18.781528],[-0.036652,-0.421993,0.905856,9.74367],[-0.40104,0.836481,0.373448,1.6458]],"boundingbox":[[-0.395838,-0.803176,-0.958601],[2.295497,0.962234,0.794156]]},{"name":"Bone13","parent":"Bone11","initpos":[8.447366,-2.643311,-2.044153],"initquaternion":[0.063244,0.247966,-0.096307,0.961892],"initscale":[0.999999,0.999999,0.999999],"offmtx":[[-0.024754,-0.605495,-0.795462,5.642692],[0.999439,-0.032887,-0.006068,-13.061383],[-0.022486,-0.795167,0.605971,13.881768]],"boundingbox":[[0.163401,-1.451765,-1.254125],[4.034387,1.21456,1.477554]]},{"name":"Bone19","parent":"Bone13","initpos":[3.460491,-0.133567,0.003844],"initquaternion":[0.006123,-0.274448,0.009529,0.961535],"initscale":[1.0,0.999999,1.0],"offmtx":[[-0.017934,-0.934432,-0.355685,8.985756],[0.999573,-0.024951,0.015149,-12.881004],[-0.023031,-0.355262,0.934482,10.854643]],"boundingbox":[[-0.515456,-1.04818,-1.304772],[3.271704,1.015934,1.140177]]},{"name":"Bone35","parent":"Bone11","initpos":[10.47854,3.503286,1.076179],"initquaternion":[0.121351,0.721791,-0.676457,-0.081832],"initscale":[0.999999,1.0,1.0],"offmtx":[[0.10037,0.932448,0.34708,-12.713769],[4.0233089748653583e-07,0.348842,-0.937181,-6.006067],[-0.994949,0.094065,0.035013,18.935024]],"boundingbox":[[-5.710578,-5.657369,-1.890832],[13.093082,5.617327,4.389907]]},{"name":"Bone08","parent":"Bone02","initpos":[4.488586,0.82316,-10.001822],"initquaternion":[-0.453165,0.496886,0.607007,0.423422],"initscale":[0.999999,0.999999,0.999999],"offmtx":[[-0.970935,-0.166898,0.171547,-4.609227],[0.219465,-0.906803,0.359918,29.213047],[0.095489,0.387106,0.917077,-8.532582]],"boundingbox":[[-0.230325,-3.438807,-4.582855],[8.907051,2.618008,4.525186]]},{"name":"Bone10","parent":"Bone08","initpos":[3.454321,0.724277,0.645014],"initquaternion":[-0.039464,0.075121,0.554124,0.828097],"initscale":[0.999999,1.0,0.999999],"offmtx":[[-0.179663,-0.954445,0.23823,24.498899],[0.982536,-0.186018,-0.004273,18.188674],[0.048394,0.233302,0.971199,-5.462167]],"boundingbox":[[-0.202634,-2.985353,-2.633995],[9.666003,2.748593,2.769848]]},{"name":"Bone12","parent":"Bone10","initpos":[7.38129,0.077255,8e-05],"initquaternion":[-0.004331,0.321641,-0.00544,0.946835],"initscale":[0.999999,0.999999,0.999999],"offmtx":[[-0.184815,-0.896562,-0.402514,16.664472],[0.980524,-0.195905,-0.01385,18.302261],[-0.066437,-0.397235,0.915308,6.180195]],"boundingbox":[[-0.15336,-3.813726,-3.42623],[9.001495,3.526146,3.97921]]},{"name":"Bone18","parent":"Bone12","initpos":[7.930919,-2.09991,2.876763],"initquaternion":[-0.749959,-0.05636,-0.025781,0.658574],"initscale":[0.999999,0.999999,0.999999],"offmtx":[[-0.141302,-0.944433,-0.296779,10.071357],[-0.080214,0.309724,-0.947437,-4.793575],[0.98671,-0.110069,-0.119522,19.468587]],"boundingbox":[[-0.325581,-1.458483,-1.589424],[4.433328,1.54324,1.32166]]},{"name":"Bone24","parent":"Bone18","initpos":[4.044344,0.006844,-0.10992],"initquaternion":[0.01778,-0.416498,-0.011116,0.908894],"initscale":[1.0,1.0,1.0],"offmtx":[[0.657219,-0.710673,-0.251006,18.917869],[-0.039876,0.299779,-0.953175,-3.949554],[0.752642,0.636454,0.168681,8.318774]],"boundingbox":[[-0.757383,-1.102177,-0.949542],[2.890949,1.170153,1.38911]]},{"name":"Bone28","parent":"Bone24","initpos":[2.615051,0.00995,-0.055513],"initquaternion":[-0.022165,-0.334463,0.016775,0.941998],"initscale":[1.0,0.999999,0.999999],"offmtx":[[0.981658,-0.136779,-0.132798,17.732982],[-0.090717,0.277519,-0.956427,-4.67059],[0.167673,0.950933,0.260021,-3.91345]],"boundingbox":[[-0.490554,-0.875157,-0.461225],[2.225881,0.937612,1.321669]]},{"name":"Bone14","parent":"Bone12","initpos":[8.416528,2.674311,-2.056119],"initquaternion":[-0.063244,0.247965,0.096307,0.961893],"initscale":[0.999999,0.999999,0.999999],"offmtx":[[0.024754,-0.605496,-0.795462,5.456637],[0.999439,0.032885,0.00607,12.817471],[0.022483,-0.795168,0.605971,13.639488]],"boundingbox":[[-0.022657,-1.458502,-1.496376],[3.848331,1.207817,1.235298]]},{"name":"Bone21","parent":"Bone14","initpos":[3.45234,-0.131164,-0.003282],"initquaternion":[-0.006122,-0.274448,-0.009528,0.961535],"initscale":[0.999999,0.999999,0.999999],"offmtx":[[0.017934,-0.934433,-0.355685,8.710256],[0.999573,0.02495,-0.015146,12.899495],[0.023028,-0.355262,0.934482,10.749143]],"boundingbox":[[-0.790963,-0.997472,-1.41023],[2.996196,1.066636,1.034713]]},{"name":"Bone16","parent":"Bone12","initpos":[8.278822,-2.068033,-1.114527],"initquaternion":[-0.735805,0.069274,-0.063161,0.670673],"initscale":[1.0,0.999999,0.999999],"offmtx":[[-0.364599,-0.844246,-0.392828,4.43602],[-0.019692,0.428764,-0.903201,-9.257498],[0.930955,-0.321571,-0.172952,20.81109]],"boundingbox":[[-0.181643,-1.341275,-1.494909],[4.594014,1.64123,1.475776]]},{"name":"Bone22","parent":"Bone16","initpos":[4.078788,-0.005044,-0.103296],"initquaternion":[0.006488,-0.416827,0.013516,0.908861],"initscale":[1.0,0.999999,0.999999],"offmtx":[[0.467378,-0.786058,-0.404558,15.905723],[-0.008261,0.453712,-0.891109,-9.247956],[0.884018,0.419827,0.205561,13.587875]],"boundingbox":[[-0.611785,-1.018594,-1.023105],[3.055137,1.270413,1.376024]]},{"name":"Bone26","parent":"Bone22","initpos":[2.649545,0.007353,-0.046785],"initquaternion":[-0.022473,-0.329027,-0.001505,0.944051],"initscale":[0.999999,0.999999,0.999999],"offmtx":[[0.915326,-0.349597,-0.199892,18.746618],[-0.036649,0.421994,-0.905857,-9.577261],[0.401039,0.836481,0.37345,2.032513]],"boundingbox":[[-0.430777,-0.795878,-0.571886],[2.260552,0.969532,1.180868]]},{"name":"Bone34","parent":"Bone12","initpos":[10.570682,-3.400653,1.119824],"initquaternion":[-0.121351,0.721791,0.676457,-0.081832],"initscale":[0.999999,0.999999,0.999999],"offmtx":[[-0.100369,0.932448,0.347081,-12.270439],[-3e-06,-0.348843,0.937181,5.850622],[0.994949,0.094063,0.035016,18.680595]],"boundingbox":[[-0.749418,-5.772723,-2.145284],[13.536399,5.501977,4.135427]]},{"name":"Bone32","parent":"Bone02","initpos":[-1.34624,13.666886,-17.887825],"initquaternion":[0.697815,0.114254,0.252414,0.66052],"initscale":[0.999999,0.999999,0.999999],"offmtx":[[0.201343,0.979517,-0.002385,-26.210395],[0.97952,-0.201343,0.000489,23.720849],[-3.8760441611884744e-07,-0.002435,-0.999996,12.207324]],"boundingbox":[[-0.157147,-1.92451,-0.445187],[8.297342,2.274478,0.449749]]},{"name":"Bone30","parent":"Bone02","initpos":[2.340293,15.869561,-9.147818],"initquaternion":[0.685845,0.172094,0.196407,0.679281],"initscale":[0.999999,0.999999,0.999999],"offmtx":[[0.03561,0.999362,-0.002433,-34.393554],[0.999365,-0.03561,8.5e-05,10.449167],[-1e-06,-0.002434,-0.999996,12.255674]],"boundingbox":[[-0.031376,-5.548272,-0.706901],[16.515466,5.795463,0.768911]]},{"name":"Bone31","parent":"Bone02","initpos":[2.515745,15.97165,9.121053],"initquaternion":[0.679281,0.196407,0.172094,0.685845],"initscale":[0.999999,0.999999,0.999999],"offmtx":[[-0.035608,0.999362,-0.002433,-34.602344],[0.999364,0.035608,-8.5e-05,-10.289798],[1e-06,-0.002435,-0.999996,12.255611]],"boundingbox":[[-0.240142,-5.636196,-0.706979],[16.306682,5.707535,0.768835]]},{"name":"Bone33","parent":"Bone02","initpos":[-1.002023,13.867165,17.953968],"initquaternion":[0.660519,0.252414,0.114254,0.697815],"initscale":[0.999999,0.999999,0.999999],"offmtx":[[-0.20134,0.979517,-0.002385,-26.615352],[0.97952,0.20134,-0.000489,-23.728746],[1e-06,-0.002434,-0.999996,12.207152]],"boundingbox":[[-0.562038,-2.282462,-0.445338],[7.892444,1.916538,0.449598]]},{"name":"bind","parent":"Bone02","initpos":[8.660657,7.391665,0.124835],"initquaternion":[-0.682447,-0.185111,0.185111,0.682446],"initscale":[0.999999,1.0,0.999999],"offmtx":[[1e-06,0.999999,0.0,-35.943626],[-0.999999,1e-06,-1.6322275087077287e-07,0.054869],[-1.6322282192504645e-07,0.0,1.0,-1.661399]],"boundingbox":[[-0.54836,-2.555947,1.784688],[-0.54836,-2.555947,1.784688]]},{"name":"Bone47","parent":"Bone01","initpos":[13.650917,-11.573095,-0.051676],"initquaternion":[0.0,-0.0,0.970937,0.239331],"initscale":[1.0,1.0,1.0],"offmtx":[[-4.2648775888665114e-07,-0.660304,0.750997,30.415155],[-1e-06,-0.750997,-0.660304,12.537959],[0.999999,-1e-06,-4.85788461901393e-07,0.123343]],"boundingbox":[[0.11668,-0.360965,-18.276321],[9.449785,0.378437,18.522953]]},{"name":"Bone48","parent":"Bone47","initpos":[9.41246,-0.000503,0.168164],"initquaternion":[7.804083566043118e-07,3.6045403817297483e-07,-0.522777,0.852469],"initscale":[0.999999,0.999999,1.0],"offmtx":[[-5.358547241485212e-07,0.369979,0.929039,-1.652791],[0.0,-0.929039,0.369979,24.404788],[0.999999,2.1685342233013216e-07,4.904238721792353e-07,-0.044846]],"boundingbox":[[-0.083132,-0.316177,-15.190108],[3.59385,0.45492,15.100417]]},{"name":"Bone49","parent":"Bone48","initpos":[3.402957,-0.001262,0.133843],"initquaternion":[1e-06,-1e-06,0.567056,0.823678],"initscale":[1.0,1.0,1.0],"offmtx":[[3e-06,-0.735814,0.677182,20.994434],[9.845018666965188e-07,-0.677182,-0.735814,13.433163],[0.999999,3e-06,-1e-06,-0.178771]],"boundingbox":[[-0.280769,-0.317016,-13.630829],[3.533332,0.531054,13.273455]]},{"name":"Bone50","parent":"Bone49","initpos":[3.436899,0.000368,-0.209262],"initquaternion":[-1e-06,1e-06,-0.394978,0.91869],"initscale":[0.999999,0.999999,1.0],"offmtx":[[1.9671028894663323e-07,-0.014779,0.99989,2.330778],[-3.0953748364481726e-07,-0.99989,-0.014779,21.983503],[0.999999,-3.0659629146612133e-07,-2.0126365996020468e-07,0.03057]],"boundingbox":[[-0.00638,-0.517737,-10.932197],[7.234987,0.553184,10.993326]]},{"name":"Bone51","parent":"Bone50","initpos":[6.856827,0.000747,-0.118605],"initquaternion":[3e-06,-2e-06,0.034838,0.999392],"initscale":[0.999999,0.999999,1.0],"offmtx":[[4e-06,-0.084371,0.996434,-2.984295],[6e-06,-0.996434,-0.084371,22.244564],[0.999999,6e-06,-4e-06,0.149041]],"boundingbox":[[-0.222243,-0.516874,-10.762472],[3.126658,0.603839,11.060802]]},{"name":"Bone52","parent":"Bone51","initpos":[1.934583,-0.00019,0.182959],"initquaternion":[4e-06,7e-06,0.099778,0.995009],"initscale":[0.999999,0.999999,1.0],"offmtx":[[-8e-06,-0.280545,0.95984,-0.403971],[1.5e-05,-0.95984,-0.280545,22.778526],[0.999999,1.2e-05,1.2e-05,-0.034152]],"boundingbox":[[-0.066403,-0.535917,-6.387166],[1.211657,0.562183,6.319568]]},{"name":"Bone40","parent":"Bone01","initpos":[13.650886,-11.573061,-0.051676],"initquaternion":[0.0,-1.5719510315648222e-07,0.591815,0.806073],"initscale":[1.0,1.0,1.0],"offmtx":[[1e-06,0.621295,0.783575,-6.916695],[-7.521769589402538e-07,-0.783575,0.621295,32.162689],[0.999999,-1e-06,-5.265155778033659e-07,0.123348]],"boundingbox":[[-0.04982,-0.372485,-18.272512],[5.453932,0.255681,18.519144]]},{"name":"Bone41","parent":"Bone40","initpos":[5.219493,0.000488,0.062997],"initquaternion":[-2.365814140148359e-07,0.0,-0.295423,0.955366],"initscale":[0.999999,0.999999,1.0],"offmtx":[[1e-06,0.955158,0.296096,-28.172592],[-3.8186155393304944e-07,-0.296096,0.955158,19.697708],[0.999999,-1e-06,-0.0,0.060361]],"boundingbox":[[-0.484904,-0.556932,-17.530719],[8.365736,0.532263,17.651317]]},{"name":"Bone42","parent":"Bone41","initpos":[7.600477,-0.000602,0.06713],"initquaternion":[0.0,0.0,0.626499,0.779422],"initscale":[1.0,1.0,1.0],"offmtx":[[-0.0,-0.083815,0.996481,11.546556],[-1e-06,-0.996481,-0.083815,39.171596],[0.999999,-1e-06,-0.0,-0.006768]],"boundingbox":[[-0.137346,-1.091032,-17.693725],[7.779707,0.947146,17.680065]]},{"name":"Bone43","parent":"Bone42","initpos":[7.795031,0.00011,-0.01961],"initquaternion":[0.0,0.0,0.034807,0.999393],"initscale":[1.0,1.0,1.0],"offmtx":[[-1.5326057223319367e-07,-0.152941,0.988235,6.467726],[-1e-06,-0.988235,-0.152941,38.815563],[0.999999,-1e-06,-0.0,0.012842]],"boundingbox":[[-0.105625,-1.060467,-16.383007],[4.153653,0.906798,16.408569]]},{"name":"Bone44","parent":"Bone43","initpos":[4.114323,-0.000102,0.020571],"initquaternion":[1.1295655610865651e-07,-1.6645857670027908e-07,0.56151,0.827469],"initscale":[0.999999,0.999999,1.0],"offmtx":[[-1e-06,-0.974831,0.222944,36.939411],[-4.3793096438093926e-07,-0.222944,-0.974831,12.152082],[0.999999,-1e-06,-1.7861219703263487e-07,-0.007743]],"boundingbox":[[-0.647351,-0.447892,-12.930939],[6.599243,0.458496,12.91536]]},{"name":"Bone45","parent":"Bone44","initpos":[5.535415,-0.000628,0.07211],"initquaternion":[0.0,0.0,-0.773997,0.633189],"initscale":[0.999999,0.999999,1.0],"offmtx":[[6.497476761069265e-07,0.411679,0.911328,-18.134243],[-1e-06,-0.911328,0.411679,28.373386],[0.999999,-1e-06,-1.7841973942722689e-07,-0.079854]],"boundingbox":[[-0.652251,-1.1067,-10.600034],[7.077598,0.917076,10.440248]]},{"name":"Bone46","parent":"Bone45","initpos":[6.87718,-0.000238,-0.058945],"initquaternion":[4.503232844399463e-07,-3.308460634343646e-07,0.805885,0.592072],"initscale":[1.0,1.0,1.0],"offmtx":[[-0.0,-0.992717,0.120461,34.552433],[-3.2001867111830506e-07,-0.120462,-0.992717,15.387077],[0.999999,-0.0,-3.134020118977787e-07,-0.020946]],"boundingbox":[[-0.93596,-0.293375,-7.653136],[5.62237,0.329821,7.611231]]},{"name":"Bone05","parent":"Bone00","initpos":[-0.176218,-0.007844,0.001959],"initquaternion":[-0.014811,0.706951,0.706951,-0.014811],"initscale":[0.999999,1.0,0.999999],"offmtx":[[-0.0,-0.999996,0.002433,16.267669],[0.999999,-0.0,4.83645692384016e-07,0.020234],[-4.834283231502923e-07,0.002433,0.999997,-1.368024]],"boundingbox":[[-0.534798,-4.536999,-4.291549],[8.790462,4.577467,3.085827]]},{"name":"Bone29","parent":"Bone05","initpos":[4.844979,0.098216,1.1920928955078125e-07],"initquaternion":[0.0,0.0,0.0,1.0],"initscale":[1.0,1.0,1.0],"offmtx":[[-0.0,-0.999996,0.002433,11.422691],[0.999999,-0.0,6.028542429703521e-07,-0.077981],[-6.026372147971415e-07,0.002433,0.999997,-1.368024]],"boundingbox":[[-0.095176,-5.658496,-2.905727],[8.575499,4.880184,4.439461]]},{"name":"Bone36","parent":"Bone29","initpos":[11.371051,1.151078,-0.720802],"initquaternion":[0.00086,0.707106,0.707105,-0.00086],"initscale":[0.999999,0.999999,0.999999],"offmtx":[[6.451097647186543e-07,0.999999,0.0,-0.053215],[0.0,-0.0,1.0,-0.647094],[0.999999,-6.451097647186543e-07,-0.0,-1.229059]],"boundingbox":[[-0.013403,-0.683241,-1.469336],[2.841708,0.58329,1.054399]]},{"name":"Bone38","parent":"Bone05","initpos":[-0.199251,4.647794,-0.429542],"initquaternion":[0.993054,0.107428,0.047681,-0.00542],"initscale":[0.999999,0.999999,0.999999],"offmtx":[[0.212846,-0.972134,0.098231,14.93703],[-0.976859,-0.213881,-6.109469268267276e-07,8.042919],[0.02101,-0.095958,-0.995163,2.377183]],"boundingbox":[[-0.490141,-2.082572,-6.000564],[10.634876,3.008925,5.537169]]},{"name":"Bone39","parent":"Bone05","initpos":[-1.111679,0.032052,4.579666],"initquaternion":[0.994207,0.002314,0.107454,0.000191],"initscale":[0.999999,0.999999,0.999999],"offmtx":[[0.004642,-0.976372,0.21604,15.706953],[-0.999988,-0.004558,0.000888,0.085853],[0.000117,-0.216042,-0.976383,9.523711]],"boundingbox":[[-0.161374,-8.051451,-0.937685],[10.19828,8.141261,0.831503]]},{"name":"Bone37","parent":"Bone05","initpos":[-0.096931,-4.561638,-0.429508],"initquaternion":[-0.00542,-0.047681,-0.107428,0.993054],"initscale":[0.999999,0.999999,0.999999],"offmtx":[[-0.212847,-0.972134,0.098231,14.847254],[0.976858,-0.213881,5.960458793197176e-07,7.976412],[0.021009,0.095958,0.995163,-2.368613]],"boundingbox":[[-0.579912,-2.149075,-5.528593],[10.545104,2.942411,6.009144]]}],"boundingbox":[[-22.851573,0.039812,-17.359947],[22.851573,51.191764,12.871924]]}