{"skeleton":[{"name":"root","parent":"root","initpos":[0.0,0.0,-0.0],"initquaternion":[0.707106,0.0,0.0,0.707106],"initscale":[1.0,0.999999,0.999999],"offmtx":[[1.0,0.0,0.0,0.0],[0.0,1.0,0.0,0.0],[0.0,0.0,1.0,0.0]],"boundingbox":[[0.0,0.0,0.0],[0.0,0.0,0.0]]},{"name":"Bone008","parent":"root","initpos":[6.077716,-0.0,-23.989797],"initquaternion":[-0.5,-0.499999,-0.499999,0.5],"initscale":[1.0,0.999999,0.999999],"offmtx":[[1.0,0.0,0.0,0.0],[0.0,1.0,0.0,0.0],[0.0,0.0,1.0,0.0]],"boundingbox":[[0.0,0.0,0.0],[0.0,0.0,0.0]]},{"name":"Bone041","parent":"Bone008","initpos":[0.335254,-1.374715,0.0],"initquaternion":[2.659916447100841e-07,-0.0,0.262846,0.964837],"initscale":[1.0,1.0,1.0],"offmtx":[[0.507208,-0.861823,2.3841856489070778e-07,18.000633],[0.861823,0.507208,3.613972410221322e-07,-16.050951],[-4.3238853209004446e-07,0.0,0.999999,2e-06]],"boundingbox":[[-0.820858,-3.297837,-2.72813],[10.003273,3.155746,2.318378]]},{"name":"Bone042","parent":"Bone041","initpos":[-0.064805,2.464628,-0.0],"initquaternion":[-0.0,-0.0,0.047287,0.998881],"initscale":[1.0,1.0,1.0],"offmtx":[[0.586356,-0.810053,2.980231954552437e-07,16.235481],[0.810053,0.586356,2.487991537236667e-07,-20.139404],[-3.762884261959698e-07,0.0,0.999999,6.468842457252322e-07]],"boundingbox":[[-0.138028,-3.06425,-3.274258],[5.128757,4.368443,2.595026]]},{"name":"Bone043","parent":"Bone041","initpos":[9.899307,-1e-06,-1e-06],"initquaternion":[0.041347,-0.251741,0.230786,0.938964],"initscale":[0.999999,0.999999,0.999999],"offmtx":[[0.744464,-0.451517,0.491838,-0.410835],[0.536687,0.8429,-0.038549,-17.966014],[-0.397165,0.292662,0.869832,-0.563921]],"boundingbox":[[-2.220524,-2.540918,-2.997964],[3.980834,3.242246,3.394288]]},{"name":"Bone044","parent":"Bone043","initpos":[4.089023,0.0,-2.384185791015625e-07],"initquaternion":[0.003582,-0.033144,0.107388,0.993658],"initscale":[0.999999,0.999999,0.999999],"offmtx":[[0.8136,-0.240922,0.529159,-8.253704],[0.365239,0.919904,-0.142741,-16.589769],[-0.452386,0.309404,0.836429,-0.013946]],"boundingbox":[[-1.70956,-2.052965,-3.712207],[5.38062,3.717364,3.369903]]}],"boundingbox":[[3.901901,10.140325,-3.274261],[19.577823,27.412847,7.01466]]}