{
  "skeleton": [
    {
      "name": "root",
      "parent": "root",
      "initpos": [
        0,
        0,
        0
      ],
      "initquaternion": [
        -1.1920928955078125e-7,
        0,
        0,
        1
      ],
      "initscale": [
        1,
        0.999999,
        0.999999
      ],
      "offmtx": [
        [
          1,
          0,
          0,
          0
        ],
        [
          0,
          1,
          0,
          0
        ],
        [
          0,
          0,
          1,
          0
        ]
      ],
      "boundingbox": [
        [
          0,
          0,
          0
        ],
        [
          0,
          0,
          0
        ]
      ]
    },
    {
      "name": "body",
      "parent": "root",
      "initpos": [
        0.023774,
        11.98265,
        0.277781
      ],
      "initquaternion": [
        9.497071005171165e-7,
        9.497069299868599e-7,
        0.707106,
        0.707106
      ],
      "initscale": [
        1,
        1,
        1
      ],
      "offmtx": [
        [
          1,
          0,
          0,
          0
        ],
        [
          0,
          1,
          0,
          0
        ],
        [
          0,
          0,
          1,
          0
        ]
      ],
      "boundingbox": [
        [
          0,
          0,
          0
        ],
        [
          0,
          0,
          0
        ]
      ]
    },
    {
      "name": "body007",
      "parent": "body",
      "initpos": [
        6.201829,
        0.023779,
        1.989974
      ],
      "initquaternion": [
        -0.707108,
        0,
        0,
        0.707105
      ],
      "initscale": [
        1,
        1,
        1
      ],
      "offmtx": [
        [
          2.629799382702913e-7,
          0.999999,
          0,
          -18.18448
        ],
        [
          0.000001,
          0,
          -0.999999,
          2.267755
        ],
        [
          -0.999999,
          2.6297988142687245e-7,
          -0.000001,
          -0.000004
        ]
      ],
      "boundingbox": [
        [
          0.050517,
          -0.842246,
          -2.881918
        ],
        [
          5.800518,
          1.177755,
          2.881915
        ]
      ]
    },
    {
      "name": "body008",
      "parent": "body007",
      "initpos": [
        1.204969,
        -1.348056,
        0
      ],
      "initquaternion": [
        0,
        0,
        0,
        1
      ],
      "initscale": [
        1,
        1,
        1
      ],
      "offmtx": [
        [
          3.6043451245859615e-7,
          0.999999,
          0,
          -19.38945
        ],
        [
          0.000001,
          0,
          -0.999999,
          3.61581
        ],
        [
          -0.999999,
          3.6043442719346785e-7,
          -0.000001,
          -0.000006
        ]
      ],
      "boundingbox": [
        [
          0.045546,
          -0.804192,
          -3.164756
        ],
        [
          6.324927,
          1.20581,
          3.16475
        ]
      ]
    },
    {
      "name": "body009",
      "parent": "body008",
      "initpos": [
        1.76741,
        -1.09518,
        0
      ],
      "initquaternion": [
        0,
        0,
        0,
        1
      ],
      "initscale": [
        1,
        1,
        1
      ],
      "offmtx": [
        [
          4.7036007799761137e-7,
          0.999999,
          0,
          -21.156862
        ],
        [
          0.000001,
          0,
          -0.999999,
          4.71099
        ],
        [
          -0.999999,
          4.703600211541925e-7,
          -0.000001,
          -0.00001
        ]
      ],
      "boundingbox": [
        [
          0.078135,
          -0.499012,
          -3.539022
        ],
        [
          6.389621,
          0.610991,
          3.539013
        ]
      ]
    },
    {
      "name": "body006",
      "parent": "body",
      "initpos": [
        11.843303,
        4.167436,
        -1.820743
      ],
      "initquaternion": [
        0.045721,
        -0.527366,
        0.195325,
        0.825616
      ],
      "initscale": [
        0.999999,
        0.999999,
        0.999999
      ],
      "offmtx": [
        [
          -0.2743,
          0.367464,
          0.888666,
          -8.520647
        ],
        [
          -0.919515,
          -0.370751,
          -0.130516,
          4.821951
        ],
        [
          0.281514,
          -0.852943,
          0.439587,
          22.166959
        ]
      ],
      "boundingbox": [
        [
          1.074707,
          -2.49304,
          -2.400361
        ],
        [
          13.263535,
          1.84546,
          2.126358
        ]
      ]
    },
    {
      "name": "body001",
      "parent": "body",
      "initpos": [
        12.651845,
        -4.174205,
        -2.598371
      ],
      "initquaternion": [
        -0.013136,
        -0.388523,
        -0.200984,
        0.899156
      ],
      "initscale": [
        0.999999,
        0.999999,
        0.999999
      ],
      "offmtx": [
        [
          0.351226,
          0.617309,
          0.703966,
          -15.047928
        ],
        [
          -0.918865,
          0.371639,
          0.132553,
          -4.990183
        ],
        [
          -0.179795,
          -0.693406,
          0.697754,
          19.455707
        ]
      ],
      "boundingbox": [
        [
          -0.685903,
          -2.134652,
          -1.312026
        ],
        [
          5.98912,
          2.429923,
          2.894993
        ]
      ]
    },
    {
      "name": "body002",
      "parent": "body001",
      "initpos": [
        5.948835,
        0.000001,
        -0.000003
      ],
      "initquaternion": [
        0,
        0,
        0.002014,
        0.999997
      ],
      "initscale": [
        1,
        1,
        1
      ],
      "offmtx": [
        [
          0.347521,
          0.618802,
          0.704494,
          -21.016698
        ],
        [
          -0.920273,
          0.369149,
          0.129716,
          -4.905551
        ],
        [
          -0.179795,
          -0.693406,
          0.697754,
          19.455711
        ]
      ],
      "boundingbox": [
        [
          -0.057885,
          -1.835166,
          -1.092725
        ],
        [
          7.713374,
          2.03391,
          2.320134
        ]
      ]
    },
    {
      "name": "body003",
      "parent": "body",
      "initpos": [
        12.651851,
        4.121646,
        -2.5984
      ],
      "initquaternion": [
        0.013133,
        -0.388522,
        0.200985,
        0.899156
      ],
      "initscale": [
        0.999999,
        0.999999,
        0.999999
      ],
      "offmtx": [
        [
          -0.351227,
          0.61731,
          0.703965,
          -15.012785
        ],
        [
          -0.918865,
          -0.37164,
          -0.132553,
          5.082158
        ],
        [
          0.179795,
          -0.693405,
          0.697754,
          19.437705
        ]
      ],
      "boundingbox": [
        [
          -0.650752,
          -2.33796,
          -1.330017
        ],
        [
          6.024273,
          2.226612,
          2.877006
        ]
      ]
    },
    {
      "name": "body004",
      "parent": "body003",
      "initpos": [
        5.948836,
        0,
        -0.000003
      ],
      "initquaternion": [
        -2.2396713461603213e-7,
        -2.2306676328298636e-7,
        -0.002014,
        0.999997
      ],
      "initscale": [
        0.999999,
        0.999999,
        1
      ],
      "offmtx": [
        [
          -0.347522,
          0.618801,
          0.704494,
          -20.981914
        ],
        [
          -0.920272,
          -0.369149,
          -0.129716,
          4.997668
        ],
        [
          0.179795,
          -0.693406,
          0.697754,
          19.437721
        ]
      ],
      "boundingbox": [
        [
          -0.023101,
          -1.94181,
          -1.110711
        ],
        [
          7.748156,
          1.927263,
          2.30215
        ]
      ]
    },
    {
      "name": "body005",
      "parent": "body",
      "initpos": [
        11.843303,
        -3.959536,
        -1.820716
      ],
      "initquaternion": [
        -0.045724,
        -0.527367,
        -0.195323,
        0.825616
      ],
      "initscale": [
        0.999999,
        0.999999,
        0.999999
      ],
      "offmtx": [
        [
          0.2743,
          0.367465,
          0.888666,
          -8.476662
        ],
        [
          -0.919515,
          0.370751,
          0.130515,
          -4.969409
        ],
        [
          -0.281514,
          -0.852943,
          0.439587,
          22.121812
        ]
      ],
      "boundingbox": [
        [
          1.118698,
          -1.992925,
          -2.445506
        ],
        [
          13.307527,
          2.345576,
          2.081212
        ]
      ]
    },
    {
      "name": "body010",
      "parent": "body",
      "initpos": [
        5.040594,
        0.013366,
        -2.764925
      ],
      "initquaternion": [
        0,
        0,
        0,
        1
      ],
      "initscale": [
        1,
        1,
        1
      ],
      "offmtx": [
        [
          2.1517018922168063e-7,
          0.999999,
          0,
          -17.023244
        ],
        [
          -0.999999,
          2.1517014658911648e-7,
          -5.019556397201086e-7,
          0.010391
        ],
        [
          -5.019557534069463e-7,
          0,
          0.999999,
          2.487145
        ]
      ],
      "boundingbox": [
        [
          -0.044388,
          -4.792552,
          -1.102853
        ],
        [
          7.110259,
          4.813345,
          1.297148
        ]
      ]
    },
    {
      "name": "body011",
      "parent": "body010",
      "initpos": [
        0.707508,
        0.005831,
        -1.511026
      ],
      "initquaternion": [
        0,
        0,
        0,
        1
      ],
      "initscale": [
        1,
        1,
        1
      ],
      "offmtx": [
        [
          2.6170286560045497e-7,
          0.999999,
          0,
          -17.730752
        ],
        [
          -0.999999,
          2.617028087570361e-7,
          -5.019556397201086e-7,
          0.004558
        ],
        [
          -5.019557534069463e-7,
          0,
          0.999999,
          3.998172
        ]
      ],
      "boundingbox": [
        [
          -0.245754,
          -2.105434,
          -1.231826
        ],
        [
          5.104245,
          2.114565,
          0.808174
        ]
      ]
    },
    {
      "name": "body013",
      "parent": "body011",
      "initpos": [
        3.068704,
        -1.552434,
        -0.164976
      ],
      "initquaternion": [
        1.1966096735704923e-7,
        2.0621506280349422e-7,
        -0.501894,
        0.864928
      ],
      "initscale": [
        0.999999,
        0.999999,
        1
      ],
      "offmtx": [
        [
          0.868205,
          0.496203,
          0,
          -11.672567
        ],
        [
          -0.496203,
          0.868205,
          -2.4654633534737513e-7,
          -17.285627
        ],
        [
          0,
          2.3369911161807977e-7,
          0.999999,
          4.163142
        ]
      ],
      "boundingbox": [
        [
          0.087454,
          -0.855201,
          -0.23685
        ],
        [
          4.84288,
          0.715577,
          0.26315
        ]
      ]
    },
    {
      "name": "body012",
      "parent": "body011",
      "initpos": [
        3.068704,
        1.561423,
        -0.164976
      ],
      "initquaternion": [
        -1.788067578445407e-7,
        0,
        0.501894,
        0.864928
      ],
      "initscale": [
        1,
        1,
        1
      ],
      "offmtx": [
        [
          -0.868206,
          0.496203,
          -5.853534048583242e-7,
          -11.672435
        ],
        [
          -0.496203,
          -0.868206,
          -5.774393798674282e-7,
          17.285701
        ],
        [
          -7.947350013637333e-7,
          -2.108822201307703e-7,
          0.999999,
          4.163152
        ]
      ],
      "boundingbox": [
        [
          0.087575,
          -0.715511,
          -0.236849
        ],
        [
          4.843002,
          0.855271,
          0.263153
        ]
      ]
    }
  ],
  "boundingbox": [
    [
      -9.516777,
      16.978857,
      -5.23
    ],
    [
      9.516775,
      33.867115,
      9.689205
    ]
  ]
}
