{"skeleton":[{"name":"root","parent":"root","initpos":[0.0,0.0,-0.0],"initquaternion":[0.707106,0.0,0.0,0.707106],"initscale":[1.0,0.999999,0.999999],"offmtx":[[1.0,0.0,0.0,0.0],[0.0,1.0,0.0,0.0],[0.0,0.0,1.0,0.0]],"boundingbox":[[0.0,0.0,0.0],[0.0,0.0,0.0]]},{"name":"xiankuang020","parent":"root","initpos":[6.455987,-1e-06,-22.84679],"initquaternion":[-0.665149,-0.239949,-0.239949,0.665149],"initscale":[1.0,1.0,1.0],"offmtx":[[0.769696,-0.63841,0.0,9.616477],[0.63841,0.769696,-3.2545835892960895e-07,-21.706657],[1.3672982390744437e-07,3.0943192541599274e-07,0.999999,-6e-06]],"boundingbox":[[-1.907483,-1.415373,-2.569151],[4.611599,3.013811,2.569156]]},{"name":"xiankuang002","parent":"root","initpos":[-4.198252,0.0,-24.914587],"initquaternion":[-0.092667,0.386615,0.718443,0.57077],"initscale":[0.999999,1.0,1.0],"offmtx":[[-0.331266,0.57449,0.74848,-15.703942],[-0.891786,-0.449739,-0.049497,7.461129],[0.308185,-0.683881,0.661307,18.332471]],"boundingbox":[[-2.475749,-2.008733,-3.940843],[13.723889,2.905815,3.548872]]},{"name":"xiankuang003","parent":"root","initpos":[7.665025,0.008998,-23.121742],"initquaternion":[0.113382,0.69857,0.696967,-0.115674],"initscale":[0.999999,0.999999,0.999999],"offmtx":[[-0.947527,-0.319661,-0.002831,14.653974],[0.319654,-0.94753,0.002762,19.458374],[-0.003565,0.001712,0.999992,-0.021266]],"boundingbox":[[-0.159782,-2.318783,-3.471276],[2.667767,2.274446,3.461496]]},{"name":"xiankuang004","parent":"root","initpos":[8.48018,2.246462,-12.760773],"initquaternion":[-0.431874,0.431878,0.559893,0.559896],"initscale":[0.999999,0.999999,0.999999],"offmtx":[[-1.429251597073744e-07,0.967222,0.253929,-12.912953],[-1.0,-2e-06,7e-06,8.480189],[7e-06,-0.253929,0.967222,1.067447]],"boundingbox":[[0.312793,-0.040533,-1.501995],[4.72168,0.100888,1.217272]]},{"name":"xiankuang001","parent":"root","initpos":[4.117877,-0.0,-24.914588],"initquaternion":[-0.386615,0.092667,0.570771,0.718443],"initscale":[0.999999,0.999999,0.999999],"offmtx":[[0.331266,0.57449,0.74848,-15.677318],[-0.891787,0.449739,0.049497,-7.532813],[-0.308185,-0.683881,0.661307,18.307706]],"boundingbox":[[-2.449121,-2.977506,-3.965611],[13.750517,1.937049,3.524106]]},{"name":"xiankuang005","parent":"root","initpos":[8.480178,-2.201485,-12.760774],"initquaternion":[-0.56111,0.561113,0.430292,0.430296],"initscale":[0.999999,0.999999,0.999999],"offmtx":[[-2.321909278180101e-07,0.965773,-0.259386,-12.895053],[-1.0,1e-06,7e-06,8.480171],[7e-06,0.259386,0.965773,-1.183902]],"boundingbox":[[0.31864,-0.040533,-1.251625],[4.737918,0.100887,1.467885]]},{"name":"xiankuang006","parent":"root","initpos":[-8.492865,-2.201485,-12.760777],"initquaternion":[0.561113,-0.56111,-0.430297,-0.430292],"initscale":[0.999999,0.999999,0.999999],"offmtx":[[0.0,0.965773,-0.259386,-12.895055],[-1.0,-2e-06,-7e-06,-8.492856],[-8e-06,0.259386,0.965773,-1.183907]],"boundingbox":[[0.31864,-0.113577,-1.251625],[4.737918,0.027844,1.467885]]},{"name":"xiankuang007","parent":"root","initpos":[-8.492863,2.246462,-12.760774],"initquaternion":[-0.431879,0.431874,0.559896,0.559893],"initscale":[0.999999,1.0,0.999999],"offmtx":[[0.0,0.967222,0.253929,-12.912954],[-1.0,1e-06,-7e-06,-8.492875],[-7e-06,-0.253929,0.967222,1.067446]],"boundingbox":[[0.312793,-0.113575,-1.501996],[4.721682,0.027845,1.217272]]},{"name":"xiankuang008","parent":"root","initpos":[-7.016146,0.0,-12.364816],"initquaternion":[0.500002,-0.499997,-0.500002,-0.499997],"initscale":[1.0,1.0,1.0],"offmtx":[[3.112716626674228e-07,0.999999,0.0,-12.364813],[-1.0,3.1127163424571336e-07,-8e-06,-7.016152],[-8e-06,0.0,0.999999,-5.9e-05]],"boundingbox":[[-0.435517,-3.136867,-2.370687],[5.705881,2.404566,2.370713]]},{"name":"xiankuang009","parent":"root","initpos":[7.003461,-0.0,-12.364815],"initquaternion":[-0.499997,0.500002,0.499997,0.500002],"initscale":[1.0,1.0,1.0],"offmtx":[[3.5993465985484363e-07,0.999999,0.0,-12.364819],[-1.0,3.599346314331342e-07,8e-06,7.003454],[8e-06,-0.0,0.999999,-5.5e-05]],"boundingbox":[[-0.435517,-2.417252,-2.370687],[5.705881,3.124179,2.370713]]},{"name":"xiankuang010","parent":"root","initpos":[2.146535,-0.000224,0.083923],"initquaternion":[-0.500409,0.499581,0.500418,0.49959],"initscale":[0.999999,0.999999,0.999999],"offmtx":[[1.8558456815753743e-07,0.999999,0.0,0.083923],[-1.0,1.8558458236839215e-07,4e-06,2.146536],[4e-06,-0.0,0.999999,-9e-06]],"boundingbox":[[-0.420475,-2.474158,-4.287898],[2.042824,2.617247,2.52071]]},{"name":"xiankuang011","parent":"root","initpos":[2.146536,-0.000187,-1.998636],"initquaternion":[-0.500409,0.499581,0.500418,0.49959],"initscale":[0.999999,0.999999,0.999999],"offmtx":[[1.8558456815753743e-07,0.999999,0.0,-1.998636],[-1.0,1.8558458236839215e-07,4e-06,2.146535],[4e-06,-0.0,0.999999,-9e-06]],"boundingbox":[[-0.069336,-2.403474,-2.8807],[2.072063,2.317246,2.260709]]},{"name":"xiankuang012","parent":"root","initpos":[-7.532438,0.0,-25.133327],"initquaternion":[0.205142,0.676695,0.676695,-0.205141],"initscale":[0.999999,1.0,0.999999],"offmtx":[[-0.831667,-0.555274,0.0,7.691415],[0.555274,-0.831666,2.034788764149198e-07,25.085132],[-1.0848962261889028e-07,1.722292068961906e-07,0.999999,-4e-06]],"boundingbox":[[-1.66723,-1.343211,-2.869149],[4.907072,1.803123,2.849157]]},{"name":"xiankuang013","parent":"root","initpos":[-2.134433,-1.1821532552858116e-07,-1.998639],"initquaternion":[0.500001,-0.499998,-0.500001,-0.499998],"initscale":[1.0,1.0,1.0],"offmtx":[[0.0,0.999999,0.0,-1.998638],[-1.0,0.0,-4e-06,-2.134434],[-4e-06,0.0,0.999999,-9e-06]],"boundingbox":[[-0.069339,-2.305144,-2.8807],[2.072061,2.415576,2.260709]]},{"name":"xiankuang014","parent":"root","initpos":[2.146536,-0.000145,-4.252334],"initquaternion":[-0.500409,0.499581,0.500418,0.49959],"initscale":[0.999999,0.999999,0.999999],"offmtx":[[2.95805563155227e-07,0.999999,0.0,-4.252334],[-1.0,2.958055915769364e-07,4e-06,2.146535],[4e-06,-0.0,0.999999,-9e-06]],"boundingbox":[[-0.623035,-2.474174,-2.570706],[4.678365,2.317247,2.270709]]},{"name":"xiankuang015","parent":"root","initpos":[-6.413779,-1e-06,-22.846796],"initquaternion":[0.239949,0.665149,0.665149,-0.239949],"initscale":[0.999999,1.0,0.999999],"offmtx":[[-0.769696,-0.638409,0.0,9.64895],[0.638409,-0.769696,0.0,21.679721],[-0.0,0.0,0.999999,-8.757999694353202e-07]],"boundingbox":[[-1.874998,-3.040749,-2.569151],[4.644081,1.388433,2.569156]]},{"name":"xiankuang016","parent":"root","initpos":[-7.622817,0.008998,-23.121746],"initquaternion":[-0.69857,-0.113382,-0.115674,0.696967],"initscale":[0.999999,0.999999,0.999999],"offmtx":[[0.947527,-0.319661,-0.002831,14.613992],[0.319654,0.94753,-0.002762,-19.471866],[0.003565,0.001712,0.999992,-0.021414]],"boundingbox":[[-0.199767,-2.287938,-3.471428],[2.627781,2.305289,3.461345]]},{"name":"xiankuang017","parent":"root","initpos":[-2.134433,0.0,0.083921],"initquaternion":[0.500001,-0.499998,-0.500001,-0.499998],"initscale":[1.0,1.0,1.0],"offmtx":[[0.0,0.999999,0.0,0.083922],[-1.0,0.0,-4e-06,-2.134434],[-4e-06,0.0,0.999999,-9e-06]],"boundingbox":[[-0.420477,-2.605145,-4.287898],[2.042822,2.48626,2.52071]]},{"name":"xiankuang018","parent":"root","initpos":[-2.134433,0.0,-4.252335],"initquaternion":[0.500001,-0.499998,-0.500001,-0.499998],"initscale":[1.0,1.0,1.0],"offmtx":[[0.0,0.999999,0.0,-4.252334],[-1.0,0.0,-4e-06,-2.134434],[-4e-06,0.0,0.999999,-9e-06]],"boundingbox":[[-0.623035,-2.305144,-2.570706],[4.678364,2.486276,2.27071]]},{"name":"xiankuang019","parent":"root","initpos":[4e-06,1.558629,-22.267969],"initquaternion":[-0.5,-0.5,0.5,0.499999],"initscale":[1.0,1.0,1.0],"offmtx":[[1.8080561403621687e-07,0.0,0.999999,-1.558631],[0.0,0.999999,-0.0,-22.267969],[-1.0,0.0,1.8080559982536215e-07,-7.625372404618247e-07]],"boundingbox":[[1.445324,-4.08461,-3.651499],[3.69087,5.371028,3.651501]]},{"name":"xiankuang021","parent":"root","initpos":[7.574648,-0.0,-25.133323],"initquaternion":[-0.676695,-0.205141,-0.205142,0.676695],"initscale":[1.0,1.0,1.0],"offmtx":[[0.831667,-0.555274,0.0,7.656317],[0.555274,0.831667,-3.3542221444804454e-07,-25.108566],[1.0336322020521038e-07,3.343011485412717e-07,0.999999,-8e-06]],"boundingbox":[[-1.702325,-1.826555,-2.869149],[4.871974,1.319779,2.849157]]},{"name":"xiankuang022","parent":"root","initpos":[3e-06,-1.547668,-20.312812],"initquaternion":[0.499999,-0.5,-0.5,0.5],"initscale":[1.0,1.0,1.0],"offmtx":[[0.0,0.0,-0.999999,-1.547667],[3.4910988233605167e-07,-0.999999,0.0,20.312812],[-1.0,-3.4910985391434224e-07,-0.0,7e-06]],"boundingbox":[[-0.367669,-3.917287,-6.1181],[3.11303,3.430515,6.118099]]}],"boundingbox":[[-11.888199,-0.5044,-4.6607],[11.888199,34.620395,10.681596]]}