{"skeleton":[{"name":"root","parent":"root","initpos":[0.0,0.0,-0.0],"initquaternion":[0.707106,0.0,0.0,0.707106],"initscale":[1.0,0.999999,0.999999],"offmtx":[[1.0,0.0,0.0,0.0],[0.0,1.0,0.0,0.0],[0.0,0.0,1.0,0.0]],"boundingbox":[[0.0,0.0,0.0],[0.0,0.0,0.0]]},{"name":"bone01","parent":"root","initpos":[9.248429364561161e-07,23.129108,-25.09848],"initquaternion":[-0.485097,0.51447,-0.485097,0.51447],"initscale":[0.999999,0.999999,1.0],"offmtx":[[-1.6635843280710105e-07,0.058721,-0.998274,21.615385],[-2.723443799368397e-07,0.998274,0.058721,-26.413341],[1.0,2.8164311061118497e-07,-1.5007897502528067e-07,-4e-06]],"boundingbox":[[-2.883784,-8.237175,-6.647451],[10.902997,8.1753,6.647465]]},{"name":"bone02","parent":"bone01","initpos":[6.382469,0.0,7.595699571538717e-07],"initquaternion":[0.0,-0.0,0.059124,0.99825],"initscale":[1.0,1.0,1.0],"offmtx":[[-0.0,0.176148,-0.984363,12.008529],[-2.50802941081929e-07,0.984363,0.176148,-28.02679],[1.0,2.5758626520655525e-07,-0.0,-7e-06]],"boundingbox":[[-0.433392,-4.810667,-4.93829],[7.763322,3.909071,4.872465]]},{"name":"bone03","parent":"bone02","initpos":[6.02849,-2.6e-05,-0.0],"initquaternion":[0.0,0.0,-0.120602,0.9927],"initscale":[0.999999,0.999999,1.0],"offmtx":[[0.0,-0.064675,-0.997906,12.516937],[-2.58058662438998e-07,0.997906,-0.064675,-25.779581],[1.0,2.575862367848458e-07,-0.0,-7e-06]],"boundingbox":[[-0.513532,-4.915654,-4.36119],[7.76581,3.363692,4.29536]]},{"name":"bone04","parent":"bone03","initpos":[6.760273,9.7e-05,-2.2788300668707961e-07],"initquaternion":[0.0,0.0,-0.069252,0.997599],"initscale":[0.999999,0.999999,1.0],"offmtx":[[0.0,-0.201938,-0.979398,9.263492],[-2.5543846504660905e-07,0.979398,-0.201938,-24.736995],[1.0,2.575862083631364e-07,-0.0,-6e-06]],"boundingbox":[[-0.13817,-6.314434,-5.515394],[11.748135,10.080002,5.449569]]},{"name":"bone05","parent":"bone04","initpos":[12.087541,-3e-06,-6.290797500696499e-07],"initquaternion":[0.0,0.0,0.0,1.0],"initscale":[1.0,1.0,1.0],"offmtx":[[0.0,-0.201938,-0.979398,-2.824048],[-2.5543846504660905e-07,0.979398,-0.201938,-24.736989],[1.0,2.575862083631364e-07,-0.0,-6e-06]],"boundingbox":[[-2.932104,-5.088849,-4.938291],[5.747758,4.565387,4.872466]]},{"name":"bone06","parent":"bone05","initpos":[4.627228,-3.781341,-1e-06],"initquaternion":[2.0635306441363355e-07,1.194229497514243e-07,0.500896,0.865507],"initscale":[0.999999,0.999999,1.0],"offmtx":[[-2.0319808413660212e-07,0.748588,-0.663034,-21.882049],[3.1775877573636535e-07,0.663034,0.748588,-3.979536],[1.0,-0.0,-3.7259795249156014e-07,-2e-06]],"boundingbox":[[-2.067725,-6.338788,-6.697814],[7.634765,5.647613,6.697835]]},{"name":"bone07","parent":"bone06","initpos":[4.130271,0.0,3.264563019911293e-07],"initquaternion":[-0.0,-0.0,-0.038876,0.999244],"initscale":[1.0,1.0,1.0],"offmtx":[[-1.3567166945449571e-07,0.694811,-0.719191,-25.624504],[1.429132936436872e-07,0.719191,0.694811,-5.988503],[1.0,-0.0,-1.9687176688876207e-07,-1e-06]],"boundingbox":[[0.097175,-4.042293,-4.649737],[7.737684,4.165281,4.583913]]},{"name":"bone08","parent":"bone07","initpos":[7.247045,1e-06,0.0],"initquaternion":[0.0,0.0,-0.042148,0.999111],"initscale":[0.999999,0.999999,1.0],"offmtx":[[-1.4722606067607558e-07,0.631771,-0.775154,-32.2504],[1.3097900364300585e-07,0.775154,0.631771,-8.735728],[1.0,-0.0,-1.9687176688876207e-07,-1e-06]],"boundingbox":[[0.063436,-3.927566,-4.481448],[9.988679,4.291292,4.415631]]},{"name":"bone09","parent":"bone08","initpos":[12.867378,0.965995,0.0],"initquaternion":[0.0,0.0,-0.667024,0.745035],"initscale":[1.0,1.0,1.0],"offmtx":[[-1.4639977052866016e-07,-0.700843,-0.713314,4.672711],[-1.399513678279618e-07,0.713314,-0.700843,-45.911907],[1.0,-0.0,-2.0251316357189353e-07,-1e-06]],"boundingbox":[[-3.384807,-5.700977,-5.682817],[18.374765,5.315425,5.682848]]},{"name":"bone10","parent":"bone09","initpos":[7.19098,1.51715,-3.333272],"initquaternion":[0.0,-0.0,0.728238,0.685323],"initscale":[1.0,1.0,1.0],"offmtx":[[-0.0,0.754516,-0.65628,-47.188938],[0.0,0.65628,0.754516,5.390841],[1.0,-0.0,-0.0,3.333275]],"boundingbox":[[-0.047264,-1.275306,0.029549],[0.966976,1.169799,0.029549]]},{"name":"bone11","parent":"bone09","initpos":[5.646371,-3.427627,1e-06],"initquaternion":[-1.1914456621298086e-07,-0.0,0.02188,0.99976],"initscale":[0.999999,0.999999,1.0],"offmtx":[[-1.523826256288885e-07,-0.668964,-0.743294,-2.831463],[-3.717584888818237e-07,0.743294,-0.668964,-42.401],[1.0,1.743873809800789e-07,-3.619583139879978e-07,-1.3e-05]],"boundingbox":[[-0.70959,-2.497817,-4.245987],[12.603855,2.874206,4.246011]]},{"name":"bone12","parent":"bone09","initpos":[5.30171,4.787506,-2.888618],"initquaternion":[-0.11785,0.004846,0.992195,0.040443],"initscale":[0.999999,1.0,1.0],"offmtx":[[-0.234253,0.735516,0.63572,-4.078241],[8.4e-05,-0.653899,0.756581,50.582603],[0.972175,0.177286,0.153116,1.984192]],"boundingbox":[[0.002849,-0.514751,-1.108462],[7.547647,0.749534,1.393365]]},{"name":"bone13","parent":"bone12","initpos":[7.219566,0.0,-9.5367431640625e-07],"initquaternion":[0.007997,-0.211316,0.02235,0.977129],"initscale":[1.0,1.0,0.999999],"offmtx":[[0.188729,0.716018,0.672084,-7.41901],[0.017118,-0.686678,0.726759,51.069522],[0.981879,-0.125655,-0.141853,5.199988]],"boundingbox":[[-0.196468,-0.86874,-2.147374],[5.851856,0.652698,0.666478]]},{"name":"bone14","parent":"bone13","initpos":[5.646326,0.0,-4.76837158203125e-07],"initquaternion":[-0.009566,0.185094,-0.024109,0.982378],"initscale":[1.0,1.0,0.999999],"offmtx":[[-0.181915,0.746722,0.639774,-16.643526],[-0.001851,-0.650889,0.759169,50.284027],[0.983312,0.13692,0.119789,0.589421]],"boundingbox":[[-0.062768,-0.311685,-0.587618],[5.7233,0.328155,0.617027]]},{"name":"bone15","parent":"bone12","initpos":[1.503097,0.31639,-0.319487],"initquaternion":[-0.024919,0.044637,0.086092,0.994974],"initscale":[0.999999,1.0,0.999999],"offmtx":[[-0.32036,0.594602,0.737439,2.808925],[-2.682207025372918e-07,-0.778468,0.627683,50.330711],[0.947295,0.201084,0.24939,4.698831]],"boundingbox":[[0.183269,-0.7963,-1.439718],[9.447509,0.531227,0.510808]]},{"name":"bone16","parent":"bone15","initpos":[9.336336,-7e-06,-4.76837158203125e-07],"initquaternion":[0.000868,-0.0786,0.011009,0.996845],"initscale":[1.0,1.0,0.999999],"offmtx":[[-0.16786,0.601645,0.780925,-4.610915],[0.007075,-0.79141,0.611243,50.462589],[0.985785,0.108128,0.128589,5.489304]],"boundingbox":[[-0.009048,-0.473266,-0.672951],[5.81104,0.917123,0.514465]]},{"name":"bone17","parent":"bone09","initpos":[6.994119,2.724075,7e-06],"initquaternion":[0.0,-0.0,0.941971,0.335692],"initscale":[0.999999,0.999999,1.0],"offmtx":[[1.1231817609314021e-07,0.994006,0.109316,-28.96046],[1.1357391116462168e-07,-0.109316,0.994006,39.142547],[1.0,-0.0,-1.2517145364654425e-07,-3e-06]],"boundingbox":[[-0.131614,-1.784645,-0.321466],[8.548055,2.350498,0.255638]]},{"name":"bone18","parent":"bone09","initpos":[4.968366,-1.684509,-4.718652],"initquaternion":[-0.170032,-0.010978,0.983329,-0.063493],"initscale":[0.999999,1.0,1.0],"offmtx":[[-0.33579,0.56826,0.751215,4.049221],[0.0,-0.797521,0.603289,43.822105],[0.941936,0.202579,0.2678,6.453027]],"boundingbox":[[-2.604167,-3.958227,-0.611833],[16.813924,4.254972,1.159439]]},{"name":"bone19","parent":"bone18","initpos":[-0.024435,0.672588,-0.774485],"initquaternion":[-0.034635,0.095126,0.0925,0.990552],"initscale":[0.999999,1.0,0.999999],"offmtx":[[-0.507516,0.367883,0.779159,10.144792],[0.015692,-0.900175,0.435243,41.165508],[0.861499,0.23312,0.451081,11.541082]],"boundingbox":[[0.069591,-2.127819,-0.529973],[11.060724,1.206768,0.522045]]},{"name":"bone20","parent":"bone18","initpos":[-0.043666,1.693367,-0.015564],"initquaternion":[-0.162981,0.024878,0.419815,0.892509],"initscale":[0.999999,0.999999,0.999999],"offmtx":[[-0.38774,-0.260645,0.88415,32.7014],[-3.203748804025963e-07,-0.959188,-0.282766,20.193584],[0.921768,-0.10964,0.371916,18.874935]],"boundingbox":[[-0.712162,-3.148339,-1.620319],[9.71548,2.338629,1.051811]]},{"name":"bone21","parent":"bone09","initpos":[5.301712,4.787506,2.889381],"initquaternion":[0.040443,0.992195,0.004846,-0.11785],"initscale":[0.999999,0.999999,0.999999],"offmtx":[[0.234254,0.735516,0.63572,-4.078405],[8.5e-05,0.653899,-0.756581,-50.582614],[-0.972175,0.177286,0.153116,1.98491]],"boundingbox":[[0.002677,-0.749538,-1.107751],[7.547475,0.514743,1.394076]]},{"name":"bone22","parent":"bone21","initpos":[1.503103,-0.31639,-0.319485],"initquaternion":[0.02492,0.044637,-0.086092,0.994974],"initscale":[0.999999,0.999999,1.0],"offmtx":[[0.320359,0.594602,0.73744,2.808709],[-1.3411042232291948e-07,0.778468,-0.627683,-50.33073],[-0.947295,0.201084,0.24939,4.699542]],"boundingbox":[[0.183036,-0.531238,-1.439035],[9.447277,0.796297,0.511497]]},{"name":"bone23","parent":"bone22","initpos":[9.336341,3e-06,-2e-06],"initquaternion":[-0.000868,-0.0786,-0.011008,0.996845],"initscale":[0.999999,1.0,0.999999],"offmtx":[[0.16786,0.601645,0.780926,-4.611055],[0.007075,0.79141,-0.611244,-50.462615],[-0.985785,0.108128,0.128589,5.490041]],"boundingbox":[[-0.009166,-0.917131,-0.672237],[5.810924,0.473257,0.515181]]},{"name":"bone24","parent":"bone21","initpos":[7.219572,0.0,3e-06],"initquaternion":[-0.007997,-0.211316,-0.02235,0.977129],"initscale":[0.999999,0.999999,1.0],"offmtx":[[-0.188728,0.716019,0.672084,-7.418882],[0.017118,0.686678,-0.726759,-51.069541],[-0.981879,-0.125655,-0.141853,5.200726]],"boundingbox":[[-0.196334,-0.652713,-2.146659],[5.851989,0.868721,0.667193]]},{"name":"bone25","parent":"bone24","initpos":[5.64632,0.0,-4.76837158203125e-07],"initquaternion":[0.009566,0.185093,0.024109,0.982378],"initscale":[0.999999,0.999999,0.999999],"offmtx":[[0.181915,0.746722,0.639774,-16.643665],[-0.001851,0.65089,-0.759169,-50.284034],[-0.983312,0.13692,0.119789,0.59018]],"boundingbox":[[-0.062902,-0.328155,-0.5869],[5.723169,0.311689,0.617743]]},{"name":"bone26","parent":"bone09","initpos":[4.968368,-1.684509,4.719345],"initquaternion":[-0.063493,0.983329,-0.010978,-0.170032],"initscale":[1.0,0.999999,0.999999],"offmtx":[[0.33579,0.56826,0.751215,4.049003],[4.619358833224396e-07,0.797521,-0.603289,-43.822113],[-0.941936,0.202579,0.2678,6.45366]],"boundingbox":[[-2.604393,-4.254966,-0.611207],[16.81369,3.958232,1.160062]]},{"name":"bone27","parent":"bone26","initpos":[-0.043659,-1.693363,-0.015567],"initquaternion":[0.162981,0.024878,-0.419815,0.892509],"initscale":[1.0,0.999999,0.999999],"offmtx":[[0.38774,-0.260644,0.88415,32.701133],[-3.129243850708008e-07,0.959188,0.282766,-20.193603],[-0.921768,-0.10964,0.371916,18.87557]],"boundingbox":[[-0.712413,-2.338631,-1.619705],[9.715225,3.148337,1.052425]]},{"name":"bone28","parent":"bone26","initpos":[-0.024429,-0.672588,-0.774486],"initquaternion":[0.034635,0.095126,-0.0925,0.990552],"initscale":[0.999999,0.999999,0.999999],"offmtx":[[0.507516,0.367883,0.779159,10.144435],[0.015692,0.900175,-0.435243,-41.165546],[-0.861499,0.23312,0.451081,11.541666]],"boundingbox":[[0.069259,-1.206792,-0.529403],[11.060375,2.127799,0.522613]]},{"name":"bone29","parent":"bone09","initpos":[7.19098,1.51715,3.332729],"initquaternion":[0.685323,0.728238,-1.98649786398164e-07,-2.4696663558643195e-07],"initscale":[0.999999,0.999999,0.999999],"offmtx":[[-0.0,0.754516,-0.65628,-47.188934],[-6.314572260635032e-07,-0.65628,-0.754516,-5.390863],[-1.0,3.8167499383234826e-07,5.049208198215638e-07,3.332729]],"boundingbox":[[-0.047256,-1.169803,0.125405],[0.966979,1.275299,0.125406]]},{"name":"bone30","parent":"bone05","initpos":[2.939013,-3.930389,-9.722176],"initquaternion":[-3.8935604607104324e-07,3.3728838388924487e-07,-0.65476,0.755836],"initscale":[0.999999,0.999999,1.0],"offmtx":[[2.580607940672053e-07,-0.998184,0.060235,19.77235],[-1e-06,-0.060235,-0.998184,-8.670757],[1.0,1.9552797425603785e-07,-1e-06,9.722161]],"boundingbox":[[-7.817517,-7.120294,-3.205714],[5.809083,7.774732,3.596466]]},{"name":"bone31","parent":"bone30","initpos":[5.132881,-1.1e-05,-9.5367431640625e-07],"initquaternion":[5.017898843107105e-07,1.8006683433213766e-07,-0.118829,0.992914],"initscale":[1.0,1.0,1.0],"offmtx":[[0.0,-0.95578,0.294081,16.272111],[0.0,-0.294081,-0.95578,-4.971302],[1.0,0.0,0.0,9.722174]],"boundingbox":[[-0.05765,-1.581607,-1.756282],[5.524555,2.496641,1.706337]]},{"name":"bone32","parent":"bone31","initpos":[6.007379,1.6e-05,1e-06],"initquaternion":[-0.0,-1.0089664215229277e-07,0.632375,0.774662],"initscale":[0.999999,0.999999,1.0],"offmtx":[[1.0496304270191104e-07,-0.479478,-0.877553,-2.815637],[-2.2474759475699102e-07,0.877553,-0.479478,-11.0522],[1.0,2.475555049841205e-07,-0.0,9.722171]],"boundingbox":[[-2.019165,-1.78016,-2.430808],[9.601202,2.441775,2.250294]]},{"name":"bone33","parent":"bone32","initpos":[9.408388,1.577813,-0.012591],"initquaternion":[-0.0,2.7469005203784036e-07,-0.464982,0.885319],"initscale":[1.0,1.0,1.0],"offmtx":[[-2.3222378331411164e-07,-0.994647,-0.103321,3.460352],[-3.147635538880422e-07,0.103321,-0.994647,-17.232812],[1.0,-1.9845893461933883e-07,-3.3707271995808696e-07,9.734758]],"boundingbox":[[-0.071354,-1.107826,-0.874015],[2.977597,0.912357,0.857296]]},{"name":"bone34","parent":"bone33","initpos":[2.593126,0.0,-0.0],"initquaternion":[2.2920374931345577e-07,-0.0,-0.275328,0.96135],"initscale":[1.0,1.0,1.0],"offmtx":[[-0.0,-0.898543,0.438883,9.85835],[0.0,-0.438883,-0.898543,-14.161032],[1.0,0.0,0.0,9.734765]],"boundingbox":[[0.008396,-0.547748,-0.584825],[1.760228,0.63747,0.569382]]},{"name":"bone35","parent":"bone33","initpos":[1.230306,-0.794351,-1.757822],"initquaternion":[1.681789001395373e-07,-1.2380095881781017e-07,-0.261581,0.965181],"initscale":[1.0,1.0,1.0],"offmtx":[[1.0948939177524153e-07,-0.910702,0.413061,10.225414],[0.0,-0.413061,-0.910702,-13.062804],[1.0,0.0,-0.0,11.492585]],"boundingbox":[[0.002066,-0.61098,-0.601778],[2.322489,0.567436,0.55243]]},{"name":"bone36","parent":"bone33","initpos":[1.230304,-0.794357,1.663535],"initquaternion":[1.681789001395373e-07,-1.2380095881781017e-07,-0.261581,0.965181],"initscale":[1.0,1.0,1.0],"offmtx":[[1.0948939177524153e-07,-0.910702,0.413061,10.225414],[0.0,-0.413061,-0.910702,-13.0628],[1.0,0.0,-0.0,8.071227]],"boundingbox":[[0.002066,-0.610979,-0.554857],[2.322491,0.567441,0.599349]]},{"name":"bone37","parent":"bone05","initpos":[2.939014,-3.930393,9.721822],"initquaternion":[0.755836,-0.65476,-1.5176186707321904e-07,-0.0],"initscale":[0.999999,0.999999,0.999999],"offmtx":[[-0.0,-0.998184,0.060235,19.77235],[0.0,0.060235,0.998184,8.670747],[-1.0,0.0,-0.0,9.721822]],"boundingbox":[[-7.817519,-7.774726,-3.206077],[5.809082,7.120294,3.596097]]},{"name":"bone38","parent":"bone37","initpos":[5.132881,1.5e-05,9.5367431640625e-07],"initquaternion":[0.0,0.0,0.118829,0.992914],"initscale":[1.0,1.0,1.0],"offmtx":[[-0.0,-0.95578,0.294081,16.272111],[0.0,0.294081,0.95578,4.971301],[-1.0,0.0,-0.0,9.721821]],"boundingbox":[[-0.057651,-2.496644,-1.756654],[5.524557,1.581604,1.705966]]},{"name":"bone39","parent":"bone38","initpos":[6.007377,-1.8e-05,1e-06],"initquaternion":[-0.0,-0.0,-0.632375,0.774662],"initscale":[0.999999,0.999999,1.0],"offmtx":[[-1.4297168604571198e-07,-0.479478,-0.877553,-2.815633],[-0.0,-0.877553,0.479478,11.052194],[-1.0,1.2233574864239927e-07,0.0,9.72182]],"boundingbox":[[-2.019163,-2.441773,-2.431179],[9.6012,1.780164,2.249921]]},{"name":"bone40","parent":"bone39","initpos":[9.408386,-1.577812,-0.012592],"initquaternion":[1.7401998775312677e-07,2.7542245106815244e-07,0.464982,0.885319],"initscale":[1.0,1.0,1.0],"offmtx":[[1.9423319486122637e-07,-0.994647,-0.103321,3.460353],[-4.813360874322825e-07,-0.103321,0.994647,17.23281],[-1.0,-1.4346123577979597e-07,-4.98828512718319e-07,9.734404]],"boundingbox":[[-0.071357,-0.912349,-0.87438],[2.977595,1.107833,0.856929]]},{"name":"bone41","parent":"bone40","initpos":[1.230304,0.794351,-1.757824],"initquaternion":[-2.497144464541634e-07,-0.0,0.261581,0.965181],"initscale":[0.999999,0.999999,1.0],"offmtx":[[-0.0,-0.910702,0.413061,10.225412],[0.0,0.413061,0.910702,13.06281],[-1.0,0.0,-0.0,11.492235]],"boundingbox":[[0.002062,-0.567434,-0.602149],[2.322489,0.610986,0.552061]]},{"name":"bone42","parent":"bone40","initpos":[1.230301,0.794355,1.663533],"initquaternion":[-2.497144464541634e-07,-0.0,0.261581,0.965181],"initscale":[0.999999,0.999999,1.0],"offmtx":[[-0.0,-0.910702,0.413061,10.225412],[0.0,0.413061,0.910702,13.062807],[-1.0,0.0,-0.0,8.070877]],"boundingbox":[[0.002068,-0.567438,-0.555225],[2.322493,0.610982,0.598979]]},{"name":"bone43","parent":"bone40","initpos":[2.593124,0.0,1e-06],"initquaternion":[-2.4784384322629194e-07,-0.0,0.275328,0.96135],"initscale":[0.999999,0.999999,1.0],"offmtx":[[-0.0,-0.898543,0.438883,9.858352],[0.0,0.438883,0.898543,14.161025],[-1.0,0.0,-0.0,9.73441]],"boundingbox":[[0.008399,-0.637474,-0.585194],[1.760227,0.547746,0.569012]]},{"name":"bind","parent":"bone04","initpos":[10.557495,6.519706,-3.77060587197775e-07],"initquaternion":[0.444092,0.550256,-0.550255,-0.444092],"initscale":[0.999999,1.0,0.999999],"offmtx":[[0.0,0.999956,0.00939,-30.278942],[-1.0,0.0,-2.951963438135863e-07,-5e-06],[-2.958518621198891e-07,-0.00939,0.999956,7.863956]],"boundingbox":[[-0.556534,5.515386,-0.740804],[-0.556534,5.515386,-0.740804]]},{"name":"bone44","parent":"bone04","initpos":[9.706613,-0.039791,-7.898656],"initquaternion":[-0.117629,0.031806,0.958139,0.259076],"initscale":[0.999999,1.0,0.999999],"offmtx":[[-0.241891,0.648147,0.722075,-13.615671],[-1.0430814256778831e-07,-0.744175,0.667984,21.555168],[0.970303,0.161579,0.180009,4.746092]],"boundingbox":[[-0.645192,-7.22569,-3.710042],[35.821655,7.921234,7.311361]]},{"name":"bone45","parent":"bone04","initpos":[9.706614,-0.039796,7.899341],"initquaternion":[0.259076,0.958139,0.031806,-0.117629],"initscale":[1.0,1.0,1.0],"offmtx":[[0.241891,0.648147,0.722075,-13.615826],[2.9802308176840597e-07,0.744175,-0.667984,-21.555164],[-0.970303,0.161579,0.180009,4.746747]],"boundingbox":[[-0.645353,-7.921224,-3.70938],[35.821495,7.225696,7.312006]]},{"name":"bone46","parent":"bone01","initpos":[2.378999,-3.781829,-9.069558],"initquaternion":[4.816465661861002e-07,-5.287789122121467e-07,-0.739286,0.67339],"initscale":[0.999999,0.999999,1.0],"offmtx":[[2.8664791784649424e-07,-0.999405,0.034462,20.742536],[1e-06,-0.034462,-0.999405,21.259622],[1.0,3.309420435471111e-07,1e-06,9.069522]],"boundingbox":[[-4.933327,-3.223974,-2.814142],[6.126351,7.052841,2.959606]]},{"name":"bone47","parent":"bone46","initpos":[5.437706,1e-06,-0.0],"initquaternion":[-6.730388690812106e-07,-0.0,-0.067013,0.997752],"initscale":[0.999999,0.999999,1.0],"offmtx":[[2.206004126037442e-07,-0.985821,0.167799,12.324399],[-0.0,-0.167799,-0.985821,23.11532],[1.0,2.133088798927929e-07,-0.0,9.069553]],"boundingbox":[[-0.155428,-1.329987,-1.187272],[4.227312,1.967904,1.284939]]},{"name":"bone48","parent":"bone47","initpos":[4.467136,0.0,-0.0],"initquaternion":[0.0,0.0,0.602969,0.797764],"initscale":[1.0,1.0,1.0],"offmtx":[[0.0,-0.43042,-0.902628,24.382102],[-2.190009809055482e-07,0.902628,-0.43042,-1.251951],[1.0,2.1330978938749467e-07,-0.0,9.069553]],"boundingbox":[[-1.627603,-1.731163,-1.903668],[7.529989,2.053261,2.061155]]},{"name":"bone49","parent":"bone48","initpos":[7.36481,1.03656,0.039446],"initquaternion":[-1e-06,8.683375654072734e-07,-0.505293,0.862947],"initscale":[0.999999,0.999999,1.0],"offmtx":[[-2.680762634099665e-07,-0.997796,-0.066346,10.323313],[-2e-06,0.066346,-0.997796,13.720569],[1.0,-0.0,-2e-06,9.030146]],"boundingbox":[[-0.003236,-0.873857,-0.752605],[2.382899,0.703662,0.713791]]},{"name":"bone50","parent":"bone49","initpos":[2.131039,0.0,9.5367431640625e-07],"initquaternion":[2.3102865043256315e-07,-0.0,-0.247042,0.969004],"initscale":[0.999999,0.999999,1.0],"offmtx":[[1e-06,-0.907769,0.419467,0.623312],[-2e-06,-0.419467,-0.907769,15.96806],[1.0,1.1154182999462137e-07,-2e-06,9.030138]],"boundingbox":[[-0.011328,-0.459599,-0.508746],[1.4082,0.452857,0.468852]]},{"name":"bone51","parent":"bone49","initpos":[1.029966,-0.631352,1.463329],"initquaternion":[1e-06,0.0,-0.259705,0.965687],"initscale":[1.0,1.0,1.0],"offmtx":[[3.187509491908713e-07,-0.896478,0.443087,0.840947],[3.049850647585117e-07,-0.443087,-0.896478,17.077396],[1.0,4.2088842633347667e-07,1.3217776029250672e-07,7.56677]],"boundingbox":[[0.009742,-0.451165,-0.468865],[1.914321,0.467561,0.50873]]},{"name":"bone52","parent":"bone49","initpos":[1.029966,-0.631343,-1.455297],"initquaternion":[1e-06,0.0,-0.259705,0.965687],"initscale":[1.0,1.0,1.0],"offmtx":[[3.187509491908713e-07,-0.896478,0.443087,0.840949],[3.049850647585117e-07,-0.443087,-0.896478,17.077398],[1.0,4.2088842633347667e-07,1.3217776029250672e-07,10.485397]],"boundingbox":[[0.009743,-0.451164,-0.48782],[1.914321,0.467564,0.489775]]},{"name":"bone53","parent":"bone01","initpos":[2.461376,-1.834381,-6.688243],"initquaternion":[-0.097622,0.035674,0.934162,0.341377],"initscale":[0.999999,0.999999,1.0],"offmtx":[[-0.206747,0.585833,0.783616,-31.212692],[-0.0,-0.80092,0.59877,6.437713],[0.978394,0.123794,0.165588,0.240279]],"boundingbox":[[-0.883925,-4.355669,-2.207062],[25.339412,6.56665,5.695813]]},{"name":"bone54","parent":"bone01","initpos":[-1.33521,1.020072,-0.0],"initquaternion":[-0.0,-0.0,0.994296,-0.10665],"initscale":[1.0,1.0,1.0],"offmtx":[[1.32911196715213e-07,-0.269103,0.963111,-16.610298],[1.434440548564453e-07,-0.963111,-0.269103,31.676799],[1.0,1.7391947437772615e-07,-0.0,-3e-06]],"boundingbox":[[-0.345843,-3.518956,-4.938291],[7.242219,4.640025,4.872464]]},{"name":"bone55","parent":"bone54","initpos":[6.23715,5e-06,-7.160992936405819e-07],"initquaternion":[-0.0,-0.0,0.055382,0.998465],"initscale":[1.0,1.0,1.0],"offmtx":[[1.4796000868955161e-07,-0.373968,0.927441,-19.203998],[0.0,-0.927441,-0.373968,34.009284],[1.0,1.4567494588391128e-07,-1.0079583745437048e-07,-1e-06]],"boundingbox":[[0.117438,-3.735482,-4.36119],[6.122012,3.383136,4.295361]]},{"name":"bone56","parent":"bone55","initpos":[5.905527,0.0,-7.02384568285197e-07],"initquaternion":[0.0,0.0,0.065536,0.99785],"initscale":[0.999999,0.999999,1.0],"offmtx":[[1.5942951847591758e-07,-0.492056,0.870562,-20.445714],[0.0,-0.870562,-0.492056,37.001258],[1.0,1.45674960094766e-07,-1.0079585877065256e-07,-8.372605861950433e-07]],"boundingbox":[[-0.528928,-4.112277,-3.784087],[8.390365,2.910147,3.718256]]},{"name":"bone57","parent":"bone56","initpos":[7.001684,0.0,-8.252520729001844e-07],"initquaternion":[0.0,0.0,-0.025399,0.999677],"initscale":[0.999999,0.999999,1.0],"offmtx":[[1.5530231678440032e-07,-0.447212,0.894427,-29.290996],[0.0,-0.894427,-0.447212,35.559673],[1.0,1.4567494588391128e-07,-1.0079587298150727e-07,-0.0]],"boundingbox":[[-6.529422,-1.173029,-0.822047],[13.511213,3.546132,0.756216]]},{"name":"bone58","parent":"bone57","initpos":[4.978315,-0.353862,-1e-06],"initquaternion":[-0.0,-0.0,-0.454027,0.890987],"initscale":[0.999999,0.999999,1.0],"offmtx":[[1.0974950015452123e-07,0.460815,0.887496,-49.197113],[0.0,-0.887496,0.460815,-6.619076],[1.0,0.0,-1.3809749077609013e-07,5e-06]],"boundingbox":[[-3.522705,-5.944598,-2.052775],[32.254314,8.154563,1.986947]]},{"name":"bone59","parent":"bone01","initpos":[2.378995,-3.781835,9.07044],"initquaternion":[-0.673391,0.739286,0.0,5.080932510281855e-07],"initscale":[1.0,0.999999,0.999999],"offmtx":[[-5.160305249773955e-07,-0.999405,0.034462,20.742538],[-3.36552432145254e-07,0.034462,0.999405,-21.259603],[-1.0,5.041255803917011e-07,-3.5413617638369033e-07,9.070438]],"boundingbox":[[-4.933327,-7.052839,-2.813253],[6.126349,3.223972,2.960489]]},{"name":"bone60","parent":"bone59","initpos":[5.437706,-7e-06,-1e-06],"initquaternion":[-1.5836987188322382e-07,2.2831885360119486e-07,0.067013,0.997752],"initscale":[0.999999,0.999999,1.0],"offmtx":[[-0.0,-0.985821,0.167799,12.324398],[0.0,0.167799,0.985821,-23.115312],[-1.0,0.0,0.0,9.070439]],"boundingbox":[[-0.155426,-1.967898,-1.207942],[4.227314,1.329991,1.26427]]},{"name":"bone61","parent":"bone60","initpos":[4.467136,-3e-06,1e-06],"initquaternion":[-0.0,-0.0,-0.602969,0.797764],"initscale":[1.0,1.0,1.0],"offmtx":[[-1.4705682360727224e-07,-0.430419,-0.902628,24.382091],[-0.0,-0.902628,0.430419,1.251956],[-1.0,1.2724028408683807e-07,1.0224589175322762e-07,9.070435]],"boundingbox":[[-1.627609,-2.053256,-1.924339],[7.52998,1.731168,2.040485]]},{"name":"bone62","parent":"bone61","initpos":[7.364803,-1.036554,0.039443],"initquaternion":[1e-06,8.855065516399918e-07,0.505293,0.862947],"initscale":[0.999999,0.999999,1.0],"offmtx":[[1.9209774393402768e-07,-0.997796,-0.066346,10.323317],[-2e-06,-0.066346,0.997796,-13.72057],[-1.0,-0.0,-2e-06,9.031035]],"boundingbox":[[-0.003235,-0.703662,-0.773273],[2.3829,0.873857,0.693124]]},{"name":"bone63","parent":"bone62","initpos":[1.029967,0.631352,1.463327],"initquaternion":[-1e-06,0.0,0.259705,0.965687],"initscale":[1.0,0.999999,1.0],"offmtx":[[-3.121121778804081e-07,-0.896477,0.443087,0.840945],[3.5401083664510224e-07,0.443087,0.896478,-17.077396],[-1.0,4.366597465832456e-07,1.7906978655446437e-07,7.567658]],"boundingbox":[[0.009746,-0.467562,-0.489531],[1.914324,0.451166,0.488064]]},{"name":"bone64","parent":"bone62","initpos":[1.029968,0.631345,-1.455298],"initquaternion":[-1e-06,0.0,0.259705,0.965687],"initscale":[1.0,0.999999,1.0],"offmtx":[[-3.121121778804081e-07,-0.896477,0.443087,0.840945],[3.5401083664510224e-07,0.443087,0.896478,-17.0774],[-1.0,4.366597465832456e-07,1.7906978655446437e-07,10.486284]],"boundingbox":[[0.009744,-0.467565,-0.508487],[1.914322,0.451164,0.469108]]},{"name":"bone65","parent":"bone62","initpos":[2.131041,0.0,-0.0],"initquaternion":[-2.854287970421865e-07,-1.8643365251591604e-07,0.247042,0.969004],"initscale":[1.0,0.999999,1.0],"offmtx":[[-1e-06,-0.907769,0.419467,0.623318],[-1e-06,0.419467,0.90777,-15.968061],[-1.0,4.6837558898005227e-07,-2e-06,9.031024]],"boundingbox":[[-0.011326,-0.452857,-0.529414],[1.408203,0.459599,0.448185]]},{"name":"bone66","parent":"bone01","initpos":[2.46137,-1.834383,6.687755],"initquaternion":[0.341376,0.934162,0.035675,-0.097622],"initscale":[1.0,1.0,0.999999],"offmtx":[[0.206748,0.585833,0.783616,-31.212585],[2.4586910285506747e-07,0.80092,-0.59877,-6.437716],[-0.978394,0.123794,0.165588,0.239794]],"boundingbox":[[-0.883826,-6.566645,-2.207551],[25.339511,4.35567,5.695339]]}],"boundingbox":[[-17.147289,0.80038,-45.496952],[17.147308,49.625961,77.793014]]}