{
  "skeleton": [
    {
      "name": "root",
      "parent": "root",
      "initpos": [
        0,
        0,
        0
      ],
      "initquaternion": [
        -1.1920928955078125e-7,
        0,
        0,
        1
      ],
      "initscale": [
        1,
        0.999999,
        0.999999
      ],
      "offmtx": [
        [
          1,
          0,
          0,
          0
        ],
        [
          0,
          1,
          0,
          0
        ],
        [
          0,
          0,
          1,
          0
        ]
      ],
      "boundingbox": [
        [
          0,
          0,
          0
        ],
        [
          0,
          0,
          0
        ]
      ]
    },
    {
      "name": "leftarm",
      "parent": "root",
      "initpos": [
        6.256961,
        24.063753,
        0.274486
      ],
      "initquaternion": [
        -2.3040455232603563e-7,
        2.3040473706714693e-7,
        -0.707107,
        0.707106
      ],
      "initscale": [
        1,
        1,
        1
      ],
      "offmtx": [
        [
          1,
          0,
          0,
          0
        ],
        [
          0,
          1,
          0,
          0
        ],
        [
          0,
          0,
          1,
          0
        ]
      ],
      "boundingbox": [
        [
          0,
          0,
          0
        ],
        [
          0,
          0,
          0
        ]
      ]
    },
    {
      "name": "leftarm001",
      "parent": "leftarm",
      "initpos": [
        7.333242,
        -0.155362,
        -0.27448
      ],
      "initquaternion": [
        0,
        0,
        0,
        1
      ],
      "initscale": [
        1,
        1,
        1
      ],
      "offmtx": [
        [
          3.4225806189169816e-7,
          -0.999999,
          0,
          16.730512
        ],
        [
          0.999999,
          3.4225797662656987e-7,
          0,
          -6.101595
        ],
        [
          0,
          0,
          0.999999,
          0
        ]
      ],
      "boundingbox": [
        [
          -1.269482,
          -2.151592,
          -2.299997
        ],
        [
          4.730516,
          3.258408,
          2.250001
        ]
      ]
    },
    {
      "name": "leftarm003",
      "parent": "leftarm001",
      "initpos": [
        3.189744,
        2.175246,
        1.481319
      ],
      "initquaternion": [
        0.283839,
        -0.000369,
        0.958869,
        -0.002231
      ],
      "initscale": [
        1,
        1,
        1
      ],
      "offmtx": [
        [
          -0.004488,
          0.83886,
          0.544327,
          -12.127992
        ],
        [
          -0.999989,
          -0.004069,
          -0.001974,
          8.334776
        ],
        [
          0.000558,
          -0.544331,
          0.83887,
          6.123403
        ]
      ],
      "boundingbox": [
        [
          -0.299147,
          -0.192763,
          -0.849831
        ],
        [
          4.410308,
          0.178037,
          1.649009
        ]
      ]
    },
    {
      "name": "leftarm002",
      "parent": "leftarm001",
      "initpos": [
        3.189746,
        2.175245,
        -1.513574
      ],
      "initquaternion": [
        -0.288342,
        -0.000368,
        0.957524,
        0.002266
      ],
      "initscale": [
        1,
        1,
        0.999999
      ],
      "offmtx": [
        [
          0.004553,
          0.833707,
          -0.552187,
          -12.162503
        ],
        [
          -0.999989,
          0.004128,
          -0.002012,
          8.217795
        ],
        [
          0.000601,
          0.552191,
          0.833717,
          -6.22018
        ]
      ],
      "boundingbox": [
        [
          -0.31929,
          -0.174447,
          -1.616364
        ],
        [
          4.395442,
          0.196686,
          0.90763
        ]
      ]
    },
    {
      "name": "leftarm004",
      "parent": "leftarm",
      "initpos": [
        -0.580699,
        -0.987879,
        -0.274482
      ],
      "initquaternion": [
        -1.4535746117871895e-7,
        -1.6334460894995573e-7,
        0.482452,
        0.875922
      ],
      "initscale": [
        0.999999,
        0.999999,
        1
      ],
      "offmtx": [
        [
          0.84518,
          -0.53448,
          1.4988881957833655e-7,
          8.718651
        ],
        [
          0.53448,
          0.84518,
          -2.1696773444546125e-7,
          -23.645248
        ],
        [
          0,
          2.634895679420879e-7,
          0.999999,
          -0.000006
        ]
      ],
      "boundingbox": [
        [
          0.075732,
          -2.226266,
          -2.809996
        ],
        [
          6.492687,
          2.883211,
          2.790003
        ]
      ]
    },
    {
      "name": "leftarm006",
      "parent": "leftarm004",
      "initpos": [
        2.406785,
        -0.556413,
        -2.089128
      ],
      "initquaternion": [
        -0.188151,
        -0.094261,
        0.888725,
        -0.407284
      ],
      "initscale": [
        0.999999,
        0.999999,
        0.999999
      ],
      "offmtx": [
        [
          -0.872909,
          -0.262552,
          -0.411211,
          11.265647
        ],
        [
          0.294166,
          -0.955647,
          -0.014282,
          19.781949
        ],
        [
          -0.389223,
          -0.133432,
          0.911427,
          7.684911
        ]
      ],
      "boundingbox": [
        [
          0.022794,
          -0.61462,
          -0.511265
        ],
        [
          1.740151,
          0.606326,
          0.526353
        ]
      ]
    },
    {
      "name": "leftarm005",
      "parent": "leftarm004",
      "initpos": [
        1.844851,
        0.040349,
        -2.061544
      ],
      "initquaternion": [
        -0.209686,
        -0.043528,
        0.959224,
        -0.18446
      ],
      "initscale": [
        1,
        0.999999,
        0.999999
      ],
      "offmtx": [
        [
          -0.892727,
          0.167444,
          -0.41833,
          1.285477
        ],
        [
          -0.181562,
          -0.98336,
          -0.006148,
          24.529289
        ],
        [
          -0.412399,
          0.070464,
          0.908273,
          3.027855
        ]
      ],
      "boundingbox": [
        [
          0.064595,
          -0.617829,
          -0.506551
        ],
        [
          1.771642,
          0.591377,
          0.508475
        ]
      ]
    },
    {
      "name": "leftarm007",
      "parent": "leftarm004",
      "initpos": [
        3.32161,
        -0.794427,
        -2.069694
      ],
      "initquaternion": [
        0.167948,
        0.11617,
        -0.803621,
        0.559007
      ],
      "initscale": [
        0.999999,
        0.999999,
        0.999999
      ],
      "offmtx": [
        [
          -0.728634,
          -0.556093,
          -0.399813,
          17.091899
        ],
        [
          0.606328,
          -0.795213,
          0.001055,
          13.014572
        ],
        [
          -0.318524,
          -0.241649,
          0.916595,
          9.698426
        ]
      ],
      "boundingbox": [
        [
          0.020607,
          -0.646797,
          -0.509763
        ],
        [
          2.14806,
          0.66034,
          0.545312
        ]
      ]
    },
    {
      "name": "leftarm008",
      "parent": "leftarm004",
      "initpos": [
        1.844851,
        0.040348,
        2.062001
      ],
      "initquaternion": [
        -0.18446,
        0.959224,
        -0.043527,
        -0.209686
      ],
      "initscale": [
        0.999999,
        1,
        0.999999
      ],
      "offmtx": [
        [
          -0.892727,
          0.167444,
          0.41833,
          1.285289
        ],
        [
          0.181562,
          0.98336,
          -0.006148,
          -24.529291
        ],
        [
          -0.412399,
          0.070464,
          -0.908273,
          3.028261
        ]
      ],
      "boundingbox": [
        [
          0.064406,
          -0.591377,
          -0.506142
        ],
        [
          1.771453,
          0.617829,
          0.508884
        ]
      ]
    },
    {
      "name": "leftarm010",
      "parent": "leftarm004",
      "initpos": [
        3.321612,
        -0.794427,
        2.053
      ],
      "initquaternion": [
        -0.559007,
        0.803621,
        -0.116169,
        -0.167948
      ],
      "initscale": [
        0.999999,
        0.999999,
        0.999999
      ],
      "offmtx": [
        [
          -0.728634,
          -0.556093,
          0.399813,
          17.098571
        ],
        [
          -0.606327,
          0.795214,
          0.001055,
          -13.014565
        ],
        [
          -0.318524,
          -0.241648,
          -0.916595,
          9.683119
        ]
      ],
      "boundingbox": [
        [
          0.027288,
          -0.660323,
          -0.525067
        ],
        [
          2.154741,
          0.646815,
          0.530007
        ]
      ]
    },
    {
      "name": "leftarm009",
      "parent": "leftarm004",
      "initpos": [
        2.406786,
        -0.556415,
        2.034
      ],
      "initquaternion": [
        -0.407284,
        0.888725,
        -0.094261,
        -0.188151
      ],
      "initscale": [
        1,
        1,
        0.999999
      ],
      "offmtx": [
        [
          -0.872909,
          -0.262552,
          0.411211,
          11.288328
        ],
        [
          -0.294167,
          0.955647,
          -0.014282,
          -19.782735
        ],
        [
          -0.389223,
          -0.133432,
          -0.911427,
          7.634664
        ]
      ],
      "boundingbox": [
        [
          0.045466,
          -0.607115,
          -0.561514
        ],
        [
          1.762822,
          0.613829,
          0.476103
        ]
      ]
    }
  ],
  "boundingbox": [
    [
      3.949999,
      11.999998,
      -4.162122
    ],
    [
      11.789048,
      26.959104,
      4.16212
    ]
  ]
}
