{
  "skeleton": [
    {
      "name": "root",
      "parent": "root",
      "initpos": [
        0,
        0,
        0
      ],
      "initquaternion": [
        0.707106,
        0,
        0,
        0.707106
      ],
      "initscale": [
        1,
        0.999999,
        0.999999
      ],
      "offmtx": [
        [
          1,
          0,
          0,
          0
        ],
        [
          0,
          1,
          0,
          0
        ],
        [
          0,
          0,
          1,
          0
        ]
      ],
      "boundingbox": [
        [
          0,
          0,
          0
        ],
        [
          0,
          0,
          0
        ]
      ]
    },
    {
      "name": "Bone001",
      "parent": "root",
      "initpos": [
        -0.018343,
        0,
        -12.003649
      ],
      "initquaternion": [
        0.5,
        -0.499999,
        -0.5,
        -0.499999
      ],
      "initscale": [
        0.999999,
        0.999999,
        1
      ],
      "offmtx": [
        [
          1,
          0,
          0,
          0
        ],
        [
          0,
          1,
          0,
          0
        ],
        [
          0,
          0,
          1,
          0
        ]
      ],
      "boundingbox": [
        [
          0,
          0,
          0
        ],
        [
          0,
          0,
          0
        ]
      ]
    },
    {
      "name": "Bone062",
      "parent": "Bone001",
      "initpos": [
        -1.975494,
        0.020454,
        1.988494
      ],
      "initquaternion": [
        0.068396,
        -0.000531,
        0.997628,
        0.007733
      ],
      "initscale": [
        0.999999,
        0.999999,
        0.999999
      ],
      "offmtx": [
        [
          -0.015357,
          -0.990524,
          0.136477,
          9.661152
        ],
        [
          0.999879,
          -0.015502,
          -0.000001,
          0.194262
        ],
        [
          0.002116,
          0.13646,
          0.990643,
          -3.338254
        ]
      ],
      "boundingbox": [
        [
          -0.258839,
          -7.014749,
          -2.804003
        ],
        [
          6.11988,
          7.235665,
          0.660802
        ]
      ]
    },
    {
      "name": "Bone063",
      "parent": "Bone062",
      "initpos": [
        5.848786,
        -0.000005,
        2.384185791015625e-7
      ],
      "initquaternion": [
        0.000519,
        -0.066844,
        0.007735,
        0.997733
      ],
      "initscale": [
        1,
        1,
        0.999999
      ],
      "offmtx": [
        [
          0.000427,
          -0.963589,
          0.267387,
          3.335521
        ],
        [
          0.999997,
          -0.000143,
          -0.002115,
          0.13513
        ],
        [
          0.002076,
          0.267387,
          0.963586,
          -3.817309
        ]
      ],
      "boundingbox": [
        [
          -0.997275,
          -7.221141,
          -2.717293
        ],
        [
          2.967733,
          7.483973,
          0.935205
        ]
      ]
    },
    {
      "name": "Bone066",
      "parent": "Bone001",
      "initpos": [
        -0.507637,
        -2.835342,
        -0.000004
      ],
      "initquaternion": [
        -1.4487508792626613e-7,
        -3.530899164161383e-7,
        0.959554,
        -0.281523
      ],
      "initscale": [
        1,
        1,
        1
      ],
      "offmtx": [
        [
          0.540273,
          -0.841489,
          0,
          8.151823
        ],
        [
          0.841489,
          0.540273,
          9.158870284409204e-7,
          -8.581466
        ],
        [
          -8.109627174235357e-7,
          -4.3213361777816317e-7,
          0.999999,
          0.000008
        ]
      ],
      "boundingbox": [
        [
          -0.211222,
          -1.717331,
          -2.250001
        ],
        [
          6.859421,
          2.173755,
          2.250001
        ]
      ]
    },
    {
      "name": "Bone067",
      "parent": "Bone066",
      "initpos": [
        6.704599,
        0.000005,
        -0.000001
      ],
      "initquaternion": [
        -2.8738176638398727e-7,
        2.1889830748023087e-7,
        0.069781,
        0.997562
      ],
      "initscale": [
        1,
        1,
        1
      ],
      "offmtx": [
        [
          0.652166,
          -0.758075,
          -2.8791765771529754e-7,
          0.238391
        ],
        [
          0.758076,
          0.652166,
          3.393995768874447e-7,
          -8.699386
        ],
        [
          0,
          -4.396084136715217e-7,
          0.999999,
          0.000005
        ]
      ],
      "boundingbox": [
        [
          -0.580165,
          -2.608805,
          -2.149998
        ],
        [
          7.729102,
          3.250279,
          4.201961
        ]
      ]
    },
    {
      "name": "Bone064",
      "parent": "Bone001",
      "initpos": [
        -0.507635,
        2.798294,
        9.5367431640625e-7
      ],
      "initquaternion": [
        6.259315341594629e-7,
        -0.000001,
        0.959554,
        0.281523
      ],
      "initscale": [
        1,
        1,
        1
      ],
      "offmtx": [
        [
          -0.540274,
          -0.841489,
          0,
          8.152014
        ],
        [
          0.841489,
          -0.540274,
          -4.811519147551735e-7,
          8.581174
        ],
        [
          4.3306158659106586e-7,
          -2.1606696520848345e-7,
          1,
          0.000007
        ]
      ],
      "boundingbox": [
        [
          -0.211023,
          -2.174055,
          -2.249998
        ],
        [
          6.859619,
          1.717029,
          2.250004
        ]
      ]
    },
    {
      "name": "Bone065",
      "parent": "Bone064",
      "initpos": [
        6.704599,
        -0.000004,
        -0.000001
      ],
      "initquaternion": [
        2.544746280364052e-7,
        2.21200195937854e-7,
        -0.069781,
        0.997562
      ],
      "initscale": [
        1,
        1,
        1
      ],
      "offmtx": [
        [
          -0.652167,
          -0.758075,
          -3.619162214363314e-7,
          0.23862
        ],
        [
          0.758075,
          -0.652167,
          0,
          8.699122
        ],
        [
          -2.4508710794179933e-7,
          -2.6656792329049495e-7,
          1,
          0.000004
        ]
      ],
      "boundingbox": [
        [
          -0.579926,
          -3.250537,
          -2.149996
        ],
        [
          7.729345,
          2.608546,
          4.201965
        ]
      ]
    }
  ],
  "boundingbox": [
    [
      -13.939982,
      0.087389,
      -2.250001
    ],
    [
      13.939982,
      12.712611,
      4.201957
    ]
  ]
}
