{"skeleton":[{"name":"root","parent":"root","initpos":[0.0,0.0,-0.0],"initquaternion":[0.707106,0.0,0.0,0.707106],"initscale":[1.0,0.999999,0.999999],"offmtx":[[1.0,0.0,0.0,0.0],[0.0,1.0,0.0,0.0],[0.0,0.0,1.0,0.0]],"boundingbox":[[0.0,0.0,0.0],[0.0,0.0,0.0]]},{"name":"Bone010","parent":"root","initpos":[-5.965781,0.0,-23.989799],"initquaternion":[0.5,0.499999,0.5,-0.499999],"initscale":[1.0,1.0,1.0],"offmtx":[[1.0,0.0,0.0,0.0],[0.0,1.0,0.0,0.0],[0.0,0.0,1.0,0.0]],"boundingbox":[[0.0,0.0,0.0],[0.0,0.0,0.0]]},{"name":"Bone045","parent":"Bone010","initpos":[0.33526,1.26232,-3e-06],"initquaternion":[-1.7703629850984726e-07,-0.0,-0.262846,0.964837],"initscale":[0.999999,0.999999,1.0],"offmtx":[[-0.507208,-0.861823,2.4185598590520385e-07,18.000398],[0.861823,-0.507208,-3.354513467002107e-07,16.051345],[4.117713388041011e-07,0.0,0.999999,2e-06]],"boundingbox":[[-0.821091,-3.15535,-2.72813],[10.003039,3.298233,2.318378]]},{"name":"Bone046","parent":"Bone045","initpos":[9.899305,-1e-06,-1e-06],"initquaternion":[-0.041347,-0.251742,-0.230786,0.938964],"initscale":[0.999999,0.999999,0.999999],"offmtx":[[-0.744463,-0.451517,0.491838,-0.411178],[0.536687,-0.842899,0.038549,17.966255],[0.397165,0.292662,0.869832,-0.563737]],"boundingbox":[[-2.220866,-3.242001,-2.99778],[3.980489,2.541164,3.394472]]},{"name":"Bone047","parent":"Bone046","initpos":[4.089021,-1e-06,9.5367431640625e-07],"initquaternion":[-0.003582,-0.033144,-0.107388,0.993658],"initscale":[0.999999,1.0,0.999999],"offmtx":[[-0.813601,-0.240922,0.529159,-8.254079],[0.365239,-0.919904,0.142741,16.589939],[0.452386,0.309404,0.836429,-0.013737]],"boundingbox":[[-1.709933,-3.717198,-3.712001],[5.380249,2.053134,3.370111]]},{"name":"Bone048","parent":"Bone045","initpos":[-0.064802,-2.464626,-1e-06],"initquaternion":[0.0,0.0,-0.047287,0.998881],"initscale":[1.0,1.0,1.0],"offmtx":[[-0.586356,-0.810053,2.7959654858022986e-07,16.235212],[0.810053,-0.586356,-3.111031219305005e-07,20.139778],[4.159533375514002e-07,0.0,0.999999,4e-06]],"boundingbox":[[-0.138297,-4.368069,-3.274256],[5.128489,3.064624,2.595028]]}],"boundingbox":[[-19.577823,10.140325,-3.274261],[-3.901901,27.412847,7.01466]]}