{
  "skeleton": [
    {
      "name": "root",
      "parent": "root",
      "initpos": [
        0,
        0,
        0
      ],
      "initquaternion": [
        0.707106,
        0,
        0,
        0.707106
      ],
      "initscale": [
        1,
        0.999999,
        0.999999
      ],
      "offmtx": [
        [
          1,
          0,
          0,
          0
        ],
        [
          0,
          1,
          0,
          0
        ],
        [
          0,
          0,
          1,
          0
        ]
      ],
      "boundingbox": [
        [
          0,
          0,
          0
        ],
        [
          0,
          0,
          0
        ]
      ]
    },
    {
      "name": "bone01",
      "parent": "root",
      "initpos": [
        -1.9142225937684998e-7,
        25.69226,
        1.120897
      ],
      "initquaternion": [
        0,
        0,
        -0.707106,
        0.707106
      ],
      "initscale": [
        1,
        1,
        1
      ],
      "offmtx": [
        [
          0,
          0,
          0.999999,
          28.159049
        ],
        [
          -1,
          0,
          0,
          -0.000001
        ],
        [
          0,
          -0.999999,
          0,
          -1.120897
        ]
      ],
      "boundingbox": [
        [
          -8.305114,
          -10.827407,
          -1.162647
        ],
        [
          71.105255,
          10.827411,
          2.071511
        ]
      ]
    },
    {
      "name": "bone02",
      "parent": "bone01",
      "initpos": [
        28.883975,
        15.780935,
        4.154426
      ],
      "initquaternion": [
        0,
        0,
        -0.000235,
        0.999999
      ],
      "initscale": [
        0.999999,
        0.999999,
        1
      ],
      "offmtx": [
        [
          0.00047,
          0,
          0.999999,
          -0.717498
        ],
        [
          -0.999999,
          0,
          0.00047,
          -15.781276
        ],
        [
          0,
          -0.999999,
          0,
          -5.275323
        ]
      ],
      "boundingbox": [
        [
          -1.467847,
          -2.03293,
          -0.234669
        ],
        [
          12.987381,
          2.048616,
          0.377306
        ]
      ]
    },
    {
      "name": "bone03",
      "parent": "bone01",
      "initpos": [
        34.647987,
        7.473958,
        2.258172
      ],
      "initquaternion": [
        0,
        0,
        0.000914,
        0.999999
      ],
      "initscale": [
        1,
        1,
        1
      ],
      "offmtx": [
        [
          -0.001828,
          0,
          0.999998,
          -6.502593
        ],
        [
          -0.999998,
          0,
          -0.001828,
          -7.462081
        ],
        [
          0,
          -0.999999,
          0,
          -3.379069
        ]
      ],
      "boundingbox": [
        [
          -1.080329,
          -2.02029,
          -0.328421
        ],
        [
          13.37635,
          2.061874,
          0.283553
        ]
      ]
    },
    {
      "name": "bone04",
      "parent": "bone01",
      "initpos": [
        34.647983,
        -7.474041,
        2.258172
      ],
      "initquaternion": [
        0,
        0,
        -0.000914,
        0.999999
      ],
      "initscale": [
        0.999999,
        0.999999,
        1
      ],
      "offmtx": [
        [
          0.001829,
          0,
          0.999998,
          -6.502593
        ],
        [
          -0.999998,
          0,
          0.001829,
          7.462158
        ],
        [
          0,
          -0.999999,
          0,
          -3.379069
        ]
      ],
      "boundingbox": [
        [
          -1.080327,
          -2.061792,
          -0.328422
        ],
        [
          13.376352,
          2.020371,
          0.283552
        ]
      ]
    },
    {
      "name": "bone05",
      "parent": "bone01",
      "initpos": [
        28.883972,
        -15.781065,
        4.154426
      ],
      "initquaternion": [
        0,
        0,
        0.000235,
        0.999999
      ],
      "initscale": [
        1,
        1,
        1
      ],
      "offmtx": [
        [
          -0.00047,
          0,
          0.999999,
          -0.717498
        ],
        [
          -0.999999,
          0,
          -0.00047,
          15.781403
        ],
        [
          0,
          -0.999999,
          0,
          -5.275323
        ]
      ],
      "boundingbox": [
        [
          -1.467845,
          -2.048483,
          -0.234673
        ],
        [
          12.987381,
          2.033061,
          0.377301
        ]
      ]
    },
    {
      "name": "bind",
      "parent": "bone01",
      "initpos": [
        28.20034,
        -0.000004,
        -1.849789
      ],
      "initquaternion": [
        0.707106,
        0,
        -0.707106,
        0
      ],
      "initscale": [
        1,
        0.999999,
        0.999999
      ],
      "offmtx": [
        [
          3.1391647326017846e-7,
          0.999999,
          0,
          -0.728892
        ],
        [
          1,
          -3.1391644483846903e-7,
          0,
          -0.000002
        ],
        [
          0,
          0,
          -0.999999,
          0.04129
        ]
      ],
      "boundingbox": [
        [
          -0.720973,
          -2.841064,
          3.31192
        ],
        [
          -0.720971,
          2.841049,
          3.31192
        ]
      ]
    },
    {
      "name": "bone06",
      "parent": "bone01",
      "initpos": [
        18.621601,
        -0.000002,
        -2.457384
      ],
      "initquaternion": [
        -0.122449,
        -0.696423,
        0.696424,
        -0.122448
      ],
      "initscale": [
        0.999999,
        0.999999,
        0.999999
      ],
      "offmtx": [
        [
          -5.41628082828538e-7,
          0.341105,
          -0.940024,
          -9.421323
        ],
        [
          2.720378802223422e-7,
          0.940024,
          0.341105,
          1.996948
        ],
        [
          1,
          0,
          -6.019375291543838e-7,
          -0.000006
        ]
      ],
      "boundingbox": [
        [
          0.042861,
          -0.762244,
          -5.463484
        ],
        [
          10.978992,
          0.688346,
          5.463479
        ]
      ]
    },
    {
      "name": "bone07",
      "parent": "bone06",
      "initpos": [
        5.884191,
        -0.012961,
        -4.044026
      ],
      "initquaternion": [
        0.705731,
        -0.005419,
        0.002139,
        0.708454
      ],
      "initscale": [
        1,
        1,
        1
      ],
      "offmtx": [
        [
          0.010698,
          0.336742,
          -0.941535,
          -15.270487
        ],
        [
          0.999935,
          -1.403968923341381e-7,
          0.011362,
          4.21503
        ],
        [
          0.003825,
          -0.941596,
          -0.33672,
          -1.923105
        ]
      ],
      "boundingbox": [
        [
          0.094678,
          -2.386889,
          -0.209884
        ],
        [
          8.028772,
          1.004628,
          0.282797
        ]
      ]
    },
    {
      "name": "bone08",
      "parent": "bone06",
      "initpos": [
        5.884185,
        -0.012959,
        4.043973
      ],
      "initquaternion": [
        0.708454,
        0.002139,
        -0.005419,
        0.705731
      ],
      "initscale": [
        0.999999,
        0.999999,
        0.999999
      ],
      "offmtx": [
        [
          -0.010699,
          0.336742,
          -0.941535,
          -15.270483
        ],
        [
          0.999935,
          0,
          -0.011362,
          -4.214983
        ],
        [
          -0.003826,
          -0.941596,
          -0.33672,
          -1.923104
        ]
      ],
      "boundingbox": [
        [
          0.094678,
          -1.004574,
          -0.209884
        ],
        [
          8.028772,
          2.386948,
          0.282796
        ]
      ]
    },
    {
      "name": "bone09",
      "parent": "bone01",
      "initpos": [
        15.645636,
        11.124279,
        -2.332462
      ],
      "initquaternion": [
        0.055703,
        -0.668358,
        0.718508,
        0.184226
      ],
      "initscale": [
        0.999999,
        0.999999,
        0.999999
      ],
      "offmtx": [
        [
          -0.190275,
          -0.326305,
          -0.925915,
          -13.3077
        ],
        [
          0.038714,
          0.939918,
          -0.339196,
          -4.95261
        ],
        [
          0.980966,
          -0.100386,
          -0.16621,
          8.954313
        ]
      ],
      "boundingbox": [
        [
          0.188083,
          -2.754111,
          -0.922397
        ],
        [
          6.090563,
          2.809911,
          0.958812
        ]
      ]
    },
    {
      "name": "bone10",
      "parent": "bone09",
      "initpos": [
        2.16952,
        -2.884037,
        0.272112
      ],
      "initquaternion": [
        -0.009854,
        0.004234,
        -0.0495,
        0.998716
      ],
      "initscale": [
        0.999999,
        0.999999,
        0.999999
      ],
      "offmtx": [
        [
          -0.200508,
          -0.416954,
          -0.886535,
          -15.261093
        ],
        [
          -4.0978193283081055e-7,
          0.904912,
          -0.425597,
          -3.761561
        ],
        [
          0.979691,
          -0.085335,
          -0.181442,
          8.494333
        ]
      ],
      "boundingbox": [
        [
          0.057735,
          -1.18302,
          -0.468848
        ],
        [
          7.541144,
          1.505497,
          0.511397
        ]
      ]
    },
    {
      "name": "bone11",
      "parent": "bone09",
      "initpos": [
        4.37676,
        -1.444709,
        -0.163683
      ],
      "initquaternion": [
        -0.021031,
        0.001724,
        0.006674,
        0.999755
      ],
      "initscale": [
        0.999999,
        0.999999,
        0.999999
      ],
      "offmtx": [
        [
          -0.193402,
          -0.313425,
          -0.929709,
          -17.763347
        ],
        [
          -1.3783574104309082e-7,
          0.947601,
          -0.319456,
          -3.650424
        ],
        [
          0.981119,
          -0.061783,
          -0.183268,
          8.906249
        ]
      ],
      "boundingbox": [
        [
          0.218448,
          -1.370327,
          -0.593787
        ],
        [
          8.736009,
          1.504477,
          0.507304
        ]
      ]
    },
    {
      "name": "bone12",
      "parent": "bone09",
      "initpos": [
        5.077956,
        0.695091,
        0.441809
      ],
      "initquaternion": [
        -0.042482,
        0.000831,
        0.119195,
        0.991961
      ],
      "initscale": [
        0.999999,
        0.999999,
        0.999999
      ],
      "offmtx": [
        [
          -0.187268,
          -0.093651,
          -0.977834,
          -19.298589
        ],
        [
          -2.1420416373985063e-7,
          0.995444,
          -0.095338,
          -1.833573
        ],
        [
          0.982308,
          -0.017853,
          -0.186415,
          8.160523
        ]
      ],
      "boundingbox": [
        [
          0.112012,
          -1.708455,
          -0.716834
        ],
        [
          11.070987,
          1.245015,
          0.60756
        ]
      ]
    },
    {
      "name": "bone13",
      "parent": "bone01",
      "initpos": [
        15.645633,
        -11.12372,
        -2.332462
      ],
      "initquaternion": [
        0.055704,
        0.668359,
        0.718508,
        -0.184225
      ],
      "initscale": [
        1,
        0.999999,
        1
      ],
      "offmtx": [
        [
          0.190275,
          -0.326305,
          -0.925915,
          -13.307595
        ],
        [
          0.038714,
          -0.939918,
          0.339196,
          4.952631
        ],
        [
          -0.980967,
          -0.100386,
          -0.16621,
          8.953765
        ]
      ],
      "boundingbox": [
        [
          0.188189,
          -2.809893,
          -0.922946
        ],
        [
          6.09067,
          2.754131,
          0.958269
        ]
      ]
    },
    {
      "name": "bone14",
      "parent": "bone13",
      "initpos": [
        4.376761,
        1.444709,
        -0.163684
      ],
      "initquaternion": [
        0.021031,
        0.001724,
        -0.006674,
        0.999755
      ],
      "initscale": [
        0.999999,
        0.999999,
        0.999999
      ],
      "offmtx": [
        [
          0.193402,
          -0.313425,
          -0.929709,
          -17.763238
        ],
        [
          0,
          -0.9476,
          0.319456,
          3.650429
        ],
        [
          -0.981119,
          -0.061783,
          -0.183267,
          8.905702
        ]
      ],
      "boundingbox": [
        [
          0.218553,
          -1.504477,
          -0.594333
        ],
        [
          8.736108,
          1.370322,
          0.506755
        ]
      ]
    },
    {
      "name": "bone15",
      "parent": "bone13",
      "initpos": [
        5.077958,
        -0.695091,
        0.441808
      ],
      "initquaternion": [
        0.042482,
        0.000831,
        -0.119195,
        0.991961
      ],
      "initscale": [
        0.999999,
        0.999999,
        0.999999
      ],
      "offmtx": [
        [
          0.187268,
          -0.093651,
          -0.977834,
          -19.298488
        ],
        [
          1.3224780559539795e-7,
          -0.995444,
          0.095337,
          1.833567
        ],
        [
          -0.982308,
          -0.017853,
          -0.186415,
          8.159977
        ]
      ],
      "boundingbox": [
        [
          0.112113,
          -1.245017,
          -0.71738
        ],
        [
          11.07109,
          1.708454,
          0.607007
        ]
      ]
    },
    {
      "name": "bone16",
      "parent": "bone13",
      "initpos": [
        2.169518,
        2.884039,
        0.27211
      ],
      "initquaternion": [
        0.009854,
        0.004234,
        0.0495,
        0.998716
      ],
      "initscale": [
        0.999999,
        0.999999,
        0.999999
      ],
      "offmtx": [
        [
          0.200507,
          -0.416954,
          -0.886535,
          -15.260979
        ],
        [
          0,
          -0.904911,
          0.425597,
          3.761552
        ],
        [
          -0.979691,
          -0.085335,
          -0.181442,
          8.493786
        ]
      ],
      "boundingbox": [
        [
          0.057846,
          -1.505498,
          -0.469396
        ],
        [
          7.541252,
          1.183013,
          0.510853
        ]
      ]
    },
    {
      "name": "bone17",
      "parent": "bone01",
      "initpos": [
        11.283912,
        14.579879,
        5.867176
      ],
      "initquaternion": [
        0.071652,
        0.705518,
        -0.703466,
        -0.047366
      ],
      "initscale": [
        0.999999,
        0.999999,
        1
      ],
      "offmtx": [
        [
          -0.167745,
          0.033973,
          -0.985244,
          -18.834438
        ],
        [
          -0.000001,
          0.999405,
          0.034462,
          7.565461
        ],
        [
          0.98583,
          0.005782,
          -0.167645,
          11.584647
        ]
      ],
      "boundingbox": [
        [
          0.077779,
          -0.582453,
          -0.514286
        ],
        [
          13.002731,
          3.026105,
          0.451298
        ]
      ]
    },
    {
      "name": "bone18",
      "parent": "bone17",
      "initpos": [
        12.797525,
        0.000088,
        9.5367431640625e-7
      ],
      "initquaternion": [
        -0.0007,
        0.020093,
        0.034846,
        0.99919
      ],
      "initscale": [
        0.999999,
        0.999999,
        0.999999
      ],
      "offmtx": [
        [
          -0.206835,
          0.103198,
          -0.972917,
          -31.468729
        ],
        [
          0.011684,
          0.994611,
          0.103014,
          9.750609
        ],
        [
          0.978306,
          0.009939,
          -0.206927,
          10.327872
        ]
      ],
      "boundingbox": [
        [
          0.142341,
          -2.723385,
          -0.698327
        ],
        [
          13.326457,
          0.52535,
          0.635534
        ]
      ]
    },
    {
      "name": "bone19",
      "parent": "bone01",
      "initpos": [
        11.283908,
        -14.580119,
        5.867176
      ],
      "initquaternion": [
        -0.071652,
        0.705519,
        0.703466,
        -0.047366
      ],
      "initscale": [
        0.999999,
        0.999999,
        1
      ],
      "offmtx": [
        [
          0.167745,
          0.033973,
          -0.985244,
          -18.834478
        ],
        [
          -0.000001,
          -0.999406,
          -0.034462,
          -7.56546
        ],
        [
          -0.98583,
          0.005782,
          -0.167645,
          11.584891
        ]
      ],
      "boundingbox": [
        [
          0.077739,
          -3.02611,
          -0.514056
        ],
        [
          13.002695,
          0.582447,
          0.451534
        ]
      ]
    },
    {
      "name": "bone20",
      "parent": "bone19",
      "initpos": [
        12.797531,
        -0.000087,
        0.000001
      ],
      "initquaternion": [
        0.0007,
        0.020093,
        -0.034846,
        0.99919
      ],
      "initscale": [
        0.999999,
        0.999999,
        0.999999
      ],
      "offmtx": [
        [
          0.206835,
          0.103198,
          -0.972917,
          -31.46878
        ],
        [
          0.011684,
          -0.994611,
          -0.103015,
          -9.750612
        ],
        [
          -0.978305,
          0.009939,
          -0.206926,
          10.328105
        ]
      ],
      "boundingbox": [
        [
          0.142284,
          -0.525357,
          -0.698099
        ],
        [
          13.326408,
          2.723376,
          0.635765
        ]
      ]
    },
    {
      "name": "bone21",
      "parent": "bone01",
      "initpos": [
        -7.455188,
        0.000003,
        1.562818
      ],
      "initquaternion": [
        -0.190919,
        0.680844,
        -0.680844,
        -0.190919
      ],
      "initscale": [
        0.999999,
        0.999999,
        0.999999
      ],
      "offmtx": [
        [
          1,
          0,
          0,
          0
        ],
        [
          0,
          1,
          0,
          0
        ],
        [
          0,
          0,
          1,
          0
        ]
      ],
      "boundingbox": [
        [
          0,
          0,
          0
        ],
        [
          0,
          0,
          0
        ]
      ]
    },
    {
      "name": "bone22",
      "parent": "bone21",
      "initpos": [
        1.170686,
        0,
        1.1920928955078125e-7
      ],
      "initquaternion": [
        0,
        0,
        0.358249,
        0.933625
      ],
      "initscale": [
        1,
        1,
        1
      ],
      "offmtx": [
        [
          -5.288379725243431e-7,
          0.184926,
          -0.982752,
          -35.373874
        ],
        [
          0,
          0.982752,
          0.184926,
          10.006559
        ],
        [
          1,
          1.0182841947425914e-7,
          -5.189579042053083e-7,
          -0.000012
        ]
      ],
      "boundingbox": [
        [
          -0.198665,
          -1.8655,
          -1.103358
        ],
        [
          16.171611,
          2.046025,
          0.895217
        ]
      ]
    }
  ],
  "boundingbox": [
    [
      -20.02112,
      -8.70342,
      -52.534988
    ],
    [
      20.02111,
      6.228053,
      42.946205
    ]
  ]
}
