{"skeleton":[{"name":"root","parent":"root","initpos":[0.0,0.0,-0.0],"initquaternion":[-1.1920928955078125e-07,-0.0,0.0,1.0],"initscale":[1.0,0.999999,0.999999],"offmtx":[[1.0,0.0,0.0,0.0],[0.0,1.0,0.0,0.0],[0.0,0.0,1.0,0.0]],"boundingbox":[[0.0,0.0,0.0],[0.0,0.0,0.0]]},{"name":"steve_body","parent":"root","initpos":[0.023774,11.98265,0.277781],"initquaternion":[1e-06,9.497069299868599e-07,0.707106,0.707106],"initscale":[1.0,1.0,1.0],"offmtx":[[1.0,0.0,0.0,0.0],[0.0,1.0,0.0,0.0],[0.0,0.0,1.0,0.0]],"boundingbox":[[0.0,0.0,0.0],[0.0,0.0,0.0]]},{"name":"Bone007","parent":"steve_body","initpos":[0.974472,0.018843,-0.277781],"initquaternion":[0.0,0.0,0.0,1.0],"initscale":[1.0,1.0,1.0],"offmtx":[[3.139165016818879e-07,0.999999,0.0,0.0547],[-0.999999,3.139164164167596e-07,-5e-06,0.004928],[-5e-06,0.0,0.999999,8.344650268554688e-07]],"boundingbox":[[-0.240131,-5.008912,-3.507752],[3.551635,5.01877,2.646245]]},{"name":"body013","parent":"steve_body","initpos":[12.554912,3.036697,-2.057619],"initquaternion":[-0.438204,-0.436963,-0.020202,0.785259],"initscale":[1.0,0.999999,0.999999],"offmtx":[[-0.351226,0.617309,0.703965,-14.952564],[-0.615139,0.414687,-0.670549,-13.222255],[-0.705863,-0.668552,0.234082,14.694565]],"boundingbox":[[-0.590539,-2.157617,-0.356863],[12.776272,2.218958,0.660782]]},{"name":"body012","parent":"steve_body","initpos":[11.653747,4.899473,-2.196779],"initquaternion":[0.494193,-0.219687,0.378262,0.751284],"initscale":[0.999999,1.0,1.0],"offmtx":[[-0.351226,0.617309,0.703966,-14.952554],[-0.225379,-0.785502,0.57636,18.573577],[0.908759,0.043773,0.415018,4.19262]],"boundingbox":[[-0.588688,-2.229682,-0.380783],[12.782,2.14541,0.402509]]},{"name":"body011","parent":"steve_body","initpos":[11.70417,-4.908144,-2.133533],"initquaternion":[-0.494195,-0.219688,-0.378261,0.751282],"initscale":[0.999999,0.999999,0.999999],"offmtx":[[0.351226,0.61731,0.703966,-15.047933],[-0.225379,0.785501,-0.57636,-18.564065],[-0.908759,0.043773,0.415017,4.215243]],"boundingbox":[[-0.684054,-2.135921,-0.35815],[12.686632,2.239175,0.425148]]},{"name":"body007","parent":"steve_body","initpos":[12.594181,-3.070643,-1.997219],"initquaternion":[0.438201,-0.436962,0.020204,0.78526],"initscale":[0.999999,0.999999,0.999999],"offmtx":[[0.351226,0.617309,0.703966,-15.047932],[-0.615139,-0.414688,0.670549,13.248185],[0.705863,-0.668552,0.234082,14.64916]],"boundingbox":[[-0.685905,-2.193043,-0.402257],[12.680909,2.183533,0.615391]]},{"name":"body003","parent":"steve_body","initpos":[12.651851,4.121648,-2.598405],"initquaternion":[0.013133,-0.388522,0.200985,0.899156],"initscale":[0.999999,0.999999,0.999999],"offmtx":[[-0.351226,0.61731,0.703965,-15.012788],[-0.918865,-0.371639,-0.132553,5.08216],[0.179795,-0.693405,0.697754,19.437705]],"boundingbox":[[-0.650754,-2.337956,-1.330015],[13.69873,2.226617,2.877009]]},{"name":"body002","parent":"steve_body","initpos":[12.651844,-4.174202,-2.598375],"initquaternion":[-0.013136,-0.388523,-0.200983,0.899156],"initscale":[0.999999,0.999999,0.999999],"offmtx":[[0.351226,0.617309,0.703966,-15.047925],[-0.918865,0.371639,0.132552,-4.990185],[-0.179795,-0.693406,0.697754,19.455707]],"boundingbox":[[-0.685905,-2.13465,-1.312022],[13.663578,2.429925,2.894999]]},{"name":"body008","parent":"steve_body","initpos":[11.843303,-3.959533,-1.82072],"initquaternion":[-0.045724,-0.527367,-0.195323,0.825616],"initscale":[0.999999,0.999999,0.999999],"offmtx":[[0.274299,0.367465,0.888666,-8.476658],[-0.919515,0.370751,0.130515,-4.969414],[-0.281514,-0.852943,0.439587,22.121814]],"boundingbox":[[1.118698,-1.992927,-2.445507],[13.307525,2.345574,2.081211]]},{"name":"body004","parent":"steve_body","initpos":[11.843303,-3.959534,-1.82072],"initquaternion":[-0.045724,-0.527367,-0.195323,0.825616],"initscale":[0.999999,0.999999,0.999999],"offmtx":[[0.2743,0.367465,0.888666,-8.476663],[-0.919515,0.370751,0.130515,-4.969415],[-0.281514,-0.852943,0.439587,22.121812]],"boundingbox":[[1.118697,-1.992926,-2.445508],[13.307527,2.345577,2.081212]]},{"name":"body001","parent":"steve_body","initpos":[11.843299,4.167438,-1.820751],"initquaternion":[0.045721,-0.527366,0.195325,0.825616],"initscale":[0.999999,0.999999,0.999999],"offmtx":[[-0.2743,0.367465,0.888666,-8.520648],[-0.919515,-0.370751,-0.130516,4.821952],[0.281514,-0.852943,0.439587,22.166963]],"boundingbox":[[1.074709,-2.493038,-2.400358],[13.263538,1.845463,2.126361]]},{"name":"body009","parent":"steve_body","initpos":[11.843299,4.167438,-1.820751],"initquaternion":[0.045721,-0.527366,0.195325,0.825616],"initscale":[0.999999,0.999999,0.999999],"offmtx":[[-0.2743,0.367464,0.888666,-8.520632],[-0.919515,-0.370751,-0.130516,4.821958],[0.281514,-0.852943,0.439586,22.166961]],"boundingbox":[[1.074712,-2.493041,-2.400364],[13.26354,1.845459,2.12635]]},{"name":"body005","parent":"steve_body","initpos":[5.040596,0.013367,-2.764927],"initquaternion":[1e-06,0.006626,0.001847,0.999976],"initscale":[0.999999,0.999999,1.0],"offmtx":[[1.0,0.0,0.0,0.0],[0.0,1.0,0.0,0.0],[0.0,0.0,1.0,0.0]],"boundingbox":[[0.0,0.0,0.0],[0.0,0.0,0.0]]},{"name":"body015","parent":"body005","initpos":[2.985143,0.069375,-0.248837],"initquaternion":[4.2952953549502126e-07,-3.5239651197116473e-07,0.501894,0.864928],"initscale":[1.0,1.0,1.0],"offmtx":[[-0.870033,0.492948,-0.006553,-9.940311],[-0.492992,-0.869957,0.011517,17.400564],[-2.3e-05,0.013251,0.999912,2.510177]],"boundingbox":[[-0.994449,-2.870516,-0.817426],[4.739952,2.309339,1.587561]]},{"name":"body016","parent":"body005","initpos":[2.986093,-0.051256,-0.248916],"initquaternion":[0.0,2.2444471881044592e-07,-0.501894,0.864928],"initscale":[0.999999,0.999999,1.0],"offmtx":[[0.866366,0.499364,-0.006596,-10.052433],[-0.499408,0.86629,-0.011493,-17.337581],[-2.4e-05,0.013252,0.999912,2.510247]],"boundingbox":[[0.445527,-2.468281,-0.817525],[4.746754,2.038508,1.587463]]},{"name":"body017","parent":"body005","initpos":[2.848623,-0.050907,-0.247231],"initquaternion":[-0.0,-3.967871009535884e-07,0.900505,-0.434844],"initscale":[1.0,1.0,1.0],"offmtx":[[0.785451,-0.618868,0.008221,12.278885],[0.618922,0.785382,-0.010393,-15.66463],[-2.4e-05,0.013252,0.999912,2.508564]],"boundingbox":[[-0.706008,-2.255666,-0.824376],[4.304306,2.56584,1.580611]]},{"name":"body018","parent":"body005","initpos":[2.850099,0.079017,-0.247359],"initquaternion":[1.0808236083903466e-07,-4.979413006367395e-07,0.900505,0.434844],"initscale":[1.0,1.0,1.0],"offmtx":[[-0.780857,-0.624655,0.008259,12.372692],[0.62471,-0.780788,0.010362,15.592042],[-2.4e-05,0.013251,0.999912,2.508702]],"boundingbox":[[0.538335,-2.57239,-0.824071],[4.275016,1.079086,1.580917]]},{"name":"body019","parent":"body005","initpos":[3.040445,-0.005367,-1.362976],"initquaternion":[-0.006626,-6.790930342503998e-07,0.999976,0.001846],"initscale":[0.999999,1.0,0.999999],"offmtx":[[6.441749746954883e-07,-0.999999,0.0,20.04536],[1.0,6.441749178520695e-07,-8.346868867192825e-07,-0.004581],[8.346869435627013e-07,0.0,0.999999,3.890295]],"boundingbox":[[0.010361,-2.014566,-0.699703],[2.560362,1.985435,0.700298]]},{"name":"body020","parent":"body019","initpos":[2.24319,-0.015822,1.388427],"initquaternion":[0.0,0.0,0.0,1.0],"initscale":[1.0,1.0,1.0],"offmtx":[[1e-06,-0.999999,0.0,17.802175],[1.0,1e-06,-3.578316238872503e-07,0.011235],[3.578316238872503e-07,0.0,0.999999,2.501867]],"boundingbox":[[0.017176,-0.518746,-0.888131],[0.767177,0.531255,0.911869]]},{"name":"body021","parent":"body005","initpos":[2.958335,-0.005061,-1.471951],"initquaternion":[-0.0,-0.006626,-0.001847,0.999976],"initscale":[0.999999,1.0,0.999999],"offmtx":[[3.518447613259923e-07,0.999999,0.0,-19.961811],[-1.0,3.5184473290428286e-07,-6.895679689478129e-07,0.004555],[-6.895679689478129e-07,0.0,0.999999,3.998172]],"boundingbox":[[0.073186,-2.105434,-1.231825],[2.873187,2.114566,0.708175]]},{"name":"body022","parent":"body021","initpos":[0.083547,-0.49911,-0.685518],"initquaternion":[0.0,-5.205484967518714e-07,1.0,-4.3312570596754085e-07],"initscale":[1.0,1.0,1.0],"offmtx":[[8.59199360547791e-07,-0.999999,0.0,20.04536],[1.0,8.591993037043721e-07,-3.515289108690922e-07,-0.503695],[3.515289108690922e-07,0.0,0.999999,4.68369]],"boundingbox":[[0.010362,-0.513675,0.083692],[2.310362,0.486324,0.083693]]},{"name":"body023","parent":"body021","initpos":[0.083551,0.518361,-0.685516],"initquaternion":[0.0,-5.205484967518714e-07,1.0,-4.3312570596754085e-07],"initscale":[1.0,1.0,1.0],"offmtx":[[8.59199360547791e-07,-0.999999,0.0,20.04536],[1.0,8.591993037043721e-07,-3.515289108690922e-07,0.513775],[3.515289108690922e-07,0.0,0.999999,4.683689]],"boundingbox":[[0.010361,-0.496206,0.08369],[2.310361,0.503795,0.083691]]},{"name":"body024","parent":"body021","initpos":[0.837646,-1.552433,-0.164975],"initquaternion":[-0.0,3.2212008704846085e-07,-0.501894,0.864928],"initscale":[0.999999,0.999999,1.0],"offmtx":[[0.868205,0.496204,2.8498033088908414e-07,-11.672575],[-0.496204,0.868205,-5.164624212739e-07,-17.285625],[-5.036924903834006e-07,3.0698714681420824e-07,0.999999,4.163142]],"boundingbox":[[0.087455,-0.855201,-0.23685],[4.842882,0.715576,0.26315]]},{"name":"body025","parent":"body021","initpos":[0.837646,1.561423,-0.164978],"initquaternion":[-1.1897612495204157e-07,-1.1957649803662207e-07,0.501894,0.864928],"initscale":[1.0,1.0,1.0],"offmtx":[[-0.868206,0.496203,-3.4813442084669077e-07,-11.672429],[-0.496203,-0.868206,-9.555811857353547e-07,17.285701],[-7.764148222122458e-07,-6.568964181496995e-07,0.999999,4.163163]],"boundingbox":[[0.087577,-0.715516,-0.236847],[4.843006,0.855268,0.263154]]},{"name":"body006","parent":"steve_body","initpos":[9.174215,0.023793,4.433206],"initquaternion":[-0.707108,-0.0,1.685872348389239e-07,0.707105],"initscale":[1.0,1.0,1.0],"offmtx":[[1.0,0.0,0.0,0.0],[0.0,1.0,0.0,0.0],[0.0,0.0,1.0,0.0]],"boundingbox":[[0.0,0.0,0.0],[0.0,0.0,0.0]]},{"name":"body026","parent":"body006","initpos":[-1.767414,1.09518,-0.0],"initquaternion":[0.0,0.0,0.0,1.0],"initscale":[1.0,1.0,1.0],"offmtx":[[1.0,0.0,0.0,0.0],[0.0,1.0,0.0,0.0],[0.0,0.0,1.0,0.0]],"boundingbox":[[0.0,0.0,0.0],[0.0,0.0,0.0]]},{"name":"body027","parent":"body026","initpos":[-1.204969,1.348057,-0.0],"initquaternion":[0.0,0.0,0.0,1.0],"initscale":[1.0,1.0,1.0],"offmtx":[[1.0,0.0,0.0,0.0],[0.0,1.0,0.0,0.0],[0.0,0.0,1.0,0.0]],"boundingbox":[[0.0,0.0,0.0],[0.0,0.0,0.0]]},{"name":"body028","parent":"body027","initpos":[3.147459,-0.197254,1e-06],"initquaternion":[1.0677060657826587e-07,-0.707103,1.0676972550527353e-07,0.707109],"initscale":[1.0,1.0,1.0],"offmtx":[[-1.0,-2.6006938469436136e-07,6e-06,-1.3e-05],[-6e-06,-0.0,-0.999999,2.465008],[2.600699815502594e-07,-0.999999,0.0,21.331935]],"boundingbox":[[0.004991,-0.644991,-2.653063],[2.881918,1.375019,3.096937]]},{"name":"body029","parent":"body027","initpos":[3.147459,-0.197254,1e-06],"initquaternion":[-2.5007605586324644e-07,0.707103,2.50073981078458e-07,0.707109],"initscale":[1.0,1.0,1.0],"offmtx":[[1.0,2.6010928877440165e-07,-6e-06,1.3e-05],[-6e-06,-4.92756669245864e-07,-0.999999,2.465017],[-2.601125004275673e-07,0.999999,-4.927549639432982e-07,-21.331933]],"boundingbox":[[-0.120002,-0.644997,-3.096937],[2.881927,1.375004,2.653064]]},{"name":"body030","parent":"body026","initpos":[3.178821,0.013335,1e-06],"initquaternion":[1.0677059947283851e-07,-0.707103,1.0676971129441881e-07,0.707109],"initscale":[1.0,1.0,1.0],"offmtx":[[-1.0,-1.7264331120259158e-07,6e-06,-2.5e-05],[-6e-06,-4.768428993884299e-07,-0.999999,3.602483],[1.7264645180148364e-07,-0.999999,4.768417625200527e-07,22.568265]],"boundingbox":[[-0.070009,-0.81753,-3.14611],[3.164753,1.192479,3.13327]]},{"name":"body031","parent":"body026","initpos":[3.178821,0.013335,1e-06],"initquaternion":[-2.0792901977984002e-07,0.707103,2.079273144772742e-07,0.707109],"initscale":[1.0,1.0,1.0],"offmtx":[[1.0,1.7268422425331664e-07,-6e-06,2.5e-05],[-6e-06,-7.629610649928509e-07,-0.999999,3.60249],[-1.726892264741764e-07,0.999999,-7.629598712810548e-07,-22.568265]],"boundingbox":[[-0.004999,-0.817541,-3.133272],[3.164762,1.192473,3.146109]]},{"name":"body032","parent":"body006","initpos":[3.219284,0.0,-0.0],"initquaternion":[1.0677060657826587e-07,-0.707103,1.0676972550527353e-07,0.707109],"initscale":[1.0,1.0,1.0],"offmtx":[[-1.0,-1.7264439122754993e-07,6e-06,-3.2e-05],[-6e-06,-3.019973178197688e-07,-0.999999,4.710997],[1.7264638074721006e-07,-0.999999,3.019961809513916e-07,24.376142]],"boundingbox":[[-0.030008,-0.499012,-3.170339],[3.539016,0.611006,3.141145]]},{"name":"body033","parent":"body006","initpos":[3.21928,-4.76837158203125e-07,-0.0],"initquaternion":[-2.079289913581306e-07,0.707104,2.0792734289898362e-07,0.707109],"initscale":[0.999999,1.0,0.999999],"offmtx":[[1.0,1.726828742221187e-07,-6e-06,3.1e-05],[-6e-06,-5.881154265807709e-07,-0.999999,4.711004],[-1.7268666852032766e-07,0.999999,-5.881142897123937e-07,-24.376142]],"boundingbox":[[-0.010848,-0.499024,-3.141147],[3.539026,0.610987,3.170338]]},{"name":"steve_rightarm","parent":"steve_body","initpos":[12.083522,6.118968,-0.003591],"initquaternion":[1.5693947830186517e-07,1e-06,1.0,1.2e-05],"initscale":[1.0,1.0,1.0],"offmtx":[[1.0,0.0,0.0,0.0],[0.0,1.0,0.0,0.0],[0.0,0.0,1.0,0.0]],"boundingbox":[[0.0,0.0,0.0],[0.0,0.0,0.0]]},{"name":"righttarm001","parent":"steve_rightarm","initpos":[7.33566,-0.02183,-0.274045],"initquaternion":[0.000615,-8e-06,3e-06,0.999999],"initscale":[1.0,0.999999,0.999999],"offmtx":[[1.6292061388867296e-07,-0.999999,0.0,16.730516],[1.0,1.6292059967781825e-07,-6.397578431460715e-07,6.117199],[6.397578999894904e-07,0.0,0.999999,3e-06]],"boundingbox":[[-1.269483,-3.242798,-2.299998],[4.730515,2.167203,2.250001]]},{"name":"righttarm003","parent":"righttarm001","initpos":[3.189743,-2.1598,-1.513573],"initquaternion":[-0.288341,0.000368,0.957524,-0.002266],"initscale":[1.0,0.999999,0.999999],"offmtx":[[-0.004553,0.833707,-0.552187,-12.162508],[-0.999989,-0.004128,0.002012,-8.217971],[-0.000601,0.55219,0.833717,-6.220172]],"boundingbox":[[-0.319292,-0.196851,-1.61637],[4.395438,0.17428,0.907622]]},{"name":"righttarm004","parent":"righttarm001","initpos":[3.189741,-2.1598,1.481319],"initquaternion":[0.283839,0.000369,0.958869,0.002231],"initscale":[0.999999,0.999999,0.999999],"offmtx":[[0.004489,0.83886,0.544327,-12.127988],[-0.999989,0.004069,0.001975,-8.33495],[-0.000558,-0.544331,0.83887,6.123405]],"boundingbox":[[-0.29915,-0.178201,-0.84983],[4.410305,0.192602,1.64901]]},{"name":"righttarm002","parent":"steve_rightarm","initpos":[-0.578298,0.82618,-0.27424],"initquaternion":[5e-06,-1e-05,-0.482441,0.875928],"initscale":[0.999999,0.999999,1.0],"offmtx":[[-0.845181,-0.534479,7.557688377346494e-07,8.718707],[0.534479,-0.845181,-4.227808574341907e-07,23.645204],[8.647295999253402e-07,0.0,0.999999,6e-06]],"boundingbox":[[0.075794,-2.883254,-2.809996],[6.49275,1.310095,2.790005]]},{"name":"righttarm005","parent":"righttarm002","initpos":[1.844851,-0.040349,-2.061544],"initquaternion":[-0.209686,0.043528,0.959224,0.184461],"initscale":[1.0,1.0,0.999999],"offmtx":[[0.892727,0.167444,-0.418331,1.285422],[-0.181562,0.98336,0.006149,-24.529268],[0.412399,0.070463,0.908273,3.027849]],"boundingbox":[[0.064528,-0.591361,-0.506581],[1.771575,0.617845,0.508446]]},{"name":"righttarm006","parent":"righttarm002","initpos":[3.321607,0.79442,-2.069694],"initquaternion":[-0.167948,0.11617,0.803621,0.559008],"initscale":[1.0,0.999999,0.999999],"offmtx":[[0.728633,-0.556094,-0.399814,17.091852],[0.606328,0.795213,-0.001055,-13.014604],[0.318525,-0.24165,0.916595,9.698422]],"boundingbox":[[0.020554,-0.660382,-0.509784],[2.148005,0.64675,0.545289]]},{"name":"righttarm007","parent":"righttarm002","initpos":[1.844851,-0.040349,2.062002],"initquaternion":[0.18446,0.959224,0.043528,-0.209686],"initscale":[0.999999,1.0,0.999999],"offmtx":[[0.892727,0.167443,0.41833,1.285239],[0.181562,-0.983359,0.006148,24.529264],[0.412399,0.070464,-0.908273,3.028238]],"boundingbox":[[0.064338,-0.617844,-0.506175],[1.771383,0.591358,0.508852]]},{"name":"righttarm008","parent":"righttarm002","initpos":[3.321611,0.794425,2.053001],"initquaternion":[0.559008,0.803621,0.116169,-0.167948],"initscale":[0.999999,0.999999,0.999999],"offmtx":[[0.728634,-0.556094,0.399813,17.098526],[-0.606328,-0.795213,-0.001055,13.014589],[0.318523,-0.241648,-0.916595,9.683086]],"boundingbox":[[0.027225,-0.64677,-0.525096],[2.154678,0.660364,0.52998]]},{"name":"righttarm009","parent":"righttarm002","initpos":[2.406786,0.556409,2.034],"initquaternion":[0.407284,0.888725,0.094261,-0.188151],"initscale":[0.999999,0.999999,0.999999],"offmtx":[[0.872909,-0.262553,0.411211,11.288282],[-0.294167,-0.955646,0.014282,19.782735],[0.389222,-0.133432,-0.911428,7.634632]],"boundingbox":[[0.045399,-0.613811,-0.561548],[1.762755,0.607132,0.476071]]},{"name":"righttarm010","parent":"righttarm002","initpos":[2.406783,0.556411,-2.089128],"initquaternion":[-0.18815,0.094261,0.888725,0.407284],"initscale":[1.0,1.0,0.999999],"offmtx":[[0.872908,-0.262553,-0.411212,11.265595],[0.294167,0.955647,0.014282,-19.781959],[0.389223,-0.133432,0.911427,7.684893]],"boundingbox":[[0.022727,-0.606346,-0.511294],[1.740083,0.614597,0.526325]]},{"name":"righttarm011","parent":"righttarm002","initpos":[0.007394,0.12268,1e-06],"initquaternion":[0.0,0.0,0.0,1.0],"initscale":[1.0,1.0,1.0],"offmtx":[[-0.84518,-0.53448,4.2992735416191863e-07,8.711329],[0.53448,-0.84518,-0.0,23.52252],[3.812003512848605e-07,2.0158661584446236e-07,0.999999,-2e-06]],"boundingbox":[[2.463332,-0.75394,-2.009998],[6.342914,1.201269,2.010002]]},{"name":"righttarm012","parent":"righttarm002","initpos":[0.007393,-1.006259,-0.0],"initquaternion":[0.0,0.0,0.0,1.0],"initscale":[1.0,1.0,1.0],"offmtx":[[-0.84518,-0.53448,4.2992735416191863e-07,8.711331],[0.53448,-0.84518,-0.0,24.651462],[3.812003512848605e-07,2.0158661584446236e-07,0.999999,-5.820918431709288e-07]],"boundingbox":[[2.429378,-1.287453,-2.199996],[6.485358,-0.128807,2.200004]]},{"name":"righttarm013","parent":"righttarm002","initpos":[0.007389,1.41114,1e-06],"initquaternion":[0.0,0.0,0.0,1.0],"initscale":[1.0,1.0,1.0],"offmtx":[[-0.84518,-0.53448,4.2992735416191863e-07,8.711334],[0.53448,-0.84518,-0.0,22.234062],[3.812003512848605e-07,2.0158661584446236e-07,0.999999,-1e-06]],"boundingbox":[[0.733159,-0.647201,-2.509997],[6.385546,0.815079,2.510002]]},{"name":"steve_leftarm","parent":"steve_body","initpos":[12.081134,-6.233181,-0.003334],"initquaternion":[1.5690449117755634e-07,0.000277,1.0,5.3e-05],"initscale":[0.999999,0.999999,0.999999],"offmtx":[[1.0,0.0,0.0,0.0],[0.0,1.0,0.0,0.0],[0.0,0.0,1.0,0.0]],"boundingbox":[[0.0,0.0,0.0],[0.0,0.0,0.0]]},{"name":"leftarm001","parent":"steve_leftarm","initpos":[7.333286,-0.154726,-0.273603],"initquaternion":[-0.000276,-3.8e-05,1.5e-05,0.999999],"initscale":[1.0,0.999999,0.999999],"offmtx":[[6.504959060293913e-07,-0.999999,0.0,16.73051],[1.0,6.504958491859725e-07,-0.0,-6.101601],[0.0,0.0,0.999999,-4.15720421642618e-07]],"boundingbox":[[-1.269481,-2.151592,-2.299997],[4.730517,3.258409,2.250002]]},{"name":"leftarm003","parent":"leftarm001","initpos":[3.189745,2.175246,1.481319],"initquaternion":[0.283839,-0.000369,0.958869,-0.002231],"initscale":[1.0,1.0,1.0],"offmtx":[[-0.004487,0.83886,0.544327,-12.127994],[-0.999989,-0.004068,-0.001974,8.334769],[0.000558,-0.544331,0.83887,6.123402]],"boundingbox":[[-0.299144,-0.192765,-0.849831],[4.41031,0.178032,1.649009]]},{"name":"leftarm004","parent":"leftarm001","initpos":[3.189746,2.175245,-1.513574],"initquaternion":[-0.288342,-0.000368,0.957524,0.002266],"initscale":[1.0,1.0,1.0],"offmtx":[[0.004554,0.833707,-0.552188,-12.162505],[-0.999989,0.004129,-0.002012,8.217789],[0.000601,0.552191,0.833717,-6.220185]],"boundingbox":[[-0.319289,-0.17445,-1.616364],[4.395443,0.196684,0.907631]]},{"name":"leftarm002","parent":"steve_leftarm","initpos":[-0.580568,-0.988092,-0.273998],"initquaternion":[-0.000268,8.5e-05,0.482499,0.875896],"initscale":[0.999999,0.999999,0.999999],"offmtx":[[0.84518,-0.53448,0.0,8.718658],[0.53448,0.84518,-3.4479958799238375e-07,-23.645242],[1.0872363276348551e-07,3.3920423447852954e-07,0.999999,-7e-06]],"boundingbox":[[0.075729,-1.310138,-2.809995],[6.492683,2.883213,2.790005]]},{"name":"leftarm005","parent":"leftarm002","initpos":[2.406786,-0.556413,-2.089128],"initquaternion":[-0.188151,-0.094261,0.888725,-0.407284],"initscale":[0.999999,0.999999,0.999999],"offmtx":[[-0.872909,-0.262552,-0.411211,11.265645],[0.294166,-0.955647,-0.014282,19.781951],[-0.389223,-0.133432,0.911427,7.684909]],"boundingbox":[[0.022794,-0.614624,-0.511264],[1.740151,0.606321,0.526354]]},{"name":"leftarm006","parent":"leftarm002","initpos":[1.844851,0.040348,-2.061544],"initquaternion":[-0.209686,-0.043528,0.959224,-0.18446],"initscale":[1.0,0.999999,0.999999],"offmtx":[[-0.892727,0.167444,-0.41833,1.285473],[-0.181563,-0.98336,-0.006148,24.529291],[-0.412399,0.070464,0.908273,3.027851]],"boundingbox":[[0.064597,-0.617828,-0.506549],[1.771644,0.591379,0.508476]]},{"name":"leftarm007","parent":"leftarm002","initpos":[3.321608,-0.794425,-2.069694],"initquaternion":[0.167948,0.11617,-0.803621,0.559008],"initscale":[0.999999,0.999999,0.999999],"offmtx":[[-0.728634,-0.556093,-0.399813,17.091897],[0.606327,-0.795213,0.001055,13.014579],[-0.318524,-0.241649,0.916595,9.698424]],"boundingbox":[[0.020605,-0.646797,-0.509762],[2.148058,0.660339,0.545313]]},{"name":"leftarm008","parent":"leftarm002","initpos":[1.844851,0.040349,2.062001],"initquaternion":[-0.18446,0.959224,-0.043527,-0.209686],"initscale":[1.0,1.0,0.999999],"offmtx":[[-0.892727,0.167444,0.41833,1.285283],[0.181563,0.98336,-0.006148,-24.529291],[-0.412399,0.070464,-0.908273,3.02826]],"boundingbox":[[0.064408,-0.591377,-0.506142],[1.771456,0.617829,0.508884]]},{"name":"leftarm009","parent":"leftarm002","initpos":[3.32161,-0.794425,2.053],"initquaternion":[-0.559007,0.803621,-0.116169,-0.167948],"initscale":[1.0,0.999999,0.999999],"offmtx":[[-0.728634,-0.556093,0.399813,17.098567],[-0.606327,0.795214,0.001055,-13.014569],[-0.318524,-0.241649,-0.916595,9.68312]],"boundingbox":[[0.027286,-0.66032,-0.525069],[2.154739,0.646819,0.530006]]},{"name":"leftarm010","parent":"leftarm002","initpos":[2.406786,-0.556413,2.034],"initquaternion":[-0.407284,0.888725,-0.094261,-0.188151],"initscale":[1.0,1.0,0.999999],"offmtx":[[-0.872909,-0.262552,0.411211,11.288325],[-0.294166,0.955647,-0.014282,-19.782735],[-0.389223,-0.133432,-0.911427,7.634665]],"boundingbox":[[0.045467,-0.60711,-0.561514],[1.762823,0.613834,0.476103]]},{"name":"leftarm011","parent":"leftarm002","initpos":[0.0,1.001583,-0.0],"initquaternion":[0.0,0.0,0.0,1.0],"initscale":[1.0,1.0,1.0],"offmtx":[[0.84518,-0.53448,0.0,8.718657],[0.53448,0.84518,-3.636460803591035e-07,-24.646825],[1.1879669870040743e-07,3.5513289731170516e-07,0.999999,-8e-06]],"boundingbox":[[2.436706,0.13344,-2.199995],[6.492682,1.292088,2.200004]]},{"name":"leftarm012","parent":"leftarm002","initpos":[-9.5367431640625e-07,-1.415817,-0.0],"initquaternion":[0.0,0.0,0.0,1.0],"initscale":[1.0,1.0,1.0],"offmtx":[[0.84518,-0.53448,0.0,8.718658],[0.53448,0.84518,-3.636460803591035e-07,-22.229425],[1.1879669870040743e-07,3.5513289731170516e-07,0.999999,-8e-06]],"boundingbox":[[0.740484,-0.810445,-2.509997],[6.392869,0.651834,2.510003]]},{"name":"leftarm013","parent":"leftarm002","initpos":[1e-06,-0.127359,-0.0],"initquaternion":[0.0,0.0,0.0,1.0],"initscale":[1.0,1.0,1.0],"offmtx":[[0.84518,-0.53448,0.0,8.718656],[0.53448,0.84518,-3.636460803591035e-07,-23.517881],[1.1879669870040743e-07,3.5513289731170516e-07,0.999999,-8e-06]],"boundingbox":[[2.47066,-1.196635,-2.009996],[6.350239,0.758577,2.010004]]}],"boundingbox":[[-11.789048,-0.294833,-5.23],[11.789048,33.867115,9.689205]]}