{
  "skeleton": [
    {
      "name": "root",
      "parent": "root",
      "initpos": [
        0,
        0,
        0
      ],
      "initquaternion": [
        0.707106,
        0,
        0,
        0.707106
      ],
      "initscale": [
        1,
        0.999999,
        0.999999
      ],
      "offmtx": [
        [
          1,
          0,
          0,
          0
        ],
        [
          0,
          1,
          0,
          0
        ],
        [
          0,
          0,
          1,
          0
        ]
      ],
      "boundingbox": [
        [
          0,
          0,
          0
        ],
        [
          0,
          0,
          0
        ]
      ]
    },
    {
      "name": "Bone001",
      "parent": "root",
      "initpos": [
        0,
        8.275623,
        -22.544488
      ],
      "initquaternion": [
        -0.502061,
        0.497929,
        0.502061,
        -0.497929
      ],
      "initscale": [
        1,
        0.999999,
        0.999999
      ],
      "offmtx": [
        [
          -1.629151284987529e-7,
          0.008264,
          -0.999965,
          8.089023
        ],
        [
          0,
          -0.999965,
          -0.008264,
          22.612112
        ],
        [
          -1,
          0,
          1.6282210424378718e-7,
          -0.000001
        ]
      ],
      "boundingbox": [
        [
          -7.520428,
          -6.056901,
          -7.355491
        ],
        [
          10.466399,
          7.575341,
          7.35567
        ]
      ]
    },
    {
      "name": "Bone002",
      "parent": "Bone001",
      "initpos": [
        10.234195,
        0,
        -0.000001
      ],
      "initquaternion": [
        0,
        0,
        0.0014,
        0.999998
      ],
      "initscale": [
        0.999999,
        0.999999,
        1
      ],
      "offmtx": [
        [
          -1.6288487358906423e-7,
          0.005464,
          -0.999985,
          -2.081843
        ],
        [
          0,
          -0.999985,
          -0.005464,
          22.618032
        ],
        [
          -1,
          0,
          1.628221184546419e-7,
          5.886815301892057e-7
        ]
      ],
      "boundingbox": [
        [
          0.145357,
          -4.406928,
          -7.211922
        ],
        [
          15.475589,
          9.25005,
          7.212101
        ]
      ]
    },
    {
      "name": "Bone003",
      "parent": "Bone002",
      "initpos": [
        14.67607,
        0.441385,
        -8.027801
      ],
      "initquaternion": [
        0,
        0,
        0.857489,
        0.514502
      ],
      "initscale": [
        1,
        1,
        1
      ],
      "offmtx": [
        [
          -1.3140098076291906e-7,
          -0.884918,
          0.465746,
          27.453643
        ],
        [
          1.3853050973011705e-7,
          0.465746,
          0.884918,
          4.350745
        ],
        [
          -1,
          1.8079917651903088e-7,
          0,
          8.027797
        ]
      ],
      "boundingbox": [
        [
          -0.859056,
          -6.389097,
          -3.114835
        ],
        [
          11.162895,
          4.399622,
          2.878602
        ]
      ]
    },
    {
      "name": "Bone005",
      "parent": "Bone003",
      "initpos": [
        8.676101,
        -9.5367431640625e-7,
        -9.5367431640625e-7
      ],
      "initquaternion": [
        0,
        0,
        -0.387815,
        0.921737
      ],
      "initscale": [
        0.999999,
        0.999999,
        1
      ],
      "offmtx": [
        [
          -1.9091464764642296e-7,
          -0.951708,
          -0.307002,
          10.018783
        ],
        [
          0,
          -0.307002,
          0.951708,
          16.466606
        ],
        [
          -1,
          1.589282021541294e-7,
          1.291888906962413e-7,
          8.027799
        ]
      ],
      "boundingbox": [
        [
          -0.386354,
          -4.791575,
          -3.376968
        ],
        [
          14.41222,
          8.277256,
          3.23176
        ]
      ]
    },
    {
      "name": "Bone007",
      "parent": "Bone005",
      "initpos": [
        13.162304,
        0.000003,
        -9.5367431640625e-7
      ],
      "initquaternion": [
        0,
        0,
        -0.577515,
        0.816379
      ],
      "initscale": [
        1,
        1,
        1
      ],
      "offmtx": [
        [
          -1.3349298910725338e-7,
          -0.027387,
          -0.999624,
          -16.573724
        ],
        [
          0,
          -0.999624,
          0.027387,
          2.518421
        ],
        [
          -1,
          0,
          1.321609204296692e-7,
          8.027801
        ]
      ],
      "boundingbox": [
        [
          -2.997252,
          -2.180235,
          -3.160035
        ],
        [
          7.041971,
          2.112462,
          3.585553
        ]
      ]
    },
    {
      "name": "Bone004",
      "parent": "Bone002",
      "initpos": [
        14.676075,
        0.441383,
        7.672196
      ],
      "initquaternion": [
        0.514502,
        0.857488,
        -3.5862407798958884e-7,
        -2.4413802179878985e-7
      ],
      "initscale": [
        0.999999,
        0.999999,
        1
      ],
      "offmtx": [
        [
          0,
          -0.884918,
          0.465746,
          27.453643
        ],
        [
          6.641481036240293e-7,
          -0.465746,
          -0.884918,
          -4.350739
        ],
        [
          1,
          3.4044072094729927e-7,
          5.713397968065692e-7,
          7.672201
        ]
      ],
      "boundingbox": [
        [
          -0.859053,
          -4.399624,
          -3.47062
        ],
        [
          11.162897,
          6.389099,
          2.522824
        ]
      ]
    },
    {
      "name": "Bone006",
      "parent": "Bone004",
      "initpos": [
        8.676105,
        0.000002,
        9.5367431640625e-7
      ],
      "initquaternion": [
        -1.034734538052362e-7,
        1.3321813696620666e-7,
        0.387814,
        0.921737
      ],
      "initscale": [
        0.999999,
        0.999999,
        1
      ],
      "offmtx": [
        [
          1.7356155979086907e-7,
          -0.951708,
          -0.307002,
          10.018775
        ],
        [
          3.5181031421416264e-7,
          0.307002,
          -0.951708,
          -16.4666
        ],
        [
          1,
          0,
          3.8810475189166027e-7,
          7.672202
        ]
      ],
      "boundingbox": [
        [
          -0.386359,
          -8.277256,
          -3.732752
        ],
        [
          14.41221,
          4.791574,
          2.977378
        ]
      ]
    },
    {
      "name": "Bone008",
      "parent": "Bone006",
      "initpos": [
        13.162293,
        0.000001,
        -0.000001
      ],
      "initquaternion": [
        0,
        0,
        0.577515,
        0.816379
      ],
      "initscale": [
        0.999999,
        0.999999,
        1
      ],
      "offmtx": [
        [
          3.8952487102505984e-7,
          -0.027387,
          -0.999624,
          -16.57372
        ],
        [
          -1.5432341626819834e-7,
          0.999624,
          -0.027387,
          -2.51842
        ],
        [
          1,
          1.6493352461566246e-7,
          3.851523047160299e-7,
          7.672204
        ]
      ],
      "boundingbox": [
        [
          -2.997256,
          -2.112461,
          -3.515818
        ],
        [
          7.041967,
          2.180235,
          3.229769
        ]
      ]
    },
    {
      "name": "Bone026",
      "parent": "Bone002",
      "initpos": [
        14.306904,
        6.882713,
        -0.000002
      ],
      "initquaternion": [
        0.802209,
        -0.597042,
        -1.8742156271400745e-7,
        2.5182677632074046e-7
      ],
      "initscale": [
        0.999999,
        0.999999,
        0.999999
      ],
      "offmtx": [
        [
          0,
          0.95946,
          -0.281841,
          -19.777845
        ],
        [
          -4.1139924178423826e-7,
          0.281841,
          0.95946,
          11.181594
        ],
        [
          1,
          1.709562980067858e-7,
          3.785631861319416e-7,
          0.000002
        ]
      ],
      "boundingbox": [
        [
          -1.317774,
          -7.083978,
          -7.577658
        ],
        [
          13.844757,
          7.641698,
          7.577477
        ]
      ]
    },
    {
      "name": "Bone027",
      "parent": "Bone026",
      "initpos": [
        8.527446,
        -0.000009,
        -7.541218565165764e-7
      ],
      "initquaternion": [
        2.375609966520642e-7,
        0,
        -0.084738,
        0.996403
      ],
      "initscale": [
        0.999999,
        0.999999,
        1
      ],
      "offmtx": [
        [
          0,
          0.898087,
          -0.439816,
          -29.787002
        ],
        [
          0,
          0.439816,
          0.898087,
          6.241159
        ],
        [
          1,
          0,
          0,
          6.377257477652165e-7
        ]
      ],
      "boundingbox": [
        [
          -0.332091,
          -6.01152,
          -6.656747
        ],
        [
          7.694082,
          7.742941,
          6.656563
        ]
      ]
    },
    {
      "name": "Bone028",
      "parent": "Bone027",
      "initpos": [
        4.798816,
        0,
        -6.983188995945966e-7
      ],
      "initquaternion": [
        0,
        0,
        0.36633,
        0.930484
      ],
      "initscale": [
        0.999999,
        0.999999,
        1
      ],
      "offmtx": [
        [
          0,
          0.95688,
          0.290481,
          -21.048351
        ],
        [
          0,
          -0.290481,
          0.95688,
          28.144235
        ],
        [
          1,
          0,
          0,
          0.000001
        ]
      ],
      "boundingbox": [
        [
          -0.539756,
          -4.948925,
          -5.583319
        ],
        [
          5.980169,
          4.900157,
          5.583141
        ]
      ]
    },
    {
      "name": "Bone029",
      "parent": "Bone028",
      "initpos": [
        4.232263,
        0,
        -8.88420288447378e-7
      ],
      "initquaternion": [
        0,
        0,
        -0.109041,
        0.994037
      ],
      "initscale": [
        1,
        1,
        1
      ],
      "offmtx": [
        [
          0,
          0.997096,
          0.076138,
          -30.780618
        ],
        [
          0,
          -0.076138,
          0.997096,
          21.994558
        ],
        [
          1,
          0,
          0,
          0.000003
        ]
      ],
      "boundingbox": [
        [
          -1.056805,
          -4.458148,
          -4.358952
        ],
        [
          12.035162,
          14.521713,
          4.358774
        ]
      ]
    },
    {
      "name": "Bone030",
      "parent": "Bone029",
      "initpos": [
        10.634202,
        0.000001,
        0
      ],
      "initquaternion": [
        0,
        0,
        -0.275264,
        0.961368
      ],
      "initscale": [
        0.999999,
        0.999999,
        1
      ],
      "offmtx": [
        [
          0,
          0.833028,
          -0.553229,
          -46.182838
        ],
        [
          0,
          0.553229,
          0.833028,
          -8.129733
        ],
        [
          1,
          0,
          0,
          0.000003
        ]
      ],
      "boundingbox": [
        [
          -7.480458,
          -3.375912,
          -3.170482
        ],
        [
          7.277701,
          11.577363,
          3.170302
        ]
      ]
    },
    {
      "name": "Bone031",
      "parent": "Bone030",
      "initpos": [
        6.723854,
        -0.000001,
        -0.000004
      ],
      "initquaternion": [
        0,
        0,
        -0.736976,
        0.675918
      ],
      "initscale": [
        0.999999,
        0.999999,
        1
      ],
      "offmtx": [
        [
          0,
          -0.772044,
          -0.635567,
          23.199983
        ],
        [
          0,
          0.635567,
          -0.772044,
          -48.238689
        ],
        [
          1,
          0,
          0,
          0.000007
        ]
      ],
      "boundingbox": [
        [
          -13.686654,
          -7.700397,
          -8.666372
        ],
        [
          15.972869,
          5.265861,
          8.666199
        ]
      ]
    },
    {
      "name": "Bone040",
      "parent": "Bone031",
      "initpos": [
        1.396867,
        -0.377017,
        0.265888
      ],
      "initquaternion": [
        -0.551132,
        0.766102,
        -0.193103,
        -0.268423
      ],
      "initscale": [
        0.999999,
        0.999999,
        0.999999
      ],
      "offmtx": [
        [
          0.62413,
          -0.279038,
          0.729793,
          29.873132
        ],
        [
          1.7881389169360773e-7,
          0.934051,
          0.357137,
          -35.888408
        ],
        [
          -0.78132,
          -0.2229,
          0.58297,
          24.203411
        ]
      ],
      "boundingbox": [
        [
          -0.048282,
          -2.532751,
          -4.011299
        ],
        [
          8.554106,
          5.313842,
          1.6438
        ]
      ]
    },
    {
      "name": "Bone042",
      "parent": "Bone040",
      "initpos": [
        5.909519,
        -0.000038,
        -0.000015
      ],
      "initquaternion": [
        0,
        -0.192162,
        2.656613844465028e-7,
        0.981363
      ],
      "initscale": [
        0.999999,
        1,
        0.999999
      ],
      "offmtx": [
        [
          0.283352,
          -0.342499,
          0.89577,
          31.322422
        ],
        [
          0,
          0.934051,
          0.357136,
          -35.888435
        ],
        [
          -0.959015,
          -0.101195,
          0.264665,
          13.377757
        ]
      ],
      "boundingbox": [
        [
          -1.740545,
          -2.447273,
          -5.862789
        ],
        [
          7.223658,
          5.154567,
          3.035938
        ]
      ]
    },
    {
      "name": "Bone044",
      "parent": "Bone042",
      "initpos": [
        5.212459,
        0.000061,
        0
      ],
      "initquaternion": [
        0,
        0,
        0,
        1
      ],
      "initscale": [
        1,
        1.000002,
        1
      ],
      "offmtx": [
        [
          0.283352,
          -0.3425,
          0.89577,
          26.109947
        ],
        [
          5.215402438807359e-7,
          0.934051,
          0.357137,
          -35.888412
        ],
        [
          -0.959015,
          -0.101195,
          0.264666,
          13.377746
        ]
      ],
      "boundingbox": [
        [
          -0.789319,
          -2.135184,
          -4.146821
        ],
        [
          7.886634,
          5.406471,
          4.660035
        ]
      ]
    },
    {
      "name": "Bone039",
      "parent": "Bone031",
      "initpos": [
        1.396871,
        -0.377021,
        -1.734111
      ],
      "initquaternion": [
        0.268423,
        0.193103,
        -0.766102,
        0.551132
      ],
      "initscale": [
        1,
        1,
        1
      ],
      "offmtx": [
        [
          -0.62413,
          -0.279038,
          0.729793,
          28.956771
        ],
        [
          -1.6391281576488836e-7,
          -0.934051,
          -0.357137,
          35.888412
        ],
        [
          0.78132,
          -0.2229,
          0.58297,
          25.35058
        ]
      ],
      "boundingbox": [
        [
          -1.17939,
          -5.313852,
          -3.03346
        ],
        [
          7.660315,
          2.532742,
          2.790842
        ]
      ]
    },
    {
      "name": "Bone041",
      "parent": "Bone039",
      "initpos": [
        5.909511,
        0.000022,
        -0.000026
      ],
      "initquaternion": [
        0,
        -0.192162,
        2.529635310111189e-7,
        0.981363
      ],
      "initscale": [
        0.999999,
        1,
        0.999999
      ],
      "offmtx": [
        [
          -0.283352,
          -0.3425,
          0.89577,
          30.906417
        ],
        [
          -2.011657187495075e-7,
          -0.934051,
          -0.357137,
          35.888416
        ],
        [
          0.959015,
          -0.101195,
          0.264665,
          14.785836
        ]
      ],
      "boundingbox": [
        [
          -2.710895,
          -5.15458,
          -5.246998
        ],
        [
          6.696098,
          2.057324,
          4.443858
        ]
      ]
    },
    {
      "name": "Bone043",
      "parent": "Bone041",
      "initpos": [
        5.212524,
        0.000022,
        0.000015
      ],
      "initquaternion": [
        0,
        0,
        0,
        1
      ],
      "initscale": [
        1,
        0.999998,
        1
      ],
      "offmtx": [
        [
          -0.283352,
          -0.3425,
          0.89577,
          25.693941
        ],
        [
          1.4901168299275014e-7,
          -0.934051,
          -0.357137,
          35.888416
        ],
        [
          0.959015,
          -0.101195,
          0.264665,
          14.78582
        ]
      ],
      "boundingbox": [
        [
          -1.205307,
          -5.781881,
          -2.738896
        ],
        [
          7.470659,
          1.931751,
          4.928956
        ]
      ]
    },
    {
      "name": "Bone034",
      "parent": "Bone031",
      "initpos": [
        6.985996,
        0.51036,
        1.656936
      ],
      "initquaternion": [
        -0.221307,
        -0.198085,
        -0.711493,
        0.636837
      ],
      "initscale": [
        1,
        0.999999,
        1
      ],
      "offmtx": [
        [
          0.567214,
          -0.450038,
          0.689733,
          37.4888
        ],
        [
          -4.470348358154297e-7,
          -0.837492,
          -0.546448,
          21.496791
        ],
        [
          0.82357,
          0.309953,
          -0.475038,
          -27.831424
        ]
      ],
      "boundingbox": [
        [
          0.230064,
          -4.879523,
          -2.125207
        ],
        [
          8.886807,
          2.876387,
          2.182075
        ]
      ]
    },
    {
      "name": "Bone036",
      "parent": "Bone034",
      "initpos": [
        5.981147,
        0.000026,
        -0.000001
      ],
      "initquaternion": [
        -5.729349368266412e-7,
        0.107075,
        0,
        0.99425
      ],
      "initscale": [
        1,
        1,
        1
      ],
      "offmtx": [
        [
          0.378854,
          -0.505714,
          0.775062,
          36.71104
        ],
        [
          -0.000001,
          -0.837492,
          -0.546448,
          21.496789
        ],
        [
          0.925455,
          0.207023,
          -0.317288,
          -20.484649
        ]
      ],
      "boundingbox": [
        [
          -0.878297,
          -6.431953,
          -5.997927
        ],
        [
          9.689955,
          4.686875,
          3.023947
        ]
      ]
    },
    {
      "name": "Bone038",
      "parent": "Bone036",
      "initpos": [
        7.447181,
        0.00003,
        0.000007
      ],
      "initquaternion": [
        1.413016832430003e-7,
        -0.031539,
        0,
        0.999502
      ],
      "initscale": [
        0.999998,
        1,
        0.999999
      ],
      "offmtx": [
        [
          0.436448,
          -0.491655,
          0.753516,
          27.914077
        ],
        [
          -6.70552083192888e-7,
          -0.837492,
          -0.546448,
          21.496801
        ],
        [
          0.899728,
          0.238496,
          -0.365523,
          -22.288923
        ]
      ],
      "boundingbox": [
        [
          -2.050657,
          -5.881513,
          -6.77115
        ],
        [
          9.552196,
          5.114121,
          4.572088
        ]
      ]
    },
    {
      "name": "Bone033",
      "parent": "Bone031",
      "initpos": [
        6.985996,
        0.51036,
        -1.671428
      ],
      "initquaternion": [
        -0.636837,
        0.711493,
        0.198085,
        0.221307
      ],
      "initscale": [
        0.999999,
        0.999999,
        0.999999
      ],
      "offmtx": [
        [
          -0.567214,
          -0.450039,
          0.689733,
          37.480571
        ],
        [
          0,
          0.837492,
          0.546449,
          -21.496765
        ],
        [
          -0.823569,
          0.309954,
          -0.475038,
          -27.843387
        ]
      ],
      "boundingbox": [
        [
          -0.440244,
          -2.744566,
          -3.725442
        ],
        [
          13.821239,
          6.431972,
          2.319994
        ]
      ]
    },
    {
      "name": "Bone035",
      "parent": "Bone033",
      "initpos": [
        5.981147,
        -0.000026,
        -0.000007
      ],
      "initquaternion": [
        0,
        0.107075,
        -2.4261095177280367e-7,
        0.99425
      ],
      "initscale": [
        0.999999,
        1,
        0.999999
      ],
      "offmtx": [
        [
          -0.378854,
          -0.505714,
          0.775062,
          36.705551
        ],
        [
          -5.066394237474015e-7,
          0.837492,
          0.546449,
          -21.496765
        ],
        [
          -0.925456,
          0.207024,
          -0.317288,
          -20.4981
        ]
      ],
      "boundingbox": [
        [
          -1.119867,
          -4.308283,
          -6.657423
        ],
        [
          10.307952,
          7.127779,
          4.324611
        ]
      ]
    },
    {
      "name": "Bone037",
      "parent": "Bone035",
      "initpos": [
        7.447189,
        -0.000024,
        0.000015
      ],
      "initquaternion": [
        2.3138589710924862e-7,
        -0.031539,
        2.458390326864901e-7,
        0.999502
      ],
      "initscale": [
        0.999998,
        1,
        0.999999
      ],
      "offmtx": [
        [
          -0.436449,
          -0.491656,
          0.753515,
          27.907754
        ],
        [
          -4.1723239974089665e-7,
          0.837492,
          0.546448,
          -21.496768
        ],
        [
          -0.899728,
          0.238496,
          -0.365523,
          -22.30199
        ]
      ],
      "boundingbox": [
        [
          -3.275666,
          -4.257175,
          -6.823558
        ],
        [
          8.051342,
          8.814957,
          6.070383
        ]
      ]
    },
    {
      "name": "Bone048",
      "parent": "Bone031",
      "initpos": [
        9.130453,
        -2.49784,
        0.000007
      ],
      "initquaternion": [
        0.999805,
        0.019711,
        0,
        1.9424990682637144e-7
      ],
      "initscale": [
        0.999999,
        0.999999,
        0.999999
      ],
      "offmtx": [
        [
          0,
          -0.746394,
          -0.665504,
          12.255731
        ],
        [
          2.9700561299250694e-7,
          -0.665504,
          0.746394,
          46.259872
        ],
        [
          -1,
          -2.0358187668989558e-7,
          2.164017587347189e-7,
          0.000015
        ]
      ],
      "boundingbox": [
        [
          -0.113231,
          -1.024106,
          -12.584617
        ],
        [
          6.221672,
          3.962837,
          12.584779
        ]
      ]
    },
    {
      "name": "Bone009",
      "parent": "Bone001",
      "initpos": [
        -0.38405,
        0.151395,
        -7.957122
      ],
      "initquaternion": [
        0,
        0,
        0.625178,
        0.780482
      ],
      "initscale": [
        0.999999,
        0.999999,
        1
      ],
      "offmtx": [
        [
          0,
          -0.974043,
          -0.226362,
          23.76869
        ],
        [
          1.612950200069463e-7,
          -0.226362,
          0.974043,
          -3.365428
        ],
        [
          -1,
          0,
          1.6282209003293246e-7,
          7.957121
        ]
      ],
      "boundingbox": [
        [
          -0.511096,
          -4.686823,
          -3.185512
        ],
        [
          12.11964,
          6.092575,
          3.352783
        ]
      ]
    },
    {
      "name": "Bone011",
      "parent": "Bone009",
      "initpos": [
        8.527308,
        -0.000087,
        9.5367431640625e-7
      ],
      "initquaternion": [
        0,
        -1.559260027761411e-7,
        0.491166,
        0.871065
      ],
      "initscale": [
        0.999999,
        0.999999,
        1
      ],
      "offmtx": [
        [
          -1.4379813251252926e-7,
          -0.69777,
          0.716321,
          5.007932
        ],
        [
          2.6337090730521595e-7,
          0.716321,
          0.69777,
          -14.783298
        ],
        [
          -1,
          2.8899623316647194e-7,
          0,
          7.957117
        ]
      ],
      "boundingbox": [
        [
          -0.717305,
          -5.272699,
          -3.081317
        ],
        [
          8.633472,
          3.210777,
          3.45698
        ]
      ]
    },
    {
      "name": "Bone013",
      "parent": "Bone011",
      "initpos": [
        6.287875,
        -0.000001,
        0
      ],
      "initquaternion": [
        0,
        0,
        -0.521639,
        0.853165
      ],
      "initscale": [
        0.999999,
        0.999999,
        1
      ],
      "offmtx": [
        [
          -2.999647961132723e-7,
          -0.955623,
          -0.29459,
          12.57509
        ],
        [
          1.2233201118760917e-7,
          -0.29459,
          0.955623,
          -7.877258
        ],
        [
          -1,
          2.506154999082355e-7,
          2.0527021149518987e-7,
          7.957116
        ]
      ],
      "boundingbox": [
        [
          -1.104023,
          -4.79484,
          -3.447649
        ],
        [
          9.127532,
          9.059896,
          3.588613
        ]
      ]
    },
    {
      "name": "Bone015",
      "parent": "Bone013",
      "initpos": [
        8.141128,
        0.000001,
        -4.76837158203125e-7
      ],
      "initquaternion": [
        0,
        0,
        -0.593889,
        0.804546
      ],
      "initscale": [
        1,
        1,
        1
      ],
      "offmtx": [
        [
          2.074224312309525e-7,
          0,
          -0.999999,
          8.833894
        ],
        [
          -1.868616692490832e-7,
          -0.999999,
          0,
          1.916625
        ],
        [
          -1,
          1.868616550382285e-7,
          -2.0742241702009778e-7,
          7.95712
        ]
      ],
      "boundingbox": [
        [
          -3.016237,
          -2.209423,
          -3.230719
        ],
        [
          7.173832,
          1.89493,
          3.514719
        ]
      ]
    },
    {
      "name": "Bone010",
      "parent": "Bone001",
      "initpos": [
        -0.38405,
        0.15139,
        7.742879
      ],
      "initquaternion": [
        0.780482,
        0.625178,
        -1.3732895354223729e-7,
        -2.9220586839073803e-7
      ],
      "initscale": [
        0.999999,
        0.999999,
        0.999999
      ],
      "offmtx": [
        [
          -1.762376484748529e-7,
          -0.974043,
          -0.226362,
          23.768692
        ],
        [
          3.1554208135275985e-7,
          0.226362,
          -0.974043,
          3.365429
        ],
        [
          1,
          -2.4308994284183427e-7,
          2.674579775430175e-7,
          7.742883
        ]
      ],
      "boundingbox": [
        [
          -0.511094,
          -6.09258,
          -3.399934
        ],
        [
          12.119644,
          4.686823,
          3.138368
        ]
      ]
    },
    {
      "name": "Bone012",
      "parent": "Bone010",
      "initpos": [
        8.527309,
        0.000088,
        0.000001
      ],
      "initquaternion": [
        -1.610041238109261e-7,
        -1.0754464341289349e-7,
        -0.491166,
        0.871065
      ],
      "initscale": [
        1,
        1,
        1
      ],
      "offmtx": [
        [
          0,
          -0.69777,
          0.716321,
          5.007932
        ],
        [
          -1.6235166810929513e-7,
          -0.716321,
          -0.69777,
          14.783297
        ],
        [
          1,
          -1.272441352284659e-7,
          -1.0204495026755467e-7,
          7.742881
        ]
      ],
      "boundingbox": [
        [
          -0.717303,
          -3.210774,
          -3.295732
        ],
        [
          8.633476,
          5.272701,
          3.242562
        ]
      ]
    },
    {
      "name": "Bone014",
      "parent": "Bone012",
      "initpos": [
        6.287874,
        0.000004,
        9.5367431640625e-7
      ],
      "initquaternion": [
        2.676845838323061e-7,
        0,
        0.521639,
        0.853165
      ],
      "initscale": [
        0.999999,
        0.999999,
        1
      ],
      "offmtx": [
        [
          2.3775538693371345e-7,
          -0.955623,
          -0.294591,
          12.575093
        ],
        [
          3.293829706763063e-7,
          0.294591,
          -0.955623,
          7.877257
        ],
        [
          1,
          1.3017131550441263e-7,
          3.848066114642279e-7,
          7.742873
        ]
      ],
      "boundingbox": [
        [
          -1.104023,
          -9.059906,
          -3.662067
        ],
        [
          10.779807,
          4.794836,
          3.374197
        ]
      ]
    },
    {
      "name": "Bone016",
      "parent": "Bone014",
      "initpos": [
        8.141126,
        0,
        -0.000003
      ],
      "initquaternion": [
        0,
        0,
        0.593889,
        0.804546
      ],
      "initscale": [
        0.999999,
        0.999999,
        1
      ],
      "offmtx": [
        [
          5.675905754287669e-7,
          0,
          -1,
          8.833899
        ],
        [
          -1.3017134392612206e-7,
          1,
          0,
          -1.91663
        ],
        [
          1,
          1.3017131550441263e-7,
          5.675904617419292e-7,
          7.742874
        ]
      ],
      "boundingbox": [
        [
          -3.016241,
          -1.894933,
          -3.445133
        ],
        [
          7.17383,
          2.209418,
          3.300301
        ]
      ]
    },
    {
      "name": "Bone032",
      "parent": "Bone001",
      "initpos": [
        -2.039945,
        -2.857696,
        0
      ],
      "initquaternion": [
        0.710022,
        -0.704178,
        -2.2105329833266296e-7,
        2.2288784862212196e-7
      ],
      "initscale": [
        0.999999,
        0.999999,
        0.999999
      ],
      "offmtx": [
        [
          3.140821434044483e-7,
          0.999999,
          0,
          -25.385229
        ],
        [
          -4.0143780211110425e-7,
          0,
          0.999999,
          -10.339117
        ],
        [
          1,
          -3.1408211498273886e-7,
          4.014377736893948e-7,
          0.000003
        ]
      ],
      "boundingbox": [
        [
          -12.981891,
          -26.478752,
          -11.629475
        ],
        [
          26.657588,
          11.78117,
          12.773818
        ]
      ]
    },
    {
      "name": "bind",
      "parent": "Bone032",
      "initpos": [
        9.398202,
        -8.82114,
        -0.000004
      ],
      "initquaternion": [
        -0.707107,
        0,
        0,
        0.707106
      ],
      "initscale": [
        1,
        1,
        1
      ],
      "offmtx": [
        [
          3.523652480907913e-7,
          0.999999,
          0,
          -34.783424
        ],
        [
          -1,
          3.5236521966908185e-7,
          -1.749440627918375e-7,
          -0.000013
        ],
        [
          -1.749440770026922e-7,
          0,
          0.999999,
          -1.517974
        ]
      ],
      "boundingbox": [
        [
          -0.132364,
          7.859905,
          -6.520859
        ],
        [
          -0.132364,
          7.859905,
          -6.520859
        ]
      ]
    },
    {
      "name": "Bone047",
      "parent": "Bone032",
      "initpos": [
        8.779169,
        -2.367915,
        13.609658
      ],
      "initquaternion": [
        0.707106,
        0.707106,
        2.6415418119540846e-7,
        0
      ],
      "initscale": [
        0.999999,
        0.999999,
        0.999999
      ],
      "offmtx": [
        [
          0,
          0,
          0.999999,
          -7.971205
        ],
        [
          0,
          0.999999,
          0,
          -34.164398
        ],
        [
          -1,
          0,
          0,
          13.609657
        ]
      ],
      "boundingbox": [
        [
          -0.00014,
          -3.514529,
          -0.074665
        ],
        [
          24.666168,
          3.606119,
          0.081295
        ]
      ]
    },
    {
      "name": "Bone046",
      "parent": "Bone032",
      "initpos": [
        6.373548,
        -11.219458,
        -12.253593
      ],
      "initquaternion": [
        1.9109870663669426e-7,
        1.4607610410166671e-7,
        0.707106,
        0.707106
      ],
      "initscale": [
        0.999999,
        0.999999,
        1
      ],
      "offmtx": [
        [
          1.156025035697894e-7,
          0,
          0.999999,
          0.880351
        ],
        [
          0,
          -0.999999,
          0,
          31.758773
        ],
        [
          1,
          0,
          -1.1560249646436205e-7,
          12.253591
        ]
      ],
      "boundingbox": [
        [
          0.000962,
          -1.55451,
          -0.070281
        ],
        [
          8.976984,
          1.545388,
          0.061968
        ]
      ]
    },
    {
      "name": "Bone045",
      "parent": "Bone032",
      "initpos": [
        6.052124,
        -3.050117,
        -12.257399
      ],
      "initquaternion": [
        2.3040459495859977e-7,
        -1.685874053691805e-7,
        0.707106,
        0.707106
      ],
      "initscale": [
        1,
        1,
        1
      ],
      "offmtx": [
        [
          4.827616066904739e-7,
          0,
          0.999999,
          -7.288986
        ],
        [
          4.887617137683264e-7,
          -0.999999,
          0,
          31.437356
        ],
        [
          1,
          4.887616569249076e-7,
          -4.82761549847055e-7,
          12.257385
        ]
      ],
      "boundingbox": [
        [
          -0.074843,
          -3.545775,
          -0.066477
        ],
        [
          14.813779,
          1.932302,
          0.065775
        ]
      ]
    },
    {
      "name": "Bone049",
      "parent": "Bone001",
      "initpos": [
        -5.638438,
        -1.94704,
        0
      ],
      "initquaternion": [
        -0.000286,
        0.999999,
        3.1389487276101136e-7,
        0
      ],
      "initscale": [
        1,
        0.999999,
        0.999999
      ],
      "offmtx": [
        [
          0,
          -0.007691,
          0.99997,
          -13.741529
        ],
        [
          -3.151696148506744e-7,
          -0.99997,
          -0.007691,
          24.551286
        ],
        [
          1,
          -3.150685472519399e-7,
          0,
          0.000007
        ]
      ],
      "boundingbox": [
        [
          -0.000608,
          -2.797408,
          -2.724377
        ],
        [
          3.31454,
          3.220993,
          2.724202
        ]
      ]
    },
    {
      "name": "Bone017",
      "parent": "Bone049",
      "initpos": [
        2.34584,
        0.258747,
        0.000001
      ],
      "initquaternion": [
        0,
        0,
        0.250016,
        0.968241
      ],
      "initscale": [
        0.999999,
        0.999999,
        1
      ],
      "offmtx": [
        [
          0,
          -0.490868,
          0.871233,
          -2.314876
        ],
        [
          0,
          -0.871233,
          -0.490868,
          29.044311
        ],
        [
          1,
          0,
          0,
          -0.000003
        ]
      ],
      "boundingbox": [
        [
          -0.061563,
          -2.24259,
          -2.221643
        ],
        [
          6.622634,
          2.338917,
          2.221478
        ]
      ]
    },
    {
      "name": "Bone018",
      "parent": "Bone017",
      "initpos": [
        5.638375,
        -0.00003,
        0
      ],
      "initquaternion": [
        0,
        0,
        -0.167745,
        0.98583
      ],
      "initscale": [
        0.999998,
        0.999998,
        1
      ],
      "offmtx": [
        [
          0,
          -0.175095,
          0.984551,
          -17.111698
        ],
        [
          0,
          -0.984551,
          -0.175095,
          24.779352
        ],
        [
          1,
          0,
          0,
          -0.000003
        ]
      ],
      "boundingbox": [
        [
          -0.373798,
          -3.44649,
          -2.179666
        ],
        [
          7.899198,
          2.180597,
          2.179423
        ]
      ]
    },
    {
      "name": "Bone019",
      "parent": "Bone018",
      "initpos": [
        6.35235,
        0.000036,
        -0.000002
      ],
      "initquaternion": [
        0,
        0,
        -0.442052,
        0.896989
      ],
      "initscale": [
        0.999999,
        0.999999,
        1
      ],
      "offmtx": [
        [
          0,
          0.674117,
          0.738624,
          -33.944648
        ],
        [
          0,
          -0.738624,
          0.674117,
          -3.512705
        ],
        [
          1,
          0,
          0,
          -9.322985761173186e-7
        ]
      ],
      "boundingbox": [
        [
          -0.409891,
          -3.073678,
          -2.12483
        ],
        [
          5.704469,
          1.776226,
          2.124805
        ]
      ]
    },
    {
      "name": "Bone020",
      "parent": "Bone019",
      "initpos": [
        3.853004,
        -0.000033,
        -0.000001
      ],
      "initquaternion": [
        0,
        0,
        -0.502668,
        0.864479
      ],
      "initscale": [
        0.999999,
        0.999999,
        1
      ],
      "offmtx": [
        [
          0,
          0.975384,
          -0.220511,
          -15.643662
        ],
        [
          0,
          0.220511,
          0.975384,
          -34.587211
        ],
        [
          1,
          0,
          0,
          0.000001
        ]
      ],
      "boundingbox": [
        [
          -0.333943,
          -2.822645,
          -2.09674
        ],
        [
          5.702519,
          1.89421,
          2.096458
        ]
      ]
    },
    {
      "name": "Bone021",
      "parent": "Bone020",
      "initpos": [
        4.407688,
        0.000045,
        0
      ],
      "initquaternion": [
        2.100228613244326e-7,
        -1.128442761455517e-7,
        -0.473303,
        0.880899
      ],
      "initscale": [
        0.999999,
        0.999999,
        1
      ],
      "offmtx": [
        [
          0,
          0.354505,
          -0.935054,
          17.773273
        ],
        [
          4.436438416632882e-7,
          0.935054,
          0.354505,
          -35.811271
        ],
        [
          1,
          -4.270008275852888e-7,
          -1.25174111076376e-7,
          0.000018
        ]
      ],
