{"skeleton":[{"name":"root","parent":"root","initpos":[0.0,0.0,-0.0],"initquaternion":[0.707106,0.0,0.0,0.707106],"initscale":[1.0,0.999999,0.999999],"offmtx":[[1.0,0.0,0.0,0.0],[0.0,1.0,0.0,0.0],[0.0,0.0,1.0,0.0]],"boundingbox":[[0.0,0.0,0.0],[0.0,0.0,0.0]]},{"name":"Bone001","parent":"root","initpos":[-0.070846,-5.364088337955764e-07,-12.197314],"initquaternion":[-0.499999,0.5,0.499999,0.5],"initscale":[1.0,0.999999,0.999999],"offmtx":[[1.1707942348948563e-07,0.999999,0.0,-12.197314],[-1.0,1.1707941638405828e-07,3e-06,-0.070848],[3e-06,-0.0,0.999999,7.701069648646808e-07]],"boundingbox":[[-0.197315,-4.820855,-2.130013],[12.247683,4.679148,2.210021]]},{"name":"Bone007","parent":"Bone001","initpos":[6.020615,-0.062159,2.868989],"initquaternion":[1.0,-0.0,0.0,-7.907536883067223e-07],"initscale":[1.0,0.999999,0.999999],"offmtx":[[0.0,0.999999,0.0,-18.217931],[1.0,-0.0,-4e-06,0.008693],[-4e-06,0.0,-0.999999,2.86899]],"boundingbox":[[0.017062,-2.111325,-0.741014],[5.767065,2.128685,1.278999]]},{"name":"Bone008","parent":"Bone007","initpos":[1.44684,1.679483,-0.1553],"initquaternion":[-6.321722594293533e-07,2e-06,0.924304,0.381655],"initscale":[0.999999,0.999999,1.0],"offmtx":[[0.705531,-0.708678,-7.69155747093464e-07,12.757196],[-0.708678,-0.705531,2.44262508886095e-07,15.058184],[-7.157673849178536e-07,3.727490707206016e-07,-0.999999,3.024277]],"boundingbox":[[-0.024116,-0.538311,-0.535721],[1.178441,0.614355,1.41428]]},{"name":"Bone009","parent":"Bone007","initpos":[1.456193,-1.606904,-0.168711],"initquaternion":[9.612110716261668e-07,1e-06,0.926043,-0.377417],"initscale":[0.999999,0.999999,1.0],"offmtx":[[-0.699009,-0.715112,4.3499903767951764e-07,12.93991],[-0.715112,0.699009,1e-06,-14.90772],[-1e-06,5.484748726303224e-07,-0.999999,3.037698]],"boundingbox":[[0.016263,-0.581571,-0.522291],[1.229282,0.58202,1.427711]]},{"name":"Bone010","parent":"Bone007","initpos":[1.22966,0.0,-1.158472],"initquaternion":[0.0,0.0,0.0,1.0],"initscale":[1.0,1.0,1.0],"offmtx":[[2.18556948539117e-07,0.999999,0.0,-19.447589],[1.0,-2.1855693432826229e-07,-4e-06,0.008696],[-4e-06,0.0,-0.999999,4.027462]],"boundingbox":[[-0.012594,-2.461331,-0.892549],[6.266786,2.478674,1.117465]]},{"name":"Bone011","parent":"Bone010","initpos":[1.463794,-1.928247,-0.056585],"initquaternion":[9.612110716261668e-07,1e-06,0.926043,-0.377417],"initscale":[0.999999,0.999999,1.0],"offmtx":[[-0.699008,-0.715112,3.1278023016056977e-07,13.600074],[-0.715112,0.699008,1e-06,-16.002365],[-1e-06,5.484756115947675e-07,-0.999999,4.084043]],"boundingbox":[[-0.02703,-0.594202,-0.585946],[1.087133,0.668243,0.564055]]},{"name":"Bone012","parent":"Bone010","initpos":[1.492078,1.997111,-0.056603],"initquaternion":[-6.321720320556778e-07,2e-06,0.924304,0.381655],"initscale":[0.999999,0.999999,1.0],"offmtx":[[0.705531,-0.708678,-6.457975132434512e-07,13.436587],[-0.708678,-0.705531,1.203527801862947e-07,16.182769],[-5.409220307228679e-07,3.7274986652846565e-07,-0.999999,4.084051]],"boundingbox":[[-0.037321,-0.601912,-0.585947],[1.065458,0.650531,0.564054]]},{"name":"Bone013","parent":"Bone010","initpos":[1.819229,0.0,-1.081665],"initquaternion":[0.0,0.0,0.0,1.0],"initscale":[1.0,1.0,1.0],"offmtx":[[3.934025016860687e-07,0.999999,0.0,-21.266819],[1.0,-3.934024732643593e-07,-4e-06,0.008699],[-4e-06,0.0,-0.999999,5.109127]],"boundingbox":[[-0.031823,-2.667491,-0.600885],[6.279662,2.684824,0.509137]]},{"name":"Bone014","parent":"Bone013","initpos":[1.529447,-2.225695,0.017837],"initquaternion":[8.712279964129266e-07,1e-06,0.926043,-0.377417],"initscale":[0.999999,0.999999,1.0],"offmtx":[[-0.699008,-0.715112,1.9056099631598045e-07,14.740066],[-0.715113,0.699008,5.027626457376755e-07,-17.532617],[-4.927359782413987e-07,2.1516292747492116e-07,-0.999999,5.091294]],"boundingbox":[[-0.051975,-0.711269,-0.563702],[1.163892,0.702306,0.486299]]},{"name":"Bone015","parent":"Bone013","initpos":[1.513225,2.244443,0.017816],"initquaternion":[-8.525434509465413e-07,2e-06,0.924304,0.381655],"initscale":[0.999999,0.999999,1.0],"offmtx":[[0.705531,-0.708678,-0.0,14.566309],[-0.708678,-0.705531,-0.0,17.656496],[-0.0,0.0,-0.999999,5.091299]],"boundingbox":[[-0.058155,-0.702198,-0.563704],[1.144957,0.700467,0.486296]]},{"name":"Bone016","parent":"Bone001","initpos":[7.835785,-0.085466,-2.878189],"initquaternion":[0.0,0.0,0.0,1.0],"initscale":[1.0,1.0,1.0],"offmtx":[[0.0,0.999999,0.0,-20.0331],[-1.0,0.0,0.0,0.014607],[0.0,-0.0,0.999999,2.878189]],"boundingbox":[[-0.198104,-0.905393,-0.511808],[2.7019,0.944608,1.288193]]},{"name":"Bone017","parent":"Bone016","initpos":[1.064701,1.648196,0.09774],"initquaternion":[-0.0,-0.0,0.49027,0.87157],"initscale":[1.0,1.0,1.0],"offmtx":[[-0.85461,0.519269,0.0,-12.351522],[-0.519269,-0.85461,-1.3564113032771274e-07,17.182132],[-0.0,-1.494241814725683e-07,0.999999,2.780451]],"boundingbox":[[-0.042148,-1.831852,-0.619549],[2.866259,1.508589,0.780452]]},{"name":"Bone018","parent":"Bone016","initpos":[0.957742,-1.640812,0.097739],"initquaternion":[-0.0,0.0,-0.500345,0.865825],"initscale":[0.999999,0.999999,1.0],"offmtx":[[0.866423,0.499309,-0.0,-11.915216],[-0.499309,0.866423,-1.6292071336465597e-07,-17.360403],[-0.0,1.738200552381386e-07,0.999999,2.780445]],"boundingbox":[[0.008149,-1.340618,-0.619547],[2.860637,1.980139,0.780455]]},{"name":"Bone019","parent":"Bone016","initpos":[-0.199956,0.001974,0.127983],"initquaternion":[-0.0,-1.6292069915380125e-07,1.0,-3.139165301035973e-07],"initscale":[0.999999,0.999999,1.0],"offmtx":[[4.107503457362327e-07,-0.999999,0.0,19.833143],[1.0,4.1075031731452327e-07,-4.013394061530562e-07,-0.012644],[4.013394345747656e-07,0.0,0.999999,2.750205]],"boundingbox":[[2.048144,-0.942634,-0.639792],[2.048147,0.907366,1.160209]]},{"name":"Bone020","parent":"Bone016","initpos":[0.0,1e-06,-0.943481],"initquaternion":[0.0,0.0,0.0,1.0],"initscale":[1.0,1.0,1.0],"offmtx":[[0.0,0.999999,0.0,-20.0331],[-1.0,0.0,0.0,0.014607],[0.0,-0.0,0.999999,3.82167]],"boundingbox":[[-0.1981,-0.905391,-0.468325],[2.7019,0.944608,-0.468324]]},{"name":"Bone021","parent":"Bone020","initpos":[-0.006923,-1.827486,-0.10835],"initquaternion":[0.0,0.0,0.0,1.0],"initscale":[1.0,1.0,1.0],"offmtx":[[0.0,0.999999,0.0,-20.026174],[-1.0,0.0,3e-06,1.842108],[3e-06,-0.0,0.999999,3.930014]],"boundingbox":[[0.018827,-0.367908,-0.419975],[2.068827,0.332095,0.380028]]},{"name":"Bone022","parent":"Bone021","initpos":[0.811681,0.213595,0.177579],"initquaternion":[-1e-06,-9.180611755255086e-07,-0.505995,0.862536],"initscale":[0.999999,0.999999,1.0],"offmtx":[[0.872878,0.487937,-0.0,-11.589053],[-0.487937,0.872878,-1.6292044335841638e-07,-17.394311],[-0.0,1.7041655553384771e-07,0.999999,3.752437]],"boundingbox":[[-0.003066,-0.902892,-0.547554],[2.920931,0.93439,0.352447]]},{"name":"Bone023","parent":"Bone022","initpos":[2.944819,-3e-06,-0.0],"initquaternion":[0.0,0.0,0.011053,0.999938],"initscale":[0.999999,0.999999,1.0],"offmtx":[[0.861879,0.507113,-0.0,-14.914837],[-0.507113,0.861879,-1.616027702766587e-07,-17.068777],[-0.0,1.6859043228123483e-07,0.999999,3.752437]],"boundingbox":[[-0.039375,-0.527175,-0.447552],[1.820855,0.730602,0.352448]]},{"name":"Bone024","parent":"Bone020","initpos":[-0.006925,1.858068,-0.108335],"initquaternion":[0.0,0.0,0.0,1.0],"initscale":[1.0,1.0,1.0],"offmtx":[[0.0,0.999999,0.0,-20.026174],[-1.0,0.0,3e-06,-1.843446],[3e-06,-0.0,0.999999,3.930012]],"boundingbox":[[0.018823,-0.333463,-0.419993],[2.068825,0.36654,0.38001]]},{"name":"Bone025","parent":"Bone024","initpos":[0.799278,-0.124224,0.123928],"initquaternion":[-2e-06,4.8145597020266e-07,0.499332,0.86641],"initscale":[1.0,1.0,1.0],"offmtx":[[-0.865253,0.501334,0.0,-11.928084],[-0.501334,-0.865253,-6.087434485380072e-07,17.157386],[-2.808305055168603e-07,-5.408281253949099e-07,0.999999,3.80609]],"boundingbox":[[-0.064308,-0.953101,-0.493915],[2.838154,0.850287,0.406087]]},{"name":"Bone026","parent":"Bone025","initpos":[2.866523,3e-06,1e-06],"initquaternion":[2.3841538165925158e-07,0.0,0.005264,0.999986],"initscale":[1.0,1.0,1.0],"offmtx":[[-0.870484,0.492196,1.5552257082163123e-07,-14.613142],[-0.492196,-0.870484,-1.3216892114087386e-07,17.312206],[0.0,-1.9159860187301092e-07,0.999999,3.806084]],"boundingbox":[[-0.032837,-0.764924,-0.393913],[1.824909,0.501656,0.406087]]},{"name":"Bone027","parent":"Bone020","initpos":[0.540742,0.026077,-0.751596],"initquaternion":[0.0,0.0,0.0,1.0],"initscale":[1.0,1.0,1.0],"offmtx":[[0.0,0.999999,0.0,-20.573843],[-1.0,0.0,-4e-06,-0.011491],[-4e-06,0.0,0.999999,4.573266]],"boundingbox":[[-0.038842,-0.741471,-0.236732],[2.611156,0.718531,0.283274]]},{"name":"Bone028","parent":"Bone027","initpos":[-0.298574,-0.753778,0.131557],"initquaternion":[1e-06,1e-06,-0.707106,0.707106],"initscale":[1.0,1.0,1.0],"offmtx":[[1.0,-1.1920928244535389e-07,0.0,-0.742306],[1.1920928955078125e-07,0.999999,-0.0,-20.275268],[-0.0,0.0,0.999999,4.441704]],"boundingbox":[[-0.012307,-0.240268,-0.168292],[1.287692,0.259731,0.131709]]},{"name":"Bone029","parent":"Bone027","initpos":[-0.47158,-0.009896,0.087418],"initquaternion":[0.0,0.0,0.0,1.0],"initscale":[1.0,1.0,1.0],"offmtx":[[1.6292068494294654e-07,0.999999,0.0,-20.102262],[-1.0,1.6292067073209182e-07,-0.0,-0.001576],[-0.0,0.0,0.999999,4.485848]],"boundingbox":[[-0.067262,-0.721574,-0.124147],[0.432737,0.128425,0.175852]]},{"name":"Bone030","parent":"Bone027","initpos":[-0.303844,0.738785,0.131565],"initquaternion":[1e-06,-1e-06,0.707106,0.707106],"initscale":[0.999999,0.999999,1.0],"offmtx":[[-1.0,-0.0,3.258419383200817e-07,-0.750252],[0.0,-0.999999,-1.7484538261669513e-07,20.27],[3.258419667417911e-07,-1.748453541949857e-07,0.999999,4.441708]],"boundingbox":[[-0.020256,-0.265,-0.168293],[1.279743,0.235002,0.131708]]},{"name":"Bone032","parent":"Bone027","initpos":[1.019367,0.727155,0.110899],"initquaternion":[1e-06,-1e-06,0.707106,0.707107],"initscale":[1.0,1.0,1.0],"offmtx":[[-1.0,2.5162074734907947e-07,3.258410288253799e-07,-0.73863],[-2.516208041924983e-07,-0.999999,-1.7484829584191175e-07,21.59321],[3.2584097198196105e-07,-1.7484839531789476e-07,0.999999,4.462376]],"boundingbox":[[-2.768628,-1.74179,-0.147623],[1.291371,1.05821,0.152379]]},{"name":"Bone033","parent":"Bone020","initpos":[-0.00159,0.064961,-0.061239],"initquaternion":[0.0,-2e-06,1.0,-0.0],"initscale":[0.999999,0.999999,1.0],"offmtx":[[0.0,-0.999999,0.0,20.031509],[1.0,0.0,-4e-06,0.050333],[4e-06,0.0,0.999999,3.88291]],"boundingbox":[[-0.00349,-1.959645,-0.507097],[1.49651,2.040359,0.492924]]},{"name":"Bone034","parent":"Bone033","initpos":[1.455369,2e-06,-1e-06],"initquaternion":[0.0,0.0,0.0,1.0],"initscale":[1.0,1.0,1.0],"offmtx":[[0.0,-0.999999,0.0,18.576139],[1.0,0.0,-0.0,0.050349],[0.0,0.0,0.999999,3.88291]],"boundingbox":[[0.041139,-1.959645,-0.507089],[1.641139,2.040354,0.492911]]},{"name":"Bone035","parent":"Bone020","initpos":[-0.606372,0.637572,0.916076],"initquaternion":[0.0,-1.5032698286177038e-07,0.707106,0.707106],"initscale":[0.999999,0.999999,1.0],"offmtx":[[-1.0,0.0,3.2584136988589307e-07,-0.622966],[-0.0,-0.999999,-1.7484484260421596e-07,19.426725],[3.2584134146418364e-07,-1.7484487102592539e-07,0.999999,2.905597]],"boundingbox":[[0.082921,-1.414693,-0.504404],[1.387032,1.941727,0.915596]]},{"name":"Bone036","parent":"Bone035","initpos":[0.354708,-0.628213,-0.700496],"initquaternion":[0.0,0.0,0.0,1.0],"initscale":[1.0,1.0,1.0],"offmtx":[[-1.0,2.6226831550957286e-07,3.2584136988589307e-07,-0.977678],[-2.6226845761812e-07,-0.999999,-3.4969036732945824e-07,20.054937],[3.258413130424742e-07,-3.496904241728771e-07,0.999999,3.606097]],"boundingbox":[[-0.021786,-0.486483,-0.413908],[1.528213,0.493518,0.486093]]},{"name":"Bone037","parent":"Bone035","initpos":[1.765568,0.610456,-0.61685],"initquaternion":[-0.0,-0.0,0.49924,0.866463],"initscale":[1.0,1.0,1.0],"offmtx":[[-0.501518,-0.865146,1.4203695286596485e-07,15.080945],[0.865146,-0.501518,-5.444340445137641e-07,11.503137],[5.42249665613781e-07,-1.5016091481356852e-07,0.999999,3.522447]],"boundingbox":[[-0.009477,-1.061969,-0.507555],[1.524205,1.040711,1.592445]]},{"name":"Bone038","parent":"Bone035","initpos":[1.489957,1.454973,-0.538497],"initquaternion":[-7.586430683659273e-07,7.586432957396028e-07,-0.707106,0.707106],"initscale":[1.0,1.0,1.0],"offmtx":[[1.9470718370939721e-07,0.999999,0.0,-17.97175],[-1.0,1.947071694985425e-07,-1e-06,-2.112931],[-1e-06,0.0,0.999999,3.444087]],"boundingbox":[[0.02967,-0.457033,-0.565907],[2.86967,0.492967,0.334096]]},{"name":"Bone039","parent":"Bone035","initpos":[2.435936,1.062318,-0.552292],"initquaternion":[-1e-06,1e-06,-0.707106,0.707106],"initscale":[1.0,1.0,1.0],"offmtx":[[0.0,0.999999,0.0,-18.364404],[-1.0,0.0,-2e-06,-3.05891],[-2e-06,0.0,0.999999,3.457877]],"boundingbox":[[0.037016,-0.453011,-0.73211],[1.997017,1.596992,0.34789]]},{"name":"Bone040","parent":"Bone035","initpos":[2.403698,0.887958,-0.084152],"initquaternion":[-7.586430683659273e-07,7.586432957396028e-07,-0.707106,0.707106],"initscale":[1.0,1.0,1.0],"offmtx":[[1.9470718370939721e-07,0.999999,0.0,-18.538766],[-1.0,1.947071694985425e-07,-1e-06,-3.026672],[-1e-06,0.0,0.999999,2.98974]],"boundingbox":[[0.842652,-0.420776,-0.320251],[2.802652,0.529225,0.379751]]},{"name":"Bone041","parent":"Bone035","initpos":[3.16164,1.391788,0.493349],"initquaternion":[-2.3040459495859977e-07,2.3040455232603563e-07,-0.707106,0.707106],"initscale":[1.0,1.0,1.0],"offmtx":[[0.0,0.999999,0.0,-18.034936],[-1.0,0.0,-3.377662096681888e-07,-3.784605],[-3.3776623808989825e-07,0.0,0.999999,2.41224]],"boundingbox":[[-0.013517,-0.228715,-0.977759],[3.406482,0.271285,0.422241]]},{"name":"Bone042","parent":"Bone020","initpos":[-0.634071,-0.647545,0.903945],"initquaternion":[-0.0,-0.0,-0.707106,0.707106],"initscale":[1.0,1.0,1.0],"offmtx":[[0.999999,-2.3841850804728892e-07,0.0,-0.662149],[2.3841852225814364e-07,0.999999,-0.0,-19.399021],[0.0,0.0,0.999999,2.917723]],"boundingbox":[[0.043737,-1.914023,-0.492272],[1.347847,1.442396,0.927727]]},{"name":"Bone043","parent":"Bone042","initpos":[0.305986,0.650112,-0.675659],"initquaternion":[0.0,0.0,0.0,1.0],"initscale":[1.0,1.0,1.0],"offmtx":[[1.0,-2.3748725652694702e-07,0.0,-0.968135],[2.3748727073780174e-07,0.999999,-0.0,-20.04914],[0.0,0.0,0.999999,3.593382]],"boundingbox":[[-0.012248,-0.487719,-0.426612],[1.537752,0.49228,0.473388]]},{"name":"Bone044","parent":"Bone042","initpos":[1.71052,-0.590511,-0.604717],"initquaternion":[-0.0,0.0,-0.494126,0.86939],"initscale":[0.999999,0.999999,1.0],"offmtx":[[0.511677,-0.859177,0.0,14.945806],[0.859177,0.511677,-0.0,-11.66245],[0.0,0.0,0.999999,3.522441]],"boundingbox":[[-0.020251,-1.040958,-0.507554],[1.538036,1.079563,1.592446]]},{"name":"Bone045","parent":"Bone042","initpos":[2.422052,-0.86026,-0.072021],"initquaternion":[-6.743495077898842e-07,-7.361666121141752e-07,0.707106,0.707106],"initscale":[1.0,1.0,1.0],"offmtx":[[1.9470718370939721e-07,0.999999,0.0,-18.538766],[-1.0,1.947071694985425e-07,-1e-06,3.084198],[-1e-06,0.0,0.999999,2.989751]],"boundingbox":[[0.842653,-0.471683,-0.32025],[2.802653,0.478317,0.379752]]},{"name":"Bone046","parent":"Bone042","initpos":[1.474828,-1.427276,-0.526367],"initquaternion":[-6.743495077898842e-07,-7.361666121141752e-07,0.707106,0.707106],"initscale":[1.0,1.0,1.0],"offmtx":[[1.9470718370939721e-07,0.999999,0.0,-17.97175],[-1.0,1.947071694985425e-07,-1e-06,2.136972],[-1e-06,0.0,0.999999,3.444095]],"boundingbox":[[0.029667,-0.468909,-0.565905],[2.869669,0.481091,0.334096]]},{"name":"Bone047","parent":"Bone042","initpos":[3.19993,-1.364088,0.505483],"initquaternion":[0.0,-0.0,0.707106,0.707106],"initscale":[1.0,1.0,1.0],"offmtx":[[0.0,0.999999,0.0,-18.034936],[-1.0,0.0,-3.377662096681888e-07,3.862083],[-3.3776623808989825e-07,0.0,0.999999,2.412242]],"boundingbox":[[-0.013513,-0.193807,-0.977753],[3.406486,0.306194,0.422247]]},{"name":"Bone048","parent":"Bone042","initpos":[2.410415,-1.034622,-0.540161],"initquaternion":[-1e-06,-1e-06,0.707106,0.707106],"initscale":[1.0,1.0,1.0],"offmtx":[[0.0,0.999999,0.0,-18.364404],[-1.0,0.0,-2e-06,3.072559],[-2e-06,0.0,0.999999,3.457894]],"boundingbox":[[0.037016,-1.583322,-0.732114],[1.997015,0.466679,0.347891]]},{"name":"Bone049","parent":"Bone020","initpos":[0.633806,2.567513,0.14163],"initquaternion":[0.0,-1.4892427202539693e-07,0.707106,0.707107],"initscale":[1.0,1.0,1.0],"offmtx":[[-1.0,0.0,3.2584134146418364e-07,-2.552903],[-0.0,-0.999999,-0.0,20.666906],[3.2584136988589307e-07,-0.0,0.999999,3.680043]],"boundingbox":[[-0.047017,-0.774513,-0.509953],[2.502984,0.385486,1.160047]]},{"name":"Bone050","parent":"Bone020","initpos":[0.678617,-2.533665,0.064832],"initquaternion":[-0.0,0.0,-0.707106,0.707106],"initscale":[1.0,1.0,1.0],"offmtx":[[1.0,-0.0,0.0,-2.548274],[0.0,0.999999,-1.6292067073209182e-07,-20.711719],[0.0,1.6292067073209182e-07,0.999999,3.756834]],"boundingbox":[[-0.042382,-0.4303,-0.433157],[2.507617,0.729704,1.236844]]},{"name":"Bone002","parent":"Bone001","initpos":[12.237229,-6.226037,1.9e-05],"initquaternion":[-0.0,1e-06,1.0,3.1391655852530675e-07],"initscale":[0.999999,0.999999,1.0],"offmtx":[[6.232402256500791e-07,-0.999999,0.0,24.434539],[1.0,6.232401688066602e-07,-8.220886229537427e-07,-6.155206],[8.220884524234862e-07,0.0,0.999999,-8e-06]],"boundingbox":[[-0.010453,-2.555198,-2.4],[12.434546,2.244808,2.400004]]},{"name":"Bone003","parent":"Bone001","initpos":[12.237231,6.111799,-2e-05],"initquaternion":[-0.0,1e-06,1.0,3.1391655852530675e-07],"initscale":[0.999999,0.999999,1.0],"offmtx":[[6.233902922758716e-07,-0.999999,0.0,24.434549],[1.0,6.233902354324528e-07,-8.220667382374813e-07,6.182631],[8.220666245506436e-07,0.0,0.999999,3e-06]],"boundingbox":[[-0.010451,-2.21736,-2.400002],[12.434549,2.582646,2.400002]]},{"name":"Bone005","parent":"Bone001","initpos":[-0.005174,-2.049861,6e-06],"initquaternion":[0.0,1e-06,1.0,1.9470709844426892e-07],"initscale":[0.999999,0.999999,1.0],"offmtx":[[3.46702336173621e-07,-0.999999,0.0,12.192139],[1.0,3.467023077519116e-07,-9.095134601011523e-07,-1.979019],[9.095134032577334e-07,0.0,0.999999,-1e-06]],"boundingbox":[[-0.867097,-1.979026,-2.119996],[12.182143,3.341103,2.120004]]},{"name":"Bone004","parent":"Bone001","initpos":[-0.005173,1.998801,-6e-06],"initquaternion":[0.0,1e-06,1.0,1.9470709844426892e-07],"initscale":[0.999999,0.999999,1.0],"offmtx":[[3.467025067038776e-07,-0.999999,0.0,12.192142],[1.0,3.4670247828216816e-07,-9.095134601011523e-07,2.069644],[9.095134032577334e-07,0.0,0.999999,2e-06]],"boundingbox":[[-0.867099,-3.250472,-2.120002],[12.182144,2.06965,2.119998]]},{"name":"Bone006","parent":"Bone001","initpos":[11.908757,-0.135255,3.259624463680666e-07],"initquaternion":[-1e-06,0.0,-0.005678,0.999983],"initscale":[0.999999,0.999999,1.0],"offmtx":[[0.011356,0.999935,2.7847673322867195e-07,-24.105247],[-0.999935,0.011356,-6.924913691364054e-07,-0.209357],[-6.956092875043396e-07,-2.705944268655003e-07,0.999999,3e-06]],"boundingbox":[[-0.146948,-5.023654,-4.685529],[13.004279,5.292911,6.269951]]}],"boundingbox":[[-8.400001,0.009998,-4.809999],[8.4,37.099994,6.269951]]}