{"skeleton":[{"name":"root","parent":"root","initpos":[0.0,0.0,-0.0],"initquaternion":[0.707106,0.0,0.0,0.707106],"initscale":[1.0,0.999999,0.999999],"offmtx":[[1.0,0.0,0.0,0.0],[0.0,1.0,0.0,0.0],[0.0,0.0,1.0,0.0]],"boundingbox":[[0.0,0.0,0.0],[0.0,0.0,0.0]]},{"name":"Bone006","parent":"root","initpos":[0.0,0.0,-0.0],"initquaternion":[0.5,-0.499999,-0.5,-0.499999],"initscale":[1.0,1.0,1.0],"offmtx":[[1.0,0.0,0.0,0.0],[0.0,1.0,0.0,0.0],[0.0,0.0,1.0,0.0]],"boundingbox":[[0.0,0.0,0.0],[0.0,0.0,0.0]]},{"name":"head2_001","parent":"Bone006","initpos":[4.699404,-2.206654,-3.439138],"initquaternion":[0.755037,0.001547,-0.230111,0.613974],"initscale":[0.999999,0.999999,0.999999],"offmtx":[[0.280228,0.894092,-0.349386,-6.021657],[0.246065,0.284902,0.926435,1.304286],[0.927859,-0.345585,-0.140167,-0.905475]],"boundingbox":[[-0.884351,-2.030597,-1.500079],[4.407173,1.431337,1.429622]]},{"name":"head2_005","parent":"head2_001","initpos":[3.25653,-0.21912,1e-06],"initquaternion":[-0.00656,0.015317,0.393644,0.919111],"initscale":[1.0,1.0,0.999999],"offmtx":[[0.340337,0.834198,0.433916,-5.266194],[-0.033045,-0.450568,0.89213,7.766778],[0.939722,-0.317964,-0.125778,-1.08156]],"boundingbox":[[-0.108201,-2.23247,-1.471876],[3.615337,1.200987,1.363351]]},{"name":"head2_006","parent":"head2_005","initpos":[2.129446,-0.326793,0.127428],"initquaternion":[0.113253,0.109151,0.321863,0.933629],"initscale":[0.999999,1.0,1.0],"offmtx":[[0.118015,0.401173,0.908367,-0.464465],[0.043274,-0.915969,0.398908,10.130358],[0.992068,-0.007768,-0.125459,-4.338573]],"boundingbox":[[-0.064328,-0.805919,-1.062683],[4.825518,0.851803,0.887666]]},{"name":"head2_007","parent":"head2_006","initpos":[4.734717,-9.5367431640625e-07,9.5367431640625e-07],"initquaternion":[0.023445,0.080982,-0.277111,0.957131],"initscale":[0.999999,0.999999,0.999999],"offmtx":[[-0.091131,0.818015,0.567932,-8.938868],[0.099631,-0.559954,0.82251,5.785664],[0.990842,0.13154,-0.03047,-5.924663]],"boundingbox":[[-0.514202,-0.557074,-0.904126],[2.968344,0.809331,0.589675]]},{"name":"head2_002","parent":"Bone006","initpos":[3.943032,-4.240523,-2.548678],"initquaternion":[0.637304,-0.322141,0.043543,0.698693],"initscale":[1.0,0.999999,0.999999],"offmtx":[[0.349756,0.788658,0.505657,-3.304095],[-0.183894,-0.471451,0.862505,4.837007],[0.918614,-0.394654,-0.019862,-2.389895]],"boundingbox":[[0.040608,-0.479415,-0.434799],[2.962786,0.42627,0.446155]]},{"name":"head2_012","parent":"head2_002","initpos":[2.814442,0.419795,0.09129],"initquaternion":[0.008326,-0.008796,-0.169269,0.985495],"initscale":[0.999999,1.0,0.999999],"offmtx":[[0.404375,0.894971,0.18843,-7.27735],[-0.038881,-0.189018,0.981203,2.074937],[0.913766,-0.404101,-0.041636,-2.416476]],"boundingbox":[[0.012389,-0.82048,-0.490019],[2.928208,0.760152,0.443846]]},{"name":"head2_013","parent":"head2_012","initpos":[1.084474,1.305589,0.288219],"initquaternion":[-0.025936,-0.002922,0.003636,0.999652],"initscale":[1.0,1.0,0.999999],"offmtx":[[0.409236,0.891244,0.195469,-8.371045],[-0.08911,-0.174166,0.980676,0.968126],[0.908066,-0.418747,0.008143,-2.610692]],"boundingbox":[[-0.065906,-1.49624,-0.392054],[2.873683,1.438269,0.803262]]},{"name":"head2_014","parent":"head2_013","initpos":[2.781693,0.602317,0.484264],"initquaternion":[-0.005698,0.008523,-0.004887,0.999935],"initscale":[0.999999,0.999999,0.999999],"offmtx":[[0.394608,0.899906,0.185612,-11.101612],[-0.095564,-0.160714,0.982363,0.293372],[0.913866,-0.405387,0.022579,-3.280899]],"boundingbox":[[-0.031322,-0.750711,-0.470207],[2.206369,1.489316,0.450165]]},{"name":"head2_015","parent":"head2_014","initpos":[1.52548,1.368505,0.036812],"initquaternion":[0.971095,0.218892,0.081799,0.048662],"initscale":[0.999999,0.999999,0.999999],"offmtx":[[0.435841,0.676255,0.593902,-12.170116],[0.369671,0.467135,-0.803197,-4.733016],[-0.8206,0.569616,-0.046395,1.045644]],"boundingbox":[[0.041364,-0.787882,-0.254421],[4.340336,0.777354,0.349037]]},{"name":"head2_003","parent":"Bone006","initpos":[3.943032,4.207762,-2.548676],"initquaternion":[-0.637304,-0.322141,-0.043543,0.698693],"initscale":[1.0,0.999999,0.999999],"offmtx":[[-0.349756,0.788658,0.505657,-3.292635],[-0.183894,0.471451,-0.862505,-4.830983],[-0.918614,-0.394654,-0.019863,-2.3598]],"boundingbox":[[0.052065,-0.420244,-0.404703],[2.974245,0.485441,0.476251]]},{"name":"head2_016","parent":"head2_003","initpos":[2.814445,-0.419795,0.09129],"initquaternion":[-0.008326,-0.008796,0.169269,0.985495],"initscale":[0.999999,1.0,0.999999],"offmtx":[[-0.404376,0.894971,0.18843,-7.26411],[-0.038881,0.189018,-0.981203,-2.073663],[-0.913766,-0.404101,-0.041636,-2.386538]],"boundingbox":[[0.025633,-0.758877,-0.460083],[2.941453,0.821755,0.473782]]},{"name":"head2_017","parent":"head2_016","initpos":[1.084471,-1.30559,0.288221],"initquaternion":[0.025936,-0.002922,-0.003636,0.999652],"initscale":[0.999999,1.0,0.999999],"offmtx":[[-0.409236,0.891244,0.195469,-8.357639],[-0.08911,0.174166,-0.980675,-0.965207],[-0.908066,-0.418746,0.008144,-2.580946]],"boundingbox":[[-0.052499,-1.435347,-0.362304],[2.887092,1.499161,0.83301]]},{"name":"head2_018","parent":"head2_017","initpos":[2.781696,-0.602316,0.484265],"initquaternion":[0.005698,0.008523,0.004887,0.999935],"initscale":[0.999999,0.999999,0.999999],"offmtx":[[-0.394608,0.899906,0.185612,-11.088688],[-0.095565,0.160714,-0.982363,-0.290244],[-0.913866,-0.405387,0.02258,-3.250962]],"boundingbox":[[-0.018394,-1.486185,-0.44027],[2.219299,0.753843,0.480103]]},{"name":"head2_019","parent":"head2_018","initpos":[1.525474,-1.368505,0.036813],"initquaternion":[0.971095,-0.218892,0.081799,-0.048662],"initscale":[0.999999,0.999999,0.999999],"offmtx":[[-0.435841,0.676255,0.593902,-12.155838],[0.369671,-0.467135,0.803197,4.720904],[0.8206,0.569615,-0.046395,1.018767]],"boundingbox":[[0.055643,-0.789465,-0.2813],[4.354615,0.77577,0.322159]]},{"name":"head2_004","parent":"Bone006","initpos":[4.699407,2.124978,-3.439136],"initquaternion":[-0.755037,0.001547,0.230111,0.613974],"initscale":[0.999999,1.0,0.999999],"offmtx":[[-0.280228,0.894092,-0.349386,-5.998771],[0.246065,-0.284902,-0.926435,-1.32438],[-0.927859,-0.345585,-0.140167,-0.829691]],"boundingbox":[[-0.861463,-1.451433,-1.424296],[4.430062,2.010501,1.505404]]},{"name":"head2_020","parent":"head2_004","initpos":[3.256533,0.21912,2e-06],"initquaternion":[0.00656,0.015317,-0.393644,0.919111],"initscale":[0.999999,1.0,0.999999],"offmtx":[[-0.340337,0.834198,0.433916,-5.238396],[-0.033045,0.450568,-0.89213,-7.764081],[-0.939722,-0.317964,-0.125778,-1.00481]],"boundingbox":[[-0.080407,-1.198291,-1.395123],[3.643129,2.235168,1.440102]]},{"name":"head2_021","parent":"head2_020","initpos":[2.129446,0.326792,0.127427],"initquaternion":[-0.113253,0.109151,-0.321863,0.933629],"initscale":[0.999999,0.999999,1.0],"offmtx":[[-0.118015,0.401173,0.908367,-0.454826],[0.043274,0.915969,-0.398908,-10.133893],[-0.992068,-0.007768,-0.125459,-4.257546]],"boundingbox":[[-0.054691,-0.855338,-0.981655],[4.835154,0.802382,0.968694]]},{"name":"head2_022","parent":"head2_021","initpos":[4.734715,2e-06,1e-06],"initquaternion":[-0.023446,0.080982,0.277111,0.957131],"initscale":[0.999999,0.999999,0.999999],"offmtx":[[0.091131,0.818014,0.567932,-8.946309],[0.099632,0.559954,-0.82251,-5.793806],[-0.990842,0.13154,-0.030471,-5.843736]],"boundingbox":[[-0.521649,-0.81747,-0.823201],[2.960897,0.548935,0.670599]]}],"boundingbox":[[-10.253486,3.410787,-6.458484],[10.253486,14.053426,6.116149]]}