{"skeleton":[{"name":"root","parent":"root","initpos":[0.0,0.0,-0.0],"initquaternion":[0.707106,0.0,0.0,0.707106],"initscale":[1.0,0.999999,0.999999],"offmtx":[[1.0,0.0,0.0,0.0],[0.0,1.0,0.0,0.0],[0.0,0.0,1.0,0.0]],"boundingbox":[[0.0,0.0,0.0],[0.0,0.0,0.0]]},{"name":"body","parent":"root","initpos":[0.0,0.0,-0.0],"initquaternion":[-0.499999,0.5,0.499999,0.5],"initscale":[1.0,0.999999,0.999999],"offmtx":[[1.0,0.0,0.0,0.0],[0.0,1.0,0.0,0.0],[0.0,0.0,1.0,0.0]],"boundingbox":[[0.0,0.0,0.0],[0.0,0.0,0.0]]},{"name":"qunbai003","parent":"body","initpos":[-0.036949,0.023778,1.908118],"initquaternion":[0.041991,0.705859,0.705857,-0.041991],"initscale":[0.999999,0.999999,0.999999],"offmtx":[[-0.0,-0.992946,0.11856,11.602284],[0.0,0.11856,0.992946,-3.586771],[-1.0,0.0,0.0,-5.700328529201215e-07]],"boundingbox":[[-0.06343,-0.217238,-4.334595],[3.238745,0.022546,4.5346]]},{"name":"qunbai004","parent":"qunbai003","initpos":[3.135495,2.384185791015625e-07,-3.5390257835388184e-07],"initquaternion":[0.0,0.0,0.006019,0.999981],"initscale":[1.0,1.0,1.0],"offmtx":[[-0.0,-0.991447,0.130506,8.422991],[0.0,0.130506,0.991447,-3.688444],[-1.0,0.0,0.0,-2.1547757000917045e-07]],"boundingbox":[[0.075732,-0.178673,-4.569814],[2.501105,0.034053,4.769818]]},{"name":"qunbai005","parent":"qunbai004","initpos":[2.492433,3.5762786865234375e-07,-2.8312206268310547e-07],"initquaternion":[0.0,0.0,-0.012026,0.999927],"initscale":[1.0,1.0,1.0],"offmtx":[[-0.0,-0.994299,0.106623,6.017552],[0.0,0.106623,0.994299,-3.544741],[-1.0,0.0,0.0,0.0]],"boundingbox":[[-0.012395,-0.178366,-5.086567],[3.407055,0.118733,5.286572]]},{"name":"qunbai006","parent":"qunbai005","initpos":[3.196004,-1e-06,0.293746],"initquaternion":[0.0,-0.0,0.194629,0.980876],"initscale":[0.999999,0.999999,1.0],"offmtx":[[-1.5287393750895717e-07,-0.878258,0.478184,1.254344],[0.0,0.478184,0.878258,-4.353497],[-1.0,1.7413492514606332e-07,0.0,-0.293746]],"boundingbox":[[0.026877,-0.238857,-2.393745],[1.241294,0.086851,2.406254]]},{"name":"qunbai007","parent":"qunbai006","initpos":[1.133362,0.0,0.0],"initquaternion":[0.0,-0.0,0.451829,0.892104],"initscale":[0.999999,0.999999,1.0],"offmtx":[[-0.0,-0.134173,0.990957,-3.438019],[1.7868914881091769e-07,0.990957,0.134173,-2.673497],[-1.0,1.8365321352575847e-07,-0.0,-0.293746]],"boundingbox":[[-0.123821,-0.187345,-2.403745],[1.683623,0.097564,2.416254]]},{"name":"qunbai008","parent":"qunbai007","initpos":[1.67483,9.5367431640625e-07,0.0],"initquaternion":[-0.0,-0.0,-0.173071,0.984909],"initscale":[0.999999,0.999999,1.0],"offmtx":[[-1.9474205714686832e-07,-0.463972,0.885849,-3.895106],[1.774099729345835e-07,0.885849,0.463972,-4.256403],[-1.0,2.475135545410012e-07,-0.0,-0.293746]],"boundingbox":[[-0.033889,-0.108516,-2.393745],[3.066601,0.09926,2.406254]]},{"name":"qunbai009","parent":"qunbai005","initpos":[2.850003,0.056327,3.893798],"initquaternion":[0.964616,0.191713,0.178526,-0.02983],"initscale":[0.999999,1.0,0.999999],"offmtx":[[-0.355857,-0.81953,0.44915,0.053626],[-0.010902,-0.476937,-0.878869,4.49279],[0.934476,-0.317648,0.160786,4.23966]],"boundingbox":[[-0.082365,-0.030785,-1.180654],[1.722095,0.190535,1.497225]]},{"name":"qunbai010","parent":"qunbai009","initpos":[1.55191,-1e-06,2.384185791015625e-07],"initquaternion":[-2.78920623486556e-07,-2.3460914633233187e-07,-0.15775,0.987479],"initscale":[0.999999,0.999999,1.0],"offmtx":[[-0.334748,-0.630151,0.700608,-2.823441],[-0.121227,-0.708525,-0.695194,3.80239],[0.934477,-0.317648,0.160785,4.239664]],"boundingbox":[[0.070002,-0.02757,-1.178557],[2.574832,0.211777,1.177165]]},{"name":"qunbai011","parent":"qunbai005","initpos":[2.941151,0.090819,-3.637884],"initquaternion":[-0.02983,0.178526,0.191713,0.964616],"initscale":[0.999999,0.999999,0.999999],"offmtx":[[0.355856,-0.81953,0.44915,0.053667],[-0.010902,0.476937,0.878869,-4.492791],[-0.934476,-0.317648,0.160786,3.965818]],"boundingbox":[[-0.095741,-0.186222,-1.174151],[1.615379,0.034054,1.202292]]},{"name":"qunbai012","parent":"qunbai011","initpos":[1.55191,-4.76837158203125e-07,-4.76837158203125e-07],"initquaternion":[3.1279162726605136e-07,-1.160225053808972e-07,0.15775,0.987479],"initscale":[1.0,1.0,1.0],"offmtx":[[0.334748,-0.630151,0.700608,-2.823403],[-0.121227,0.708525,0.695195,-3.802402],[-0.934476,-0.317648,0.160785,3.965822]],"boundingbox":[[-0.030383,-0.175421,-1.172054],[2.474447,0.063927,1.18367]]},{"name":"qunbai002","parent":"body","initpos":[0.136554,4.222795,-0.277791],"initquaternion":[-0.0,1e-06,0.997629,0.068817],"initscale":[0.999999,0.999999,1.0],"offmtx":[[-0.137309,-0.990527,1.6888051845853624e-07,11.427845],[0.990528,-0.137309,3.1831879709898203e-07,5.823334],[-2.921148904988513e-07,2.1098919944506633e-07,0.999999,-4e-06]],"boundingbox":[[0.114811,-0.047134,-2.04],[3.016113,0.172712,2.059999]]},{"name":"qunbai013","parent":"qunbai002","initpos":[2.969594,1e-06,-0.0],"initquaternion":[-2.3644570035230572e-07,-0.0,0.009007,0.999959],"initscale":[0.999999,0.999999,1.0],"offmtx":[[-0.119443,-0.99284,2.301825077211106e-07,8.561784],[0.99284,-0.119443,-1.5818631027286756e-07,5.670014],[1.8454761629982386e-07,2.0964036195891822e-07,0.999999,-1e-06]],"boundingbox":[[0.046018,-0.060513,-2.040001],[2.948072,0.17187,2.059998]]},{"name":"qunbai014","parent":"qunbai013","initpos":[2.934406,1.6e-05,9.5367431640625e-07],"initquaternion":[2.3836392415432783e-07,-0.0,-0.001841,0.999998],"initscale":[0.999999,0.999999,1.0],"offmtx":[[-0.123099,-0.992394,2.897397166634619e-07,5.606458],[0.992394,-0.123099,3.1949983281265304e-07,5.690686],[-2.814031745401735e-07,3.268661998845346e-07,0.999999,-5e-06]],"boundingbox":[[0.011653,-0.071717,-2.040003],[1.51311,0.139508,2.059997]]},{"name":"qunbai015","parent":"qunbai014","initpos":[1.423716,4.76837158203125e-07,-4.76837158203125e-07],"initquaternion":[-4.365980714737816e-07,-0.0,-0.24273,0.970093],"initscale":[1.0,1.0,1.0],"offmtx":[[-0.575953,-0.817481,4.945457021676702e-07,1.00988],[0.817481,-0.575953,-3.8437570992755354e-07,6.989947],[5.990559657220729e-07,1.8289962611106603e-07,0.999999,-2.961967027204082e-07]],"boundingbox":[[0.018452,-0.044736,-2.030003],[1.519029,0.159622,2.069996]]},{"name":"qunbai016","parent":"qunbai015","initpos":[1.512976,0.0,-0.0],"initquaternion":[0.0,0.0,0.0,1.0],"initscale":[1.0,1.0,1.0],"offmtx":[[-0.575954,-0.817482,5.492723857969395e-07,-0.503096],[0.817482,-0.575953,-7.041135745566862e-07,6.989948],[8.919560059439391e-07,0.0,0.999999,1e-06]],"boundingbox":[[0.005469,-0.040379,-2.030004],[1.506047,0.163982,2.069995]]},{"name":"qunbai017","parent":"qunbai016","initpos":[1.434619,-9.5367431640625e-07,-3.2782554626464844e-07],"initquaternion":[-0.0,0.0,-0.124546,0.992213],"initscale":[1.0,0.999999,1.0],"offmtx":[[-0.760129,-0.64977,6.188334964463138e-07,-3.605193],[0.649771,-0.760129,-6.339371338981437e-07,6.294178],[8.823082566777884e-07,-0.0,0.999999,2e-06]],"boundingbox":[[0.026287,-0.0364,-2.020005],[1.428061,0.176406,2.079995]]},{"name":"qunbai018","parent":"qunbai017","initpos":[1.466573,4.76837158203125e-07,-3.5762786865234375e-07],"initquaternion":[-2.8185584710627154e-07,-0.0,0.003606,0.999993],"initscale":[0.999999,0.999999,1.0],"offmtx":[[-0.755423,-0.655236,7.652405429325881e-07,-5.026238],[0.655236,-0.755423,-1e-06,6.330593],[1e-06,-4.0709147697270964e-07,0.999999,7e-06]],"boundingbox":[[-0.040607,-0.068837,-1.420007],[1.962398,0.163865,1.179994]]},{"name":"qunbai001","parent":"body","initpos":[0.136554,-4.156241,-0.277766],"initquaternion":[0.0,9.130013722824515e-07,0.997629,-0.068817],"initscale":[0.999999,0.999999,1.0],"offmtx":[[0.137309,-0.990528,-1.705267465013094e-07,11.430458],[0.990528,0.137309,-1e-06,-5.804506],[1e-06,-0.0,0.999999,-5e-06]],"boundingbox":[[0.117424,-0.153884,-2.039999],[3.018726,0.065967,2.06]]},{"name":"qunbai019","parent":"qunbai001","initpos":[2.969594,-1e-06,0.0],"initquaternion":[4.7655797175139014e-07,-0.0,-0.009007,0.999959],"initscale":[0.999999,0.999999,1.0],"offmtx":[[0.119443,-0.992841,-0.0,8.564058],[0.992841,0.119443,-1.8541292945428722e-07,-5.651141],[1.9511283255724265e-07,-0.0,0.999999,-1e-06]],"boundingbox":[[0.048292,-0.152995,-2.039999],[2.950344,0.079388,2.06]]},{"name":"qunbai020","parent":"qunbai019","initpos":[2.934406,-1.4e-05,-0.0],"initquaternion":[-0.0,-0.0,0.001841,0.999998],"initscale":[1.0,1.0,1.0],"offmtx":[[0.123098,-0.992394,-0.0,5.608801],[0.992394,0.123098,-2.6582165446598083e-07,-5.671822],[2.752486523149855e-07,-0.0,0.999999,-1e-06]],"boundingbox":[[0.013996,-0.120645,-2.039999],[1.515451,0.090582,2.06]]},{"name":"qunbai021","parent":"qunbai020","initpos":[1.423716,0.0,-0.0],"initquaternion":[0.0,0.0,0.24273,0.970093],"initscale":[0.999999,0.999999,1.0],"offmtx":[[0.575954,-0.817481,-2.0723221894058952e-07,1.020828],[0.817481,0.575954,-1.9069925372150465e-07,-6.97441],[2.7524950496626843e-07,-0.0,0.999999,-1e-06]],"boundingbox":[[0.029402,-0.144084,-2.029998],[1.529978,0.060274,2.07]]},{"name":"qunbai022","parent":"qunbai021","initpos":[1.538951,0.0,-0.0],"initquaternion":[0.0,0.0,0.0,1.0],"initscale":[1.0,1.0,1.0],"offmtx":[[0.575954,-0.817481,-2.0723224736229895e-07,-0.518124],[0.817481,0.575954,-1.9509836590714258e-07,-6.97441],[2.78845675438788e-07,-0.0,0.999999,-1e-06]],"boundingbox":[[-0.009556,-0.148443,-2.029998],[1.491019,0.055915,2.070001]]},{"name":"qunbai023","parent":"qunbai022","initpos":[1.408643,-9.5367431640625e-07,0.0],"initquaternion":[0.0,-0.0,0.124546,0.992213],"initscale":[1.0,1.0,1.0],"offmtx":[[0.760129,-0.649771,-1.8262230128129886e-07,-3.590743],[0.649771,0.760129,-1.5022401100850402e-07,-6.281828],[2.364279083622023e-07,-0.0,0.999999,-1e-06]],"boundingbox":[[0.040738,-0.164053,-2.019998],[1.442512,0.048752,2.080001]]},{"name":"qunbai024","parent":"qunbai023","initpos":[1.466575,9.5367431640625e-07,-0.0],"initquaternion":[0.0,-0.0,-0.003606,0.999993],"initscale":[0.999999,0.999999,1.0],"offmtx":[[0.755423,-0.655236,-1.8153401981635398e-07,-5.01188],[0.655236,0.755423,-0.0,-6.318138],[1.7467628765643894e-07,-0.0,0.999999,-6.849475653325499e-07]],"boundingbox":[[-0.026246,-0.15141,-1.419998],[1.976757,0.081289,1.180002]]}],"boundingbox":[[-9.470053,0.104003,-2.040001],[9.470053,12.010594,8.187492]]}