{
  "skeleton": [
    {
      "name": "root",
      "parent": "root",
      "initpos": [
        0,
        0,
        0
      ],
      "initquaternion": [
        0.707106,
        0,
        0,
        0.707106
      ],
      "initscale": [
        1,
        0.999999,
        0.999999
      ],
      "offmtx": [
        [
          1,
          0,
          0,
          0
        ],
        [
          0,
          1,
          0,
          0
        ],
        [
          0,
          0,
          1,
          0
        ]
      ],
      "boundingbox": [
        [
          0,
          0,
          0
        ],
        [
          0,
          0,
          0
        ]
      ]
    },
    {
      "name": "Bone001",
      "parent": "root",
      "initpos": [
        -0.070846,
        -5.364418029785156e-7,
        -12.197314
      ],
      "initquaternion": [
        -0.499999,
        0.5,
        0.499999,
        0.5
      ],
      "initscale": [
        1,
        1,
        1
      ],
      "offmtx": [
        [
          1,
          0,
          0,
          0
        ],
        [
          0,
          1,
          0,
          0
        ],
        [
          0,
          0,
          1,
          0
        ]
      ],
      "boundingbox": [
        [
          0,
          0,
          0
        ],
        [
          0,
          0,
          0
        ]
      ]
    },
    {
      "name": "Bone053",
      "parent": "Bone001",
      "initpos": [
        11.823672,
        -3.83601,
        -3.514147
      ],
      "initquaternion": [
        0.509273,
        -0.467209,
        0.142521,
        0.708549
      ],
      "initscale": [
        0.999999,
        0.999999,
        0.999999
      ],
      "offmtx": [
        [
          0.27391,
          0.522804,
          0.807247,
          -10.752808
        ],
        [
          -0.440653,
          -0.677842,
          0.588517,
          20.009727
        ],
        [
          0.854866,
          -0.516917,
          0.044707,
          9.355283
        ]
      ],
      "boundingbox": [
        [
          0.659588,
          -1.009049,
          -1.578253
        ],
        [
          13.930992,
          2.26847,
          2.35346
        ]
      ]
    },
    {
      "name": "Bone054",
      "parent": "Bone053",
      "initpos": [
        5.101202,
        3.142967,
        0.248327
      ],
      "initquaternion": [
        -0.01107,
        -0.021407,
        0.064674,
        0.997615
      ],
      "initscale": [
        1,
        0.999999,
        0.999999
      ],
      "offmtx": [
        [
          0.249585,
          0.408822,
          0.877821,
          -13.146407
        ],
        [
          -0.493325,
          -0.726372,
          0.478552,
          18.533458
        ],
        [
          0.833268,
          -0.552491,
          0.02039,
          10.122097
        ]
      ],
      "boundingbox": [
        [
          -0.220989,
          -2.002403,
          -1.925096
        ],
        [
          11.052672,
          1.831921,
          2.688415
        ]
      ]
    },
    {
      "name": "Bone002",
      "parent": "Bone001",
      "initpos": [
        12.237229,
        -6.226037,
        0.000019
      ],
      "initquaternion": [
        0,
        0.000001,
        1,
        3.1391655852530675e-7
      ],
      "initscale": [
        0.999999,
        0.999999,
        1
      ],
      "offmtx": [
        [
          1,
          0,
          0,
          0
        ],
        [
          0,
          1,
          0,
          0
        ],
        [
          0,
          0,
          1,
          0
        ]
      ],
      "boundingbox": [
        [
          0,
          0,
          0
        ],
        [
          0,
          0,
          0
        ]
      ]
    },
    {
      "name": "Bone137",
      "parent": "Bone002",
      "initpos": [
        2.378423,
        -0.763758,
        0.000001
      ],
      "initquaternion": [
        0.213746,
        0.976889,
        5.489133059199958e-7,
        0
      ],
      "initscale": [
        0.999999,
        0.999999,
        1
      ],
      "offmtx": [
        [
          1,
          0,
          0,
          0
        ],
        [
          0,
          1,
          0,
          0
        ],
        [
          0,
          0,
          1,
          0
        ]
      ],
      "boundingbox": [
        [
          0,
          0,
          0
        ],
        [
          0,
          0,
          0
        ]
      ]
    },
    {
      "name": "Bone138",
      "parent": "Bone137",
      "initpos": [
        3.694854,
        -0.339255,
        0
      ],
      "initquaternion": [
        0.999925,
        0.012204,
        -2.3602449061854713e-7,
        1.9760247482736304e-7
      ],
      "initscale": [
        0.999999,
        0.999999,
        0.999999
      ],
      "offmtx": [
        [
          0.439665,
          0.898161,
          1.8902636611528578e-7,
          -25.865856
        ],
        [
          -0.898161,
          0.439665,
          -5.094665311844437e-7,
          -5.284276
        ],
        [
          -5.406916443462251e-7,
          0,
          0.999999,
          0.000001
        ]
      ],
      "boundingbox": [
        [
          -0.0634,
          -1.574062,
          -3.824731
        ],
        [
          3.175684,
          0.851374,
          4.037313
        ]
      ]
    },
    {
      "name": "Bone139",
      "parent": "Bone138",
      "initpos": [
        -0.931882,
        0.789072,
        -3.834365
      ],
      "initquaternion": [
        -0.126155,
        -0.147182,
        -0.675715,
        0.711218
      ],
      "initscale": [
        0.999999,
        0.999999,
        0.999999
      ],
      "offmtx": [
        [
          0.849046,
          -0.367198,
          0.379848,
          5.983958
        ],
        [
          0.389529,
          0.920808,
          0.019458,
          -25.150869
        ],
        [
          -0.356912,
          0.131441,
          0.924844,
          2.217411
        ]
      ],
      "boundingbox": [
        [
          -0.042473,
          -1.065232,
          -0.649146
        ],
        [
          4.002409,
          1.004993,
          0.669831
        ]
      ]
    },
    {
      "name": "Bone140",
      "parent": "Bone139",
      "initpos": [
        0.44411,
        -1.440774,
        -0.091166
      ],
      "initquaternion": [
        0.032339,
        0.000967,
        0.013156,
        0.999389
      ],
      "initscale": [
        0.999999,
        0.999999,
        0.999999
      ],
      "offmtx": [
        [
          0.859405,
          -0.342941,
          0.379227,
          4.910433
        ],
        [
          0.343225,
          0.936695,
          0.06925,
          -23.648336
        ],
        [
          -0.37897,
          0.070646,
          0.922707,
          3.851172
        ]
      ],
      "boundingbox": [
        [
          0.015112,
          -0.889272,
          -0.693212
        ],
        [
          4.563093,
          0.750578,
          0.651934
        ]
      ]
    },
    {
      "name": "Bone141",
      "parent": "Bone140",
      "initpos": [
        1.353645,
        -1.16361,
        -0.084582
      ],
      "initquaternion": [
        -0.001337,
        0.004076,
        0.005845,
        0.999973
      ],
      "initscale": [
        0.999999,
        1,
        0.999999
      ],
      "offmtx": [
        [
          0.866422,
          -0.332543,
          0.372461,
          3.261673
        ],
        [
          0.33414,
          0.940456,
          0.062384,
          -22.535072
        ],
        [
          -0.371029,
          0.070403,
          0.925948,
          3.903347
        ]
      ],
      "boundingbox": [
        [
          0.12271,
          -0.883174,
          -0.655416
        ],
        [
          3.155114,
          0.933861,
          0.67307
        ]
      ]
    },
    {
      "name": "Bone142",
      "parent": "Bone138",
      "initpos": [
        -0.939285,
        0.808621,
        4.03773
      ],
      "initquaternion": [
        0.708204,
        -0.677724,
        -0.162439,
        -0.112918
      ],
      "initscale": [
        0.999999,
        0.999999,
        0.999999
      ],
      "offmtx": [
        [
          0.841804,
          -0.380227,
          -0.383134,
          6.459184
        ],
        [
          -0.38799,
          -0.919692,
          0.060239,
          24.939517
        ],
        [
          -0.37527,
          0.097942,
          -0.921726,
          3.325652
        ]
      ],
      "boundingbox": [
        [
          -0.010546,
          -1.023123,
          -0.685417
        ],
        [
          4.000458,
          1.013283,
          0.657677
        ]
      ]
    },
    {
      "name": "Bone143",
      "parent": "Bone142",
      "initpos": [
        0.542965,
        1.321945,
        -0.104363
      ],
      "initquaternion": [
        0.018364,
        -0.002189,
        -0.034116,
        0.999246
      ],
      "initscale": [
        1,
        0.999999,
        0.999999
      ],
      "offmtx": [
        [
          0.86515,
          -0.316252,
          -0.389228,
          4.30092
        ],
        [
          -0.343326,
          -0.939215,
          5.066392532171449e-7,
          24.075965
        ],
        [
          -0.365569,
          0.133632,
          -0.921141,
          2.531099
        ]
      ],
      "boundingbox": [
        [
          -0.039235,
          -0.545517,
          -0.658956
        ],
        [
          4.470498,
          1.017207,
          0.651971
        ]
      ]
    },
    {
      "name": "Bone144",
      "parent": "Bone143",
      "initpos": [
        1.198294,
        1.273077,
        -0.198764
      ],
      "initquaternion": [
        0.00579,
        -0.008757,
        0.013377,
        0.999855
      ],
      "initscale": [
        0.999999,
        0.999999,
        1
      ],
      "offmtx": [
        [
          0.849099,
          -0.33876,
          -0.405304,
          3.756968
        ],
        [
          -0.37056,
          -0.928808,
          0.000001,
          22.740856
        ],
        [
          -0.37645,
          0.150188,
          -0.914181,
          2.406009
        ]
      ],
      "boundingbox": [
        [
          0.168761,
          -0.955054,
          -0.620601
        ],
        [
          3.204005,
          0.91652,
          0.72355
        ]
      ]
    },
    {
      "name": "Bone145",
      "parent": "Bone138",
      "initpos": [
        0.949861,
        -1.226099,
        1.636682
      ],
      "initquaternion": [
        -0.610526,
        -0.362618,
        -0.324647,
        0.624795
      ],
      "initscale": [
        0.999999,
        0.999999,
        0.999999
      ],
      "offmtx": [
        [
          0.19804,
          0.488946,
          0.849535,
          -15.652068
        ],
        [
          0.333765,
          0.78127,
          -0.527462,
          -22.066011
        ],
        [
          -0.921618,
          0.388005,
          -0.008469,
          -2.516852
        ]
      ],
      "boundingbox": [
        [
          0.450579,
          -1.400555,
          -0.49656
        ],
        [
          2.994965,
          1.392874,
          0.521491
        ]
      ]
    },
    {
      "name": "Bone146",
      "parent": "Bone138",
      "initpos": [
        1.066535,
        -1.145459,
        -1.811117
      ],
      "initquaternion": [
        -0.631708,
        0.336459,
        0.358718,
        0.599216
      ],
      "initscale": [
        1,
        1,
        0.999999
      ],
      "offmtx": [
        [
          0.222648,
          0.465774,
          -0.856435,
          -15.474368
        ],
        [
          -0.326087,
          -0.792306,
          -0.515671,
          22.322546
        ],
        [
          -0.918746,
          0.394086,
          -0.024522,
          -2.830526
        ]
      ],
      "boundingbox": [
        [
          0.061954,
          -1.500602,
          -0.57653
        ],
        [
          2.596709,
          1.269433,
          0.541971
        ]
      ]
    },
    {
      "name": "Bone147",
      "parent": "Bone138",
      "initpos": [
        2.450391,
        -1.48086,
        0.136123
      ],
      "initquaternion": [
        0,
        1.1449375136862727e-7,
        -0.782902,
        0.622144
      ],
      "initscale": [
        0.999999,
        0.999999,
        1
      ],
      "offmtx": [
        [
          0.775642,
          -0.631172,
          4.534326194516325e-7,
          10.100969
        ],
        [
          0.631172,
          0.775642,
          0,
          -26.725393
        ],
        [
          -3.558609762421838e-7,
          2.81082805031474e-7,
          0.999999,
          -0.136129
        ]
      ],
      "boundingbox": [
        [
          -0.391382,
          -1.4158,
          -1.444379
        ],
        [
          6.391887,
          1.486219,
          1.384707
        ]
      ]
    },
    {
      "name": "Bone148",
      "parent": "Bone147",
      "initpos": [
        0.446625,
        -1.137252,
        -1.995372
      ],
      "initquaternion": [
        0,
        0,
        0.147369,
        0.989081
      ],
      "initscale": [
        0.999999,
        0.999999,
        1
      ],
      "offmtx": [
        [
          0.925952,
          -0.377641,
          4.776913442583464e-7,
          1.775525
        ],
        [
          0.377641,
          0.925951,
          -1.2586946240844554e-7,
          -27.291143
        ],
        [
          -3.9478575786233705e-7,
          2.969450747514202e-7,
          0.999999,
          1.859243
        ]
      ],
      "boundingbox": [
        [
          -0.107666,
          -0.896762,
          -0.65557
        ],
        [
          3.167486,
          0.867624,
          0.594432
        ]
      ]
    },
    {
      "name": "Bone149",
      "parent": "Bone148",
      "initpos": [
        2.950501,
        -1.192192,
        0.175609
      ],
      "initquaternion": [
        -0.001367,
        -0.075605,
        0.012607,
        0.997057
      ],
      "initscale": [
        0.999999,
        0.999999,
        0.999999
      ],
      "offmtx": [
        [
          0.924644,
          -0.349732,
          0.150731,
          -1.568951
        ],
        [
          0.354431,
          0.93507,
          -0.004633,
          -26.069053
        ],
        [
          -0.139324,
          0.057708,
          0.988563,
          1.820154
        ]
      ],
      "boundingbox": [
        [
          0.094137,
          -1.535131,
          -0.594849
        ],
        [
          2.918176,
          1.043045,
          0.520438
        ]
      ]
    },
    {
      "name": "Bone150",
      "parent": "Bone149",
      "initpos": [
        1.39591,
        -0.270799,
        -0.287091
      ],
      "initquaternion": [
        -0.051364,
        0.055495,
        -0.699482,
        0.710638
      ],
      "initscale": [
        0.999999,
        0.999999,
        1
      ],
      "offmtx": [
        [
          -0.339265,
          -0.94069,
          1.0989604959377175e-7,
          25.734491
        ],
        [
          0.94069,
          -0.339266,
          -2.6078956238961837e-7,
          -3.665307
        ],
        [
          2.8260623707865307e-7,
          0,
          0.999999,
          1.755779
        ]
      ],
      "boundingbox": [
        [
          0.471781,
          -0.854868,
          -0.267749
        ],
        [
          5.011061,
          0.716648,
          0.429042
        ]
      ]
    },
    {
      "name": "Bone151",
      "parent": "Bone150",
      "initpos": [
        4.704011,
        0.318677,
        1.1920928955078125e-7
      ],
      "initquaternion": [
        0.02121,
        0.045376,
        -0.422928,
        0.904777
      ],
      "initscale": [
        0.999999,
        1,
        0.999999
      ],
      "offmtx": [
        [
          -0.934612,
          -0.341305,
          -0.100052,
          16.286153
        ],
        [
          0.343026,
          -0.939325,
          0,
          13.580187
        ],
        [
          -0.093981,
          -0.03432,
          0.994982,
          3.402319
        ]
      ],
      "boundingbox": [
        [
          0.002828,
          -0.615475,
          -0.194639
        ],
        [
          1.258294,
          0.392527,
          0.324802
        ]
      ]
    },
    {
      "name": "Bone152",
      "parent": "Bone148",
      "initpos": [
        0.446577,
        -1.24201,
        -1.344859
      ],
      "initquaternion": [
        -0.010062,
        -0.222524,
        -0.007494,
        0.974846
      ],
      "initscale": [
        0.999999,
        0.999999,
        0.999999
      ],
      "offmtx": [
        [
          0.830319,
          -0.349582,
          0.434005,
          2.851759
        ],
        [
          0.395199,
          0.91845,
          -0.016282,
          -26.067726
        ],
        [
          -0.39292,
          0.185038,
          0.900762,
          1.711845
        ]
      ],
      "boundingbox": [
        [
          -0.140818,
          -1.415722,
          -0.647517
        ],
        [
          3.391558,
          0.655986,
          0.704973
        ]
      ]
    },
    {
      "name": "Bone153",
      "parent": "Bone147",
      "initpos": [
        0.414703,
        -1.177326,
        1.940479
      ],
      "initquaternion": [
        0.987703,
        0.156336,
        0,
        1.923130525938177e-7
      ],
      "initscale": [
        0.999999,
        0.999999,
        0.999999
      ],
      "offmtx": [
        [
          0.932651,
          -0.360779,
          4.333340086759563e-7,
          1.322813
        ],
        [
          -0.360779,
          -0.932651,
          4.595944460561441e-7,
          27.290611
        ],
        [
          2.3833730722344626e-7,
          -5.849792614753824e-7,
          -0.999999,
          2.076617
        ]
      ],
      "boundingbox": [
        [
          -0.055684,
          -0.883119,
          -0.650795
        ],
        [
          3.199651,
          0.878482,
          0.599208
        ]
      ]
    },
    {
      "name": "Bone154",
      "parent": "Bone153",
      "initpos": [
        3.065947,
        1.21928,
        -0.071389
      ],
      "initquaternion": [
        0.992273,
        0.011702,
        0.123505,
        -0.001456
      ],
      "initscale": [
        0.999999,
        0.999999,
        0.999999
      ],
      "offmtx": [
        [
          0.895695,
          -0.370998,
          -0.245135,
          -0.566844
        ],
        [
          0.382673,
          0.923883,
          -7.823110195204208e-7,
          -26.105194
        ],
        [
          0.226476,
          -0.093806,
          0.969488,
          -2.358945
        ]
      ],
      "boundingbox": [
        [
          0.050392,
          -1.453722,
          -0.682332
        ],
        [
          2.873876,
          1.059365,
          0.520377
        ]
      ]
    },
    {
      "name": "Bone155",
      "parent": "Bone154",
      "initpos": [
        1.474768,
        -0.230701,
        0.182945
      ],
      "initquaternion": [
        0.086401,
        -0.088262,
        -0.694174,
        0.70913
      ],
      "initscale": [
        0.999999,
        0.999999,
        0.999999
      ],
      "offmtx": [
        [
          -0.362895,
          -0.931829,
          2.775341272354126e-7,
          25.813148
        ],
        [
          0.93183,
          -0.362895,
          -2.609617979487666e-7,
          -3.153321
        ],
        [
          3.438878479755658e-7,
          1.6391288681916194e-7,
          1,
          -1.963851
        ]
      ],
      "boundingbox": [
        [
          0.477322,
          -0.945893,
          -0.424519
        ],
        [
          4.99433,
          0.625126,
          0.272269
        ]
      ]
    },
    {
      "name": "Bone156",
      "parent": "Bone155",
      "initpos": [
        4.719842,
        0.300582,
        0
      ],
      "initquaternion": [
        -0.0265,
        -0.058393,
        -0.41241,
        0.908738
      ],
      "initscale": [
        0.999999,
        0.999999,
        1
      ],
      "offmtx": [
        [
          -0.932542,
          -0.337614,
          0.127987,
          16.101072
        ],
        [
          0.340414,
          -0.940275,
          0,
          13.601558
        ],
        [
          0.120343,
          0.043568,
          0.991776,
          -4.057946
        ]
      ],
      "boundingbox": [
        [
          -0.023365,
          -0.637312,
          -0.3529
        ],
        [
          1.244392,
          0.368753,
          0.201086
        ]
      ]
    },
    {
      "name": "Bone157",
      "parent": "Bone153",
      "initpos": [
        0.425488,
        1.36893,
        -1.244821
      ],
      "initquaternion": [
        0.009231,
        -0.223621,
        -0.004198,
        0.974623
      ],
      "initscale": [
        0.999999,
        0.999999,
        0.999999
      ],
      "offmtx": [
        [
          0.843782,
          -0.3132,
          -0.435815,
          1.935919
        ],
        [
          -0.356923,
          -0.933922,
          -0.019872,
          25.985996
        ],
        [
          -0.400794,
          0.17232,
          -0.899816,
          2.17969
        ]
      ],
      "boundingbox": [
        [
          -0.149602,
          -0.764208,
          -0.744749
        ],
        [
          3.396645,
          1.31944,
          0.595431
        ]
      ]
    },
    {
      "name": "Bone158",
      "parent": "Bone137",
      "initpos": [
        0.409057,
        1.914479,
        0
      ],
      "initquaternion": [
        0.728998,
        0.684514,
        -1.332799683950725e-7,
        -1.4194132802458626e-7
      ],
      "initscale": [
        0.999999,
        0.999999,
        0.999999
      ],
      "offmtx": [
        [
          0.933085,
          -0.359653,
          1.5764693728215207e-7,
          0.965484
        ],
        [
          0.359653,
          0.933085,
          -1.5180152956872917e-7,
          -22.807168
        ],
        [
          0,
          1.9834216402614402e-7,
          0.999999,
          -0.000005
        ]
      ],
      "boundingbox": [
        [
          0.028118,
          -0.500854,
          -1.764817
        ],
        [
          5.036787,
          0.543416,
          1.985181
        ]
      ]
    },
    {
      "name": "Bone159",
      "parent": "Bone137",
      "initpos": [
        1.873472,
        1.605285,
        -0.143066
      ],
      "initquaternion": [
        0.72292,
        0.690931,
        -1.3452927305479534e-7,
        -1.4075784804390423e-7
      ],
      "initscale": [
        0.999999,
        0.999999,
        0.999999
      ],
      "offmtx": [
        [
          0.926582,
          -0.37609,
          1.6297283877975133e-7,
          1.611108
        ],
        [
          0.37609,
          0.926582,
          -1.4896822619903105e-7,
          -24.263427
        ],
        [
          0,
          1.9932407724354562e-7,
          0.999999,
          -0.143071
        ]
      ],
      "boundingbox": [
        [
          -0.002012,
          -1.185108,
          -1.657883
        ],
        [
          5.022036,
          1.608858,
          1.592117
        ]
      ]
    },
    {
      "name": "Bone160",
      "parent": "Bone002",
      "initpos": [
        4.268629,
        -0.044029,
        0.000003
      ],
      "initquaternion": [
        0,
        0,
        0,
        1
      ],
      "initscale": [
        1,
        1,
        1
      ],
      "offmtx": [
        [
          0,
          -0.999999,
          0,
          20.165914
        ],
        [
          1,
          0,
          -0.000004,
          -6.111159
        ],
        [
          0.000004,
          0,
          0.999999,
          -0.000031
        ]
      ],
      "boundingbox": [
        [
          2.057876,
          -2.275731,
          -2.400011
        ],
        [
          7.084834,
          2.474292,
          2.400008
        ]
      ]
    },
    {
      "name": "Bone161",
      "parent": "Bone160",
      "initpos": [
        2.553634,
        2.683639,
        0.000015
      ],
      "initquaternion": [
        0,
        0,
        0,
        1
      ],
      "initscale": [
        1,
        1,
        1
      ],
      "offmtx": [
        [
          4.7311192474808195e-7,
          -0.999999,
          0,
          17.612277
        ],
        [
          1,
          4.731118963263725e-7,
          0,
          -8.794808
        ],
        [
          0,
          0,
          0.999999,
          -0.000005
        ]
      ],
      "boundingbox": [
        [
          -0.022497,
          -0.459362,
          -1.501579
        ],
        [
          3.977501,
          0.540639,
          1.49842
        ]
      ]
    },
    {
      "name": "Bone162",
      "parent": "Bone161",
      "initpos": [
        3.494923,
        -0.168095,
        2.268611
      ],
      "initquaternion": [
        -1.2364827739475004e-7,
        -1.1240531705425383e-7,
        -0.20813,
        0.978101
      ],
      "initscale": [
        0.999999,
        0.999999,
        1
      ],
      "offmtx": [
        [
          -0.407144,
          -0.913363,
          2.8904571536259027e-7,
          16.406599
        ],
        [
          0.913363,
          -0.407144,
          -2.3506355262270517e-7,
          -2.131517
        ],
        [
          3.323819157685648e-7,
          1.6829908133786375e-7,
          0.999999,
          -2.268621
        ]
      ],
      "boundingbox": [
        [
          -0.16926,
          -0.770978,
          -0.865914
        ],
        [
          3.265668,
          0.731355,
          0.838554
        ]
      ]
    },
    {
      "name": "Bone163",
      "parent": "Bone162",
      "initpos": [
        3.229589,
        0.00003,
        -4.76837158203125e-7
      ],
      "initquaternion": [
        0,
        2.346858138935204e-7,
        -0.176258,
        0.984343
      ],
      "initscale": [
        1,
        1,
        1
      ],
      "offmtx": [
        [
          -0.698782,
          -0.715333,
          0,
          13.097909
        ],
        [
          0.715333,
          -0.698782,
          -1.2015964045986038e-7,
          2.573299
        ],
        [
          1.0723903187681572e-7,
          0,
          0.999999,
          -2.268617
        ]
      ],
      "boundingbox": [
        [
          -0.075052,
          -0.727362,
          -0.232574
        ],
        [
          1.179178,
          0.281136,
          0.392425
        ]
      ]
    },
    {
      "name": "Bone164",
      "parent": "Bone161",
      "initpos": [
        3.494925,
        -0.168095,
        -2.277178
      ],
      "initquaternion": [
        -1.2364827739475004e-7,
        -1.1240531705425383e-7,
        -0.20813,
        0.978101
      ],
      "initscale": [
        0.999999,
        0.999999,
        1
      ],
      "offmtx": [
        [
          -0.407144,
          -0.913363,
          2.8904571536259027e-7,
          16.406597
        ],
        [
          0.913363,
          -0.407144,
          -2.3506355262270517e-7,
          -2.131519
        ],
        [
          3.323819157685648e-7,
          1.6829908133786375e-7,
          0.999999,
          2.277168
        ]
      ],
      "boundingbox": [
        [
          -0.168943,
          -0.770979,
          -0.829998
        ],
        [
          3.265663,
          0.731355,
          0.87447
        ]
      ]
    },
    {
      "name": "Bone165",
      "parent": "Bone164",
      "initpos": [
        3.229589,
        0.00003,
        -4.76837158203125e-7
      ],
      "initquaternion": [
        0,
        2.3468585652608454e-7,
        -0.176258,
        0.984343
      ],
      "initscale": [
        0.999999,
        0.999999,
        1
      ],
      "offmtx": [
        [
          -0.698782,
          -0.715333,
          -1.2418431083460746e-7,
          13.097909
        ],
        [
          0.715333,
          -0.698782,
          -1.2015951256216795e-7,
          2.5733
        ],
        [
          0,
          -1.7279866426633816e-7,
          0.999999,
          2.277175
        ]
      ],
      "boundingbox": [
        [
          -0.075052,
          -0.727362,
          -0.383869
        ],
        [
          1.179178,
          0.281136,
          0.24113
        ]
      ]
    },
    {
      "name": "Bone166",
      "parent": "Bone161",
      "initpos": [
        3.590447,
        0.423047,
        -9.5367431640625e-7
      ],
      "initquaternion": [
        2.3540781057818094e-7,
        0,
        -0.158419,
        0.987371
      ],
      "initscale": [
        0.999999,
        0.999999,
        1
      ],
      "offmtx": [
        [
          -0.312837,
          -0.949806,
          0,
          16.201721
        ],
        [
          0.949806,
          -0.312837,
          4.352829137133085e-7,
          -4.368617
        ],
        [
          -4.091919549864542e-7,
          1.4905391765296372e-7,
          0.999999,
          -0.000002
        ]
      ],
      "boundingbox": [
        [
          0.024296,
          -0.713463,
          -1.462553
        ],
        [
          3.775442,
          0.7894,
          1.462546
        ]
      ]
    },
    {
      "name": "Bone167",
      "parent": "Bone166",
      "initpos": [
        3.218782,
        -0.242216,
        0
      ],
      "initquaternion": [
        -1.1173069935921376e-7,
        -2.9595798878290225e-7,
        -0.353191,
        0.935551
      ],
      "initscale": [
        0.999999,
        0.999999,
        1
      ],
      "offmtx": [
        [
          -0.862474,
          -0.5061,
          3.552108864823822e-7,
          12.47081
        ],
        [
          0.5061,
          -0.862474,
          3.3564731438673334e-7,
          5.482954
        ],
        [
          1.36489234137116e-7,
          4.6925958940846613e-7,
          0.999999,
          -0.00001
        ]
      ],
      "boundingbox": [
        [
          0.005836,
          -0.749997,
          -0.366824
        ],
        [
          2.513291,
          0.757472,
          0.363662
        ]
      ]
    },
    {
      "name": "Bone168",
      "parent": "Bone166",
      "initpos": [
        2.900533,
        -0.699138,
        9.536741458759934e-7
      ],
      "initquaternion": [
        0,
        -2.7536495394997473e-7,
        -0.707021,
        0.707191
      ],
      "initscale": [
        0.999999,
        0.999999,
        1
      ],
      "offmtx": [
        [
          -0.949881,
          0.312609,
          0,
          3.672679
        ],
        [
          -0.312609,
          -0.949881,
          3.1565818403578305e-7,
          13.300306
        ],
        [
          1.3815241572956438e-7,
          2.8684667086054105e-7,
          0.999999,
          -0.000008
        ]
      ],
      "boundingbox": [
        [
          0.0118,
          -0.625093,
          -1.36032
        ],
        [
          2.262457,
          0.626089,
          1.383175
        ]
      ]
    },
    {
      "name": "Bone169",
      "parent": "Bone161",
      "initpos": [
        2.498808,
        0.297412,
        -1.493429
      ],
      "initquaternion": [
        0.5,
        -0.499999,
        -0.5,
        -0.499999
      ],
      "initscale": [
        1,
        1,
        1
      ],
      "offmtx": [
        [
          1.3568360657245648e-7,
          0,
          -0.999999,
          -1.493425
        ],
        [
          -5.913898348808289e-7,
          0.999999,
          0,
          -15.113468
        ],
        [
          1,
          5.9138977803741e-7,
          1.3568359236160177e-7,
          -9.092222
        ]
      ],
      "boundingbox": [
        [
          -0.035704,
          -0.996419,
          -0.002459
        ],
        [
          0.642214,
          0.989403,
          -0.000716
        ]
      ]
    },
    {
      "name": "Bone170",
      "parent": "Bone161",
      "initpos": [
        2.961231,
        -0.194062,
        -0.985378
      ],
      "initquaternion": [
        -0.287152,
        0.646176,
        0.646176,
        0.287152
      ],
      "initscale": [
        0.999999,
        0.999999,
        0.999999
      ],
      "offmtx": [
        [
          0,
          0.670174,
          -0.742203,
          -10.550107
        ],
        [
          -3.6802595104745706e-7,
          0.742203,
          0.670174,
          -10.213687
        ],
        [
          1,
          2.932187896931282e-7,
          2.244160128839212e-7,
          -8.600742
        ]
      ],
      "boundingbox": [
        [
          -0.005575,
          -0.82036,
          -0.265303
        ],
        [
          3.245903,
          0.8076,
          0.44255
        ]
      ]
    },
    {
      "name": "Bone171",
      "parent": "Bone161",
      "initpos": [
        2.50396,
        0.278537,
        1.454831
      ],
      "initquaternion": [
        0.5,
        0.499999,
        0.5,
        -0.499999
      ],
      "initscale": [
        1,
        1,
        1
      ],
      "offmtx": [
        [
          2.847839084552106e-7,
          0,
          0.999999,
          -1.454838
        ],
        [
          2.9336663942558516e-7,
          -0.999999,
          0,
          15.108317
        ],
        [
          1,
          2.9336661100387573e-7,
          -2.847838800335012e-7,
          -9.073342
        ]
      ],
      "boundingbox": [
        [
          0.004298,
          -0.994556,
          0.016415
        ],
        [
          0.682216,
          0.991266,
          0.018157
        ]
      ]
    },
    {
      "name": "Bone172",
      "parent": "Bone161",
      "initpos": [
        2.963771,
        -0.214372,
        0.993185
      ],
      "initquaternion": [
        0.286344,
        0.646534,
        0.646534,
        -0.286343
      ],
      "initscale": [
        0.999999,
        0.999999,
        0.999999
      ],
      "offmtx": [
        [
          5.742944040321163e-7,
          0.672027,
          0.740525,
          -10.579692
        ],
        [
          -5.809710614812502e-7,
          -0.740525,
          0.672027,
          10.180156
        ],
        [
          1,
          -8.161658229255409e-7,
          0,
          -8.580416
        ]
      ],
      "boundingbox": [
        [
          -0.0117,
          -0.814742,
          -0.244996
        ],
        [
          3.243824,
          0.821334,
          0.463642
        ]
      ]
    },
    {
      "name": "Bone183",
      "parent": "Bone160",
      "initpos": [
        7.329443,
        -2.424222,
        -0.000468
      ],
      "initquaternion": [
        0.000006,
        0.000019,
        0.214719,
        0.976675
      ],
      "initscale": [
        0.999999,
        0.999999,
        1
      ],
      "offmtx": [
        [
          0.419423,
          -0.90779,
          -0.000037,
          10.106446
        ],
        [
          0.90779,
          0.419423,
          0.000016,
          -8.730881
        ],
        [
          7.631753646819561e-7,
          -0.000041,
          1,
          0.00098
        ]
      ],
      "boundingbox": [
        [
          -0.013638,
          -0.49823,
          -2.379856
        ],
        [
          2.790045,
          0.511705,
          2.361143
        ]
      ]
    },
    {
      "name": "Bone005",
      "parent": "Bone001",
      "initpos": [
        -0.005174,
        -2.049861,
        0.000006
      ],
      "initquaternion": [
        0,
        0.000001,
        1,
        1.9470709844426892e-7
      ],
      "initscale": [
        0.999999,
        0.999999,
        1
      ],
      "offmtx": [
        [
          1,
          0,
          0,
          0
        ],
        [
          0,
          1,
          0,
          0
        ],
        [
          0,
          0,
          1,
          0
        ]
      ],
      "boundingbox": [
        [
          0,
          0,
          0
        ],
        [
          0,
          0,
          0
        ]
      ]
    },
    {
      "name": "Bone096",
      "parent": "Bone005",
      "initpos": [
        2.623024,
        0.122098,
        9.536724974168465e-7
      ],
      "initquaternion": [
        0,
        0,
        0,
        1
      ],
      "initscale": [
        1,
        1,
        1
      ],
      "offmtx": [
        [
          0,
          -0.999999,
          0,
          9.569115
        ],
        [
          1,
          0,
          0,
          -2.101115
        ],
        [
          0,
          0,
          0.999999,
          0
        ]
      ],
      "boundingbox": [
        [
          0.709115,
          -2.319262,
          -2.376964
        ],
        [
          9.569146,
          2.680738,
          2.378529
        ]
      ]
    },
    {
      "name": "Bone097",
      "parent": "Bone096",
      "initpos": [
        5.825397,
        2.384216,
        -0.124734
      ],
      "initquaternion": [
        0,
        -4.872144359069353e-7,
        0.978306,
        0.207163
      ],
      "initscale": [
        1,
        1,
        1
      ],
      "offmtx": [
        [
          0.405337,
          0.914166,
          0,
          -5.240458
        ],
        [
          -0.914166,
          0.405337,
          -9.956809208233608e-7,
          2.582869
        ],
        [
          -9.489175454291399e-7,
          3.1630906960344873e-7,
          0.999999,
          0.124737
        ]
      ],
      "boundingbox": [
        [
          -0.014082,
          -0.247483,
          -2.224389
        ],
        [
          2.861139,
          0.253782,
          2.27561
        ]
      ]
    },
    {
      "name": "Bone098",
      "parent": "Bone096",
      "initpos": [
        9.007938,
        0.179901,
        -2.23898
      ],
      "initquaternion": [
        0.5,
        -0.499999,
        -0.5,
        -0.499999
      ],
      "initscale": [
        1,
        1,
        1
      ],
      "offmtx": [
        [
          3.0020135000086157e-7,
          0,
          -0.999999,
          -2.23898
        ],
        [
          -1.0530022365173863e-7,
          0.999999,
          0,
          -0.561177
        ],
        [
          1,
          1.0530021654631128e-7,
          3.0020132157915214e-7,
          -2.281016
        ]
      ],
      "boundingbox": [
        [
          -0.050671,
          -0.561207,
          -1.749164
        ],
        [
          1.449329,
          0.563792,
          1.750836
        ]
      ]
    },
    {
      "name": "Bone099",
      "parent": "Bone096",
      "initpos": [
        9.327608,
        0.35711,
        -1.084438
      ],
      "initquaternion": [
        -0.27174,
        0.652806,
        0.652807,
        0.27174
      ],
      "initscale": [
        0.999999,
        0.999999,
        0.999999
      ],
      "offmtx": [
        [
          -4.143006151480222e-7,
          0.704628,
          -0.709576,
          -0.939663
        ],
        [
          -8.467367251796531e-7,
          0.709576,
          0.704628,
          0.59276
        ],
        [
          1,
          8.927524390855979e-7,
          3.026566446351353e-7,
          -2.458225
        ]
      ],
      "boundingbox": [
        [
