{
  "skeleton": [
    {
      "name": "root",
      "parent": "root",
      "initpos": [
        0,
        0,
        0
      ],
      "initquaternion": [
        0.707106,
        0,
        0,
        0.707106
      ],
      "initscale": [
        1,
        0.999999,
        0.999999
      ],
      "offmtx": [
        [
          1,
          0,
          0,
          0
        ],
        [
          0,
          1,
          0,
          0
        ],
        [
          0,
          0,
          1,
          0
        ]
      ],
      "boundingbox": [
        [
          0,
          0,
          0
        ],
        [
          0,
          0,
          0
        ]
      ]
    },
    {
      "name": "Bone002",
      "parent": "root",
      "initpos": [
        6.155187,
        -0.000022,
        -24.434556
      ],
      "initquaternion": [
        -0.499661,
        -0.500322,
        -0.499661,
        0.500354
      ],
      "initscale": [
        0.999999,
        0.999999,
        0.999999
      ],
      "offmtx": [
        [
          1,
          0,
          0,
          0
        ],
        [
          0,
          1,
          0,
          0
        ],
        [
          0,
          0,
          1,
          0
        ]
      ],
      "boundingbox": [
        [
          0,
          0,
          0
        ],
        [
          0,
          0,
          0
        ]
      ]
    },
    {
      "name": "Bone012",
      "parent": "Bone002",
      "initpos": [
        1.696952,
        -1.874305,
        0.000001
      ],
      "initquaternion": [
        3.277362168319087e-7,
        -3.9589303924003616e-7,
        0.707106,
        0.707106
      ],
      "initscale": [
        0.999999,
        0.999999,
        1
      ],
      "offmtx": [
        [
          1,
          -0.000044,
          6.856862455606461e-7,
          -4.279802
        ],
        [
          0.000044,
          0.999999,
          0,
          -22.737874
        ],
        [
          -6.856874392724421e-7,
          0,
          1,
          0.000023
        ]
      ],
      "boundingbox": [
        [
          0.365377,
          -3.722652,
          -2.263721
        ],
        [
          5.453605,
          2.656966,
          2.288475
        ]
      ]
    },
    {
      "name": "Bone013",
      "parent": "Bone002",
      "initpos": [
        9.942337,
        1.847273,
        0.000002
      ],
      "initquaternion": [
        0,
        -0.000003,
        1,
        -1.9470704160085006e-7
      ],
      "initscale": [
        0.999999,
        0.999999,
        1
      ],
      "offmtx": [
        [
          0.000043,
          0.999999,
          2.10246085430299e-7,
          -14.492489
        ],
        [
          -1,
          0.000043,
          -0.000036,
          8.001387
        ],
        [
          -0.000036,
          -2.0864510474893905e-7,
          1,
          0.000315
        ]
      ],
      "boundingbox": [
        [
          -0.001152,
          -0.247613,
          -1.001444
        ],
        [
          1.998867,
          0.252529,
          0.998574
        ]
      ]
    },
    {
      "name": "Bone036",
      "parent": "Bone013",
      "initpos": [
        0.269895,
        0.327655,
        0.000002
      ],
      "initquaternion": [
        -9.717967941469396e-7,
        -0.000002,
        0.941292,
        -0.337593
      ],
      "initscale": [
        0.999999,
        0.999999,
        1
      ],
      "offmtx": [
        [
          0.635514,
          -0.772089,
          5.609314257526421e-7,
          6.520442
        ],
        [
          0.772089,
          0.635514,
          7.657724268028687e-7,
          -15.306797
        ],
        [
          -9.477246294409269e-7,
          0,
          1,
          0.000028
        ]
      ],
      "boundingbox": [
        [
          -0.000269,
          -0.497648,
          -0.49794
        ],
        [
          1.509121,
          0.516494,
          0.502061
        ]
      ]
    },
    {
      "name": "Bone037",
      "parent": "Bone036",
      "initpos": [
        1.534142,
        0.000001,
        0
      ],
      "initquaternion": [
        0,
        0,
        -0.222674,
        0.974892
      ],
      "initscale": [
        1,
        1,
        1
      ],
      "offmtx": [
        [
          0.237276,
          -0.971442,
          1.7217156766946573e-7,
          11.137527
        ],
        [
          0.971442,
          0.237276,
          9.306663173447305e-7,
          -11.623972
        ],
        [
          -9.449407230022189e-7,
          0,
          1,
          0.000028
        ]
      ],
      "boundingbox": [
        [
          -0.191147,
          -0.532743,
          -0.497941
        ],
        [
          1.330718,
          0.500364,
          0.50206
        ]
      ]
    },
    {
      "name": "Bone038",
      "parent": "Bone037",
      "initpos": [
        1.24887,
        -0.116043,
        9.546056389808655e-7
      ],
      "initquaternion": [
        -1.8608440655043523e-7,
        0,
        -0.320362,
        0.947294
      ],
      "initscale": [
        0.999999,
        0.999999,
        1
      ],
      "offmtx": [
        [
          -0.401051,
          -0.916055,
          -2.7828144766317564e-7,
          14.843673
        ],
        [
          0.916055,
          -0.401051,
          5.082383154331183e-7,
          -3.143777
        ],
        [
          -5.771798328169098e-7,
          0,
          1,
          0.000024
        ]
      ],
      "boundingbox": [
        [
          -0.310908,
          -0.504574,
          -0.497942
        ],
        [
          1.658679,
          0.530647,
          0.50206
        ]
      ]
    },
    {
      "name": "Bone039",
      "parent": "Bone013",
      "initpos": [
        -0.424177,
        0.517089,
        -1.253147
      ],
      "initquaternion": [
        -0.000001,
        -0.000002,
        0.943532,
        -0.331281
      ],
      "initscale": [
        0.999999,
        0.999999,
        1
      ],
      "offmtx": [
        [
          0.625114,
          -0.780532,
          4.842877956434677e-7,
          6.301588
        ],
        [
          0.780532,
          0.625114,
          9.324581355940609e-7,
          -14.636331
        ],
        [
          -0.000001,
          -2.0489096641540527e-7,
          0.999999,
          1.253182
        ]
      ],
      "boundingbox": [
        [
          0.005445,
          -0.537104,
          -0.48791
        ],
        [
          1.527904,
          0.496912,
          0.512091
        ]
      ]
    },
    {
      "name": "Bone040",
      "parent": "Bone039",
      "initpos": [
        1.437533,
        -0.078252,
        0
      ],
      "initquaternion": [
        0,
        0,
        -0.334597,
        0.942361
      ],
      "initscale": [
        1,
        1,
        1
      ],
      "offmtx": [
        [
          -0.007076,
          -0.999975,
          -1.7324900625226292e-7,
          12.955602
        ],
        [
          0.999975,
          -0.007076,
          0.000002,
          -8.230987
        ],
        [
          -0.000002,
          -1.5728542734905204e-7,
          0.999999,
          1.253192
        ]
      ],
      "boundingbox": [
        [
          -0.283808,
          -0.483699,
          -0.487911
        ],
        [
          0.723242,
          0.523352,
          0.512091
        ]
      ]
    },
    {
      "name": "Bone041",
      "parent": "Bone040",
      "initpos": [
        0.636529,
        -0.000004,
        2.384185791015625e-7
      ],
      "initquaternion": [
        0,
        0,
        -0.210789,
        0.977531
      ],
      "initscale": [
        1,
        1,
        1
      ],
      "offmtx": [
        [
          -0.418544,
          -0.908196,
          -5.863442993359058e-7,
          14.616389
        ],
        [
          0.908196,
          -0.418544,
          8.965220104073524e-7,
          -2.422769
        ],
        [
          -0.000001,
          -1.5728141988802236e-7,
          0.999999,
          1.253182
        ]
      ],
      "boundingbox": [
        [
          -0.130297,
          -0.499136,
          -0.48791
        ],
        [
          1.852758,
          0.507591,
          0.512092
        ]
      ]
    },
    {
      "name": "Bone042",
      "parent": "Bone013",
      "initpos": [
        -0.417177,
        0.508333,
        1.250582
      ],
      "initquaternion": [
        -0.000001,
        -0.000002,
        0.943532,
        -0.331281
      ],
      "initscale": [
        0.999999,
        0.999999,
        1
      ],
      "offmtx": [
        [
          0.625114,
          -0.780532,
          4.842877956434677e-7,
          6.301587
        ],
        [
          0.780532,
          0.625114,
          9.324581355940609e-7,
          -14.647529
        ],
        [
          -0.000001,
          -2.0489096641540527e-7,
          0.999999,
          -1.250546
        ]
      ],
      "boundingbox": [
        [
          0.005446,
          -0.548299,
          -0.49083
        ],
        [
          1.527906,
          0.485717,
          0.509171
        ]
      ]
    },
    {
      "name": "Bone043",
      "parent": "Bone042",
      "initpos": [
        1.437533,
        -0.078255,
        -2.384185791015625e-7
      ],
      "initquaternion": [
        0,
        0,
        -0.334597,
        0.942361
      ],
      "initscale": [
        1,
        1,
        1
      ],
      "offmtx": [
        [
          -0.007076,
          -0.999975,
          -1.7324900625226292e-7,
          12.962662
        ],
        [
          0.999975,
          -0.007076,
          0.000002,
          -8.23968
        ],
        [
          -0.000002,
          -1.5728542734905204e-7,
          0.999999,
          -1.250537
        ]
      ],
      "boundingbox": [
        [
          -0.276749,
          -0.492386,
          -0.490831
        ],
        [
          0.730302,
          0.514667,
          0.509171
        ]
      ]
    },
    {
      "name": "Bone044",
      "parent": "Bone043",
      "initpos": [
        0.636532,
        -0.000005,
        1.1920928955078125e-7
      ],
      "initquaternion": [
        0,
        0,
        -0.210789,
        0.977531
      ],
      "initscale": [
        1,
        1,
        1
      ],
      "offmtx": [
        [
          -0.418544,
          -0.908196,
          -5.863442993359058e-7,
          14.626403
        ],
        [
          0.908196,
          -0.418544,
          8.965220104073524e-7,
          -2.427777
        ],
        [
          -0.000001,
          -1.5728141988802236e-7,
          0.999999,
          -1.250547
        ]
      ],
      "boundingbox": [
        [
          -0.120285,
          -0.50414,
          -0.490831
        ],
        [
          1.862771,
          0.502587,
          0.509172
        ]
      ]
    }
  ],
  "boundingbox": [
    [
      4.646203,
      10.508943,
      -2.263741
    ],
    [
      9.734443,
      25.394531,
      2.288453
    ]
  ]
}
