{
  "skeleton": [
    {
      "name": "root",
      "parent": "root",
      "initpos": [
        0,
        0,
        0
      ],
      "initquaternion": [
        0.707106,
        0,
        0,
        0.707106
      ],
      "initscale": [
        1,
        0.999999,
        0.999999
      ],
      "offmtx": [
        [
          1,
          0,
          0,
          0
        ],
        [
          0,
          1,
          0,
          0
        ],
        [
          0,
          0,
          1,
          0
        ]
      ],
      "boundingbox": [
        [
          0,
          0,
          0
        ],
        [
          0,
          0,
          0
        ]
      ]
    },
    {
      "name": "Bone006",
      "parent": "root",
      "initpos": [
        0.064407,
        -6.187240728650067e-7,
        -24.106071
      ],
      "initquaternion": [
        -0.50283,
        0.497153,
        0.497152,
        0.502831
      ],
      "initscale": [
        1,
        0.999999,
        0.999999
      ],
      "offmtx": [
        [
          1,
          0,
          0,
          0
        ],
        [
          0,
          1,
          0,
          0
        ],
        [
          0,
          0,
          1,
          0
        ]
      ],
      "boundingbox": [
        [
          0,
          0,
          0
        ],
        [
          0,
          0,
          0
        ]
      ]
    },
    {
      "name": "Bone182",
      "parent": "Bone006",
      "initpos": [
        4.453874,
        -1.882288,
        -3.787401
      ],
      "initquaternion": [
        0.744097,
        0.053117,
        -0.244771,
        0.619341
      ],
      "initscale": [
        1,
        1,
        0.999999
      ],
      "offmtx": [
        [
          0.234061,
          0.871928,
          -0.430065,
          -26.979625
        ],
        [
          0.231517,
          0.37964,
          0.895696,
          -7.904276
        ],
        [
          0.944253,
          -0.309215,
          -0.113007,
          6.510665
        ]
      ],
      "boundingbox": [
        [
          -0.316435,
          -1.052568,
          -1.044872
        ],
        [
          2.934555,
          1.000305,
          0.963546
        ]
      ]
    },
    {
      "name": "Bone186",
      "parent": "Bone182",
      "initpos": [
        1.796001,
        0.000006,
        -4.76837158203125e-7
      ],
      "initquaternion": [
        -1.1264869215210638e-7,
        0,
        0.130567,
        0.991439
      ],
      "initscale": [
        0.999999,
        0.999999,
        1
      ],
      "offmtx": [
        [
          0.28602,
          0.940488,
          -0.183505,
          -29.840917
        ],
        [
          0.163025,
          0.140953,
          0.976501,
          -0.18476
        ],
        [
          0.944253,
          -0.309215,
          -0.113007,
          6.510666
        ]
      ],
      "boundingbox": [
        [
          0.038116,
          -0.85714,
          -0.879419
        ],
        [
          1.38515,
          1.149151,
          1.113639
        ]
      ]
    },
    {
      "name": "Bone187",
      "parent": "Bone186",
      "initpos": [
        0.690662,
        -0.448539,
        0.000001
      ],
      "initquaternion": [
        0,
        0,
        0.369773,
        0.929122
      ],
      "initscale": [
        0.999999,
        0.999999,
        1
      ],
      "offmtx": [
        [
          0.319823,
          0.780151,
          0.537658,
          -22.001024
        ],
        [
          -0.078089,
          -0.543828,
          0.835554,
          21.170768
        ],
        [
          0.944253,
          -0.309215,
          -0.113007,
          6.510665
        ]
      ],
      "boundingbox": [
        [
          0.236299,
          -1.382203,
          -0.958617
        ],
        [
          2.886235,
          1.158915,
          1.082164
        ]
      ]
    },
    {
      "name": "Bone188",
      "parent": "Bone187",
      "initpos": [
        1.999258,
        0.104484,
        -0.023319
      ],
      "initquaternion": [
        0.124179,
        0.073835,
        0.297716,
        0.943659
      ],
      "initscale": [
        0.999999,
        0.999999,
        1
      ],
      "offmtx": [
        [
          0.152567,
          0.338031,
          0.928685,
          -7.688313
        ],
        [
          0.027136,
          -0.940765,
          0.337969,
          31.546058
        ],
        [
          0.98792,
          -0.026362,
          -0.152703,
          -2.868883
        ]
      ],
      "boundingbox": [
        [
          -0.192156,
          -0.508241,
          -0.571664
        ],
        [
          3.252539,
          0.523543,
          0.778802
        ]
      ]
    },
    {
      "name": "Bone189",
      "parent": "Bone188",
      "initpos": [
        3.244524,
        -0.000001,
        -7.152557373046875e-7
      ],
      "initquaternion": [
        0.084389,
        0.057882,
        -0.264711,
        0.958882
      ],
      "initscale": [
        0.999999,
        0.999999,
        0.999999
      ],
      "offmtx": [
        [
          -0.037149,
          0.76089,
          0.647815,
          -24.5871
        ],
        [
          0.2315,
          -0.624075,
          0.746282,
          20.642417
        ],
        [
          0.972125,
          0.177693,
          -0.152962,
          -9.606062
        ]
      ],
      "boundingbox": [
        [
          -0.317796,
          -0.412201,
          -0.537454
        ],
        [
          2.102813,
          0.385073,
          0.447126
        ]
      ]
    },
    {
      "name": "Bone183",
      "parent": "Bone006",
      "initpos": [
        4.54544,
        2.09542,
        -3.793285
      ],
      "initquaternion": [
        0.609109,
        0.268508,
        -0.040537,
        0.745148
      ],
      "initscale": [
        1,
        0.999999,
        1
      ],
      "offmtx": [
        [
          -0.256991,
          0.855493,
          -0.44954,
          -26.745187
        ],
        [
          -0.250265,
          0.390382,
          0.885984,
          -8.328774
        ],
        [
          0.933447,
          0.340194,
          0.113775,
          -7.475954
        ]
      ],
      "boundingbox": [
        [
          -0.44252,
          -1.132834,
          -0.848038
        ],
        [
          2.785218,
          0.952572,
          1.169213
        ]
      ]
    },
    {
      "name": "Bone195",
      "parent": "Bone183",
      "initpos": [
        1.795999,
        0.000004,
        0
      ],
      "initquaternion": [
        -1.2936787641137926e-7,
        0,
        0.130567,
        0.991439
      ],
      "initscale": [
        0.999999,
        0.999999,
        1
      ],
      "offmtx": [
        [
          -0.313022,
          0.927395,
          -0.20483,
          -29.724369
        ],
        [
          -0.175196,
          0.155584,
          0.972162,
          -0.655479
        ],
        [
          0.933447,
          0.340194,
          0.113775,
          -7.475951
        ]
      ],
      "boundingbox": [
        [
          -0.132987,
          -0.834377,
          -1.013241
        ],
        [
          1.260216,
          1.154126,
          1.006615
        ]
      ]
    },
    {
      "name": "Bone196",
      "parent": "Bone195",
      "initpos": [
        0.429168,
        -0.251744,
        0.009461
      ],
      "initquaternion": [
        -0.050852,
        -0.007496,
        0.376399,
        0.92503
      ],
      "initscale": [
        0.999999,
        0.999999,
        0.999999
      ],
      "offmtx": [
        [
          -0.369213,
          0.764666,
          0.528172,
          -21.70474
        ],
        [
          0.000003,
          -0.568326,
          0.822802,
          21.434017
        ],
        [
          0.929344,
          0.303791,
          0.209831,
          -5.909031
        ]
      ],
      "boundingbox": [
        [
          0.201256,
          -1.658408,
          -0.939441
        ],
        [
          2.811199,
          0.950299,
          1.061136
        ]
      ]
    },
    {
      "name": "Bone197",
      "parent": "Bone196",
      "initpos": [
        1.828414,
        -0.29404,
        0.110101
      ],
      "initquaternion": [
        -0.075093,
        -0.113409,
        0.298094,
        0.944795
      ],
      "initscale": [
        0.999999,
        0.999999,
        0.999999
      ],
      "offmtx": [
        [
          -0.136548,
          0.330795,
          0.933771,
          -7.156896
        ],
        [
          0.006977,
          -0.942255,
          0.334821,
          31.737403
        ],
        [
          0.990608,
          0.052234,
          0.126355,
          1.914251
        ]
      ],
      "boundingbox": [
        [
          0.026281,
          -0.503236,
          -0.717273
        ],
        [
          3.459383,
          0.583238,
          0.601545
        ]
      ]
    },
    {
      "name": "Bone198",
      "parent": "Bone197",
      "initpos": [
        3.244525,
        -0.000001,
        4.76837158203125e-7
      ],
      "initquaternion": [
        -0.024039,
        -0.100157,
        -0.232149,
        0.96721
      ],
      "initscale": [
        1,
        1,
        0.999999
      ],
      "offmtx": [
        [
          0.080792,
          0.717813,
          0.691531,
          -22.779029
        ],
        [
          -0.055761,
          -0.689458,
          0.722175,
          23.558715
        ],
        [
          0.99517,
          -0.096907,
          -0.015677,
          6.72454
        ]
      ],
      "boundingbox": [
        [
          -0.146201,
          -0.440382,
          -0.506794
        ],
        [
          2.292035,
          0.556534,
          0.478151
        ]
      ]
    },
    {
      "name": "Bone205",
      "parent": "Bone006",
      "initpos": [
        3.713851,
        4.424796,
        -3.121156
      ],
      "initquaternion": [
        0.653185,
        -0.110201,
        0.282568,
        0.6938
      ],
      "initscale": [
        0.999999,
        0.999999,
        0.999999
      ],
      "offmtx": [
        [
          -0.238842,
          0.818786,
          0.522056,
          -22.22142
        ],
        [
          0.006906,
          -0.536169,
          0.844081,
          17.607339
        ],
        [
          0.971033,
          0.205208,
          0.122405,
          -1.144247
        ]
      ],
      "boundingbox": [
        [
          -0.023573,
          -0.293434,
          -0.273629
        ],
        [
          1.99205,
          0.290074,
          0.328648
        ]
      ]
    },
    {
      "name": "Bone206",
      "parent": "Bone205",
      "initpos": [
        1.92225,
        0.328142,
        -0.050411
      ],
      "initquaternion": [
        0.07288,
        -0.014622,
        -0.152842,
        0.985451
      ],
      "initscale": [
        0.999999,
        0.999999,
        0.999999
      ],
      "offmtx": [
        [
          -0.223325,
          0.94418,
          0.242174,
          -28.254442
        ],
        [
          0.078891,
          -0.230126,
          0.969957,
          8.904816
        ],
        [
          0.971546,
          0.235721,
          -0.023094,
          -2.252801
        ]
      ],
      "boundingbox": [
        [
          0.057542,
          -0.522397,
          -0.23617
        ],
        [
          2.083395,
          0.511666,
          0.337443
        ]
      ]
    },
    {
      "name": "Bone207",
      "parent": "Bone206",
      "initpos": [
        0.845432,
        0.934543,
        -0.430059
      ],
      "initquaternion": [
        0.013594,
        0.000026,
        0.001944,
        0.999905
      ],
      "initscale": [
        1,
        0.999999,
        0.999999
      ],
      "offmtx": [
        [
          -0.223016,
          0.943278,
          0.245946,
          -29.068647
        ],
        [
          0.106143,
          -0.227302,
          0.968022,
          8.030878
        ],
        [
          0.969018,
          0.24199,
          -0.04943,
          -2.041829
        ]
      ],
      "boundingbox": [
        [
          -0.056803,
          -1.040674,
          -0.394269
        ],
        [
          1.989246,
          1.014226,
          0.447933
        ]
      ]
    },
    {
      "name": "Bone208",
      "parent": "Bone207",
      "initpos": [
        1.95788,
        0.597078,
        -0.282927
      ],
      "initquaternion": [
        0,
        -1.490480059374022e-7,
        0.000932,
        0.999999
      ],
      "initscale": [
        1,
        1,
        1
      ],
      "offmtx": [
        [
          -0.222817,
          0.942853,
          0.24775,
          -31.012617
        ],
        [
          0.106558,
          -0.22906,
          0.967562,
          7.491622
        ],
        [
          0.969018,
          0.24199,
          -0.04943,
          -1.758891
        ]
      ],
      "boundingbox": [
        [
          0.024606,
          -0.701874,
          -0.275217
        ],
        [
          1.565519,
          0.82798,
          0.332325
        ]
      ]
    },
    {
      "name": "Bone209",
      "parent": "Bone208",
      "initpos": [
        1.298835,
        0.822521,
        -0.062119
      ],
      "initquaternion": [
        -0.027955,
        0.075927,
        0.22418,
        0.971183
      ],
      "initscale": [
        0.999999,
        1,
        1
      ],
      "offmtx": [
        [
          -0.306959,
          0.69972,
          0.645109,
          -25.543949
        ],
        [
          0.174022,
          -0.62514,
          0.760865,
          20.229616
        ],
        [
          0.935677,
          0.345818,
          0.070125,
          -5.445641
        ]
      ],
      "boundingbox": [
        [
          -0.109313,
          -0.536727,
          -0.146364
        ],
        [
          2.907785,
          0.564312,
          0.271963
        ]
      ]
    },
    {
      "name": "Bone204",
      "parent": "Bone006",
      "initpos": [
        3.776636,
        -4.258764,
        -3.136137
      ],
      "initquaternion": [
        0.675664,
        -0.261167,
        0.127352,
        0.677532
      ],
      "initscale": [
        0.999999,
        0.999999,
        0.999999
      ],
      "offmtx": [
        [
          0.18978,
          0.829043,
          0.525994,
          -22.254629
        ],
        [
          -0.060479,
          -0.524841,
          0.849048,
          17.53527
        ],
        [
          0.979961,
          -0.192944,
          -0.049464,
          0.937021
        ]
      ],
      "boundingbox": [
        [
          0.003435,
          -0.283959,
          -0.331652
        ],
        [
          2.022368,
          0.275445,
          0.266443
        ]
      ]
    },
    {
      "name": "Bone210",
      "parent": "Bone204",
      "initpos": [
        1.997367,
        0.304338,
        0
      ],
      "initquaternion": [
        -0.005495,
        -0.035488,
        -0.152923,
        0.987585
      ],
      "initscale": [
        0.999999,
        1,
        0.999999
      ],
      "offmtx": [
        [
          0.269008,
          0.932655,
          0.240392,
          -28.187257
        ],
        [
          -0.000249,
          -0.249525,
          0.968367,
          9.089179
        ],
        [
          0.963137,
          -0.260559,
          -0.066891,
          2.967858
        ]
      ],
      "boundingbox": [
        [
          0.010858,
          -0.538386,
          -0.285887
        ],
        [
          2.030239,
          0.515194,
          0.312997
        ]
      ]
    },
    {
      "name": "Bone211",
      "parent": "Bone210",
      "initpos": [
        0.752765,
        0.948749,
        0.310576
      ],
      "initquaternion": [
        -0.035865,
        0.004589,
        0.001776,
        0.999344
      ],
      "initscale": [
        0.999999,
        0.999999,
        0.999999
      ],
      "offmtx": [
        [
          0.260038,
          0.934229,
          0.244122,
          -28.937103
        ],
        [
          -0.070318,
          -0.233826,
          0.969731,
          8.041282
        ],
        [
          0.963034,
          -0.269333,
          0.004889,
          2.972248
        ]
      ],
      "boundingbox": [
        [
          0.00622,
          -1.024661,
          -0.311487
        ],
        [
          2.039462,
          1.007486,
          0.451779
        ]
      ]
    },
    {
      "name": "Bone212",
      "parent": "Bone211",
      "initpos": [
        2.038803,
        0.579248,
        0.244293
      ],
      "initquaternion": [
        0,
        -1.6378466227706667e-7,
        -0.002972,
        0.999995
      ],
      "initscale": [
        0.999999,
        0.999999,
        1
      ],
      "offmtx": [
        [
          0.260452,
          0.935602,
          0.238352,
          -31.019727
        ],
        [
          -0.06877,
          -0.228268,
          0.971166,
          7.277726
        ],
        [
          0.963034,
          -0.269333,
          0.004889,
          2.727966
        ]
      ],
      "boundingbox": [
        [
          0.021933,
          -0.639286,
          -0.264482
        ],
        [
          1.539245,
          0.868497,
          0.256979
        ]
      ]
    },
    {
      "name": "Bone213",
      "parent": "Bone212",
      "initpos": [
        1.265628,
        0.866615,
        0.024716
      ],
      "initquaternion": [
        0.971665,
        0.222254,
        0.059717,
        0.053879
      ],
      "initscale": [
        0.999999,
        1,
        1
      ],
      "offmtx": [
        [
          0.291412,
          0.71163,
          0.639265,
          -25.80619
        ],
        [
          0.298793,
          0.56712,
          -0.767525,
          -19.122455
        ],
        [
          -0.908735,
          0.414675,
          -0.047364,
          -7.689329
        ]
      ],
      "boundingbox": [
        [
          -0.073235,
          -0.553615,
          -0.212927
        ],
        [
          2.944078,
          0.521601,
          0.163006
        ]
      ]
    }
  ],
  "boundingbox": [
    [
      -7.378493,
      27.671892,
      -5.800192
    ],
    [
      7.433307,
      35.183452,
      3.325177
    ]
  ]
}
