{"skeleton":[{"name":"root","parent":"root","initpos":[0.0,0.0,-0.0],"initquaternion":[0.707106,0.0,0.0,0.707106],"initscale":[1.0,0.999999,0.999999],"offmtx":[[1.0,0.0,0.0,0.0],[0.0,1.0,0.0,0.0],[0.0,0.0,1.0,0.0]],"boundingbox":[[0.0,0.0,0.0],[0.0,0.0,0.0]]},{"name":"Bone001","parent":"root","initpos":[-0.070846,-5.364088337955764e-07,-12.197314],"initquaternion":[-0.499999,0.5,0.499999,0.5],"initscale":[1.0,0.999999,0.999999],"offmtx":[[1.0,0.0,0.0,0.0],[0.0,1.0,0.0,0.0],[0.0,0.0,1.0,0.0]],"boundingbox":[[0.0,0.0,0.0],[0.0,0.0,0.0]]},{"name":"Bone029","parent":"Bone001","initpos":[6.020617,-0.062159,2.86899],"initquaternion":[1.0,0.0,-0.0,-7.907536883067223e-07],"initscale":[1.0,0.999999,0.999999],"offmtx":[[3.5938546716351993e-07,0.999999,0.0,-18.217929],[0.999999,-3.5938546716351993e-07,-4e-06,0.008698],[-4e-06,0.0,-1.0,2.868991]],"boundingbox":[[0.01707,-2.111327,-0.741011],[5.767071,2.128683,1.279002]]},{"name":"Bone030","parent":"Bone029","initpos":[1.446844,1.679483,-0.155301],"initquaternion":[-6.852724254713394e-07,2e-06,0.924304,0.381655],"initscale":[0.999999,0.999999,1.0],"offmtx":[[0.705531,-0.708678,-9.13126541490783e-07,12.757196],[-0.708678,-0.705531,-0.0,15.05818],[-6.045113423169823e-07,6.866648050163349e-07,-1.0,3.024272]],"boundingbox":[[-0.024126,-0.538319,-0.535717],[1.178432,0.614347,1.414284]]},{"name":"Bone031","parent":"Bone029","initpos":[1.456193,-1.606905,-0.168712],"initquaternion":[9.447138040741265e-07,1e-06,0.926043,-0.377417],"initscale":[0.999999,0.999999,1.0],"offmtx":[[-0.699009,-0.715112,1.327450718235923e-07,12.939908],[-0.715112,0.699009,1e-06,-14.90772],[-1e-06,8.623907206128933e-07,-1.0,3.037692]],"boundingbox":[[0.016259,-0.581566,-0.522288],[1.229277,0.582025,1.427713]]},{"name":"Bone032","parent":"Bone029","initpos":[1.229658,0.0,-1.158472],"initquaternion":[0.0,0.0,0.0,1.0],"initscale":[1.0,1.0,1.0],"offmtx":[[3.1391672905556334e-07,0.999999,0.0,-19.447587],[0.999999,-3.1391672905556334e-07,-4e-06,0.008696],[-4e-06,0.0,-1.0,4.027463]],"boundingbox":[[-0.012589,-2.461333,-0.892544],[6.266791,2.478673,1.117468]]},{"name":"Bone033","parent":"Bone032","initpos":[1.463794,-1.928247,-0.056583],"initquaternion":[9.447138040741265e-07,1e-06,0.926043,-0.377417],"initscale":[0.999999,0.999999,1.0],"offmtx":[[-0.699009,-0.715112,0.0,13.600072],[-0.715112,0.699009,1e-06,-16.00237],[-8.973178182714037e-07,8.623914027339197e-07,-1.0,4.084038]],"boundingbox":[[-0.027032,-0.5942,-0.585942],[1.08713,0.668245,0.564059]]},{"name":"Bone034","parent":"Bone032","initpos":[1.492084,1.997112,-0.056602],"initquaternion":[-6.852724254713394e-07,2e-06,0.924304,0.381655],"initscale":[0.999999,0.999999,1.0],"offmtx":[[0.705531,-0.708678,-7.897684781710268e-07,13.436586],[-0.708678,-0.705531,-1.799689925974235e-07,16.182762],[-4.2966635760421923e-07,6.866655439807801e-07,-1.0,4.084045]],"boundingbox":[[-0.03733,-0.60192,-0.585942],[1.065449,0.650523,0.564059]]},{"name":"Bone035","parent":"Bone032","initpos":[1.819234,0.0,-1.081664],"initquaternion":[0.0,0.0,0.0,1.0],"initscale":[1.0,1.0,1.0],"offmtx":[[3.5926510122408217e-07,0.999999,0.0,-21.266817],[0.999999,-3.5926510122408217e-07,-4e-06,0.008697],[-4e-06,0.0,-1.0,5.109129]],"boundingbox":[[-0.031817,-2.667493,-0.610875],[6.279668,2.684822,0.509141]]},{"name":"Bone036","parent":"Bone035","initpos":[1.529441,-2.225695,0.017838],"initquaternion":[8.54730444643792e-07,1e-06,0.926043,-0.377417],"initscale":[0.999999,0.999999,1.0],"offmtx":[[-0.699008,-0.715112,-1.1169300506708169e-07,14.740061],[-0.715112,0.699008,6.426320169339306e-07,-17.532619],[-3.8147996406223683e-07,5.290785907163809e-07,-1.0,5.091289]],"boundingbox":[[-0.051979,-0.711261,-0.563697],[1.163884,0.702312,0.486304]]},{"name":"Bone037","parent":"Bone035","initpos":[1.513225,2.244443,0.017816],"initquaternion":[-9.056438443622028e-07,2e-06,0.924304,0.381655],"initscale":[0.999999,0.999999,1.0],"offmtx":[[0.705531,-0.708678,-1.8957261715968343e-07,14.566312],[-0.708678,-0.705531,-3.038791476228653e-07,17.656492],[0.0,3.487422759462788e-07,-1.0,5.091295]],"boundingbox":[[-0.05816,-0.702205,-0.563698],[1.144951,0.700461,0.486302]]}],"boundingbox":[[-3.539018,18.235,1.589996],[3.539016,27.546483,5.719996]]}