{"skeleton":[{"name":"root","parent":"root","initpos":[0.0,0.0,-0.0],"initquaternion":[0.707106,0.0,0.0,0.707106],"initscale":[1.0,0.999999,0.999999],"offmtx":[[1.0,0.0,0.0,0.0],[0.0,1.0,0.0,0.0],[0.0,0.0,1.0,0.0]],"boundingbox":[[0.0,0.0,0.0],[0.0,0.0,0.0]]},{"name":"Bone002","parent":"root","initpos":[6.155189,-1e-06,-24.434543],"initquaternion":[0.5,0.499999,0.5,-0.499999],"initscale":[1.0,0.999999,0.999999],"offmtx":[[1.0,0.0,0.0,0.0],[0.0,1.0,0.0,0.0],[0.0,0.0,1.0,0.0]],"boundingbox":[[0.0,0.0,0.0],[0.0,0.0,0.0]]},{"name":"Bone137","parent":"Bone002","initpos":[2.378423,-0.763759,1e-06],"initquaternion":[0.213746,0.976889,5.489133059199958e-07,0.0],"initscale":[0.999999,0.999999,1.0],"offmtx":[[1.0,0.0,0.0,0.0],[0.0,1.0,0.0,0.0],[0.0,0.0,1.0,0.0]],"boundingbox":[[0.0,0.0,0.0],[0.0,0.0,0.0]]},{"name":"Bone138","parent":"Bone137","initpos":[3.694854,-0.339254,-0.0],"initquaternion":[0.999925,0.012204,-2.3602453325111128e-07,1.9760247482736304e-07],"initscale":[0.999999,0.999999,0.999999],"offmtx":[[0.439665,0.898161,1.0071381240095434e-07,-25.865859],[-0.898161,0.439665,-4.4793705455958843e-07,-5.284274],[-4.466002678782388e-07,1.064851886667384e-07,0.999999,-0.0]],"boundingbox":[[-0.0634,-1.574061,-3.824732],[3.375267,0.954959,5.775006]]},{"name":"Bone139","parent":"Bone138","initpos":[-0.931882,0.789072,-3.834365],"initquaternion":[-0.126155,-0.147182,-0.675715,0.711218],"initscale":[1.0,0.999999,0.999999],"offmtx":[[0.849046,-0.367198,0.379848,5.983954],[0.389529,0.920808,0.019458,-25.150867],[-0.356912,0.131441,0.924844,2.217409]],"boundingbox":[[-0.042475,-1.06523,-0.649148],[4.002408,1.004994,0.66983]]},{"name":"Bone140","parent":"Bone139","initpos":[0.44411,-1.440774,-0.091166],"initquaternion":[0.032339,0.000967,0.013156,0.999389],"initscale":[0.999999,0.999999,1.0],"offmtx":[[0.859405,-0.34294,0.379227,4.910429],[0.343225,0.936696,0.06925,-23.648338],[-0.378969,0.070646,0.922707,3.85117]],"boundingbox":[[0.015111,-0.88927,-0.693213],[4.563092,0.750578,0.651932]]},{"name":"Bone141","parent":"Bone140","initpos":[1.353645,-1.163606,-0.084582],"initquaternion":[-0.001337,0.004076,0.005845,0.999973],"initscale":[0.999999,1.0,0.999999],"offmtx":[[0.866421,-0.332543,0.372461,3.26167],[0.33414,0.940455,0.062384,-22.535072],[-0.371029,0.070403,0.925947,3.903346]],"boundingbox":[[0.122708,-0.883175,-0.655417],[3.155112,0.933859,0.673068]]},{"name":"Bone142","parent":"Bone138","initpos":[-0.939283,0.808622,4.037731],"initquaternion":[0.708204,-0.677724,-0.162439,-0.112918],"initscale":[0.999999,0.999999,0.999999],"offmtx":[[0.841804,-0.380227,-0.383134,6.459181],[-0.38799,-0.919692,0.060239,24.939517],[-0.37527,0.097942,-0.921726,3.325654]],"boundingbox":[[-0.010547,-1.023124,-0.685415],[4.000458,1.013282,0.657679]]},{"name":"Bone143","parent":"Bone142","initpos":[0.542968,1.321949,-0.104364],"initquaternion":[0.018364,-0.002189,-0.034116,0.999246],"initscale":[0.999999,0.999999,0.999999],"offmtx":[[0.86515,-0.316252,-0.389228,4.300917],[-0.343326,-0.939215,5.736943649026216e-07,24.075963],[-0.365569,0.133632,-0.921141,2.531102]],"boundingbox":[[-0.039235,-0.54552,-0.658954],[4.470497,1.017204,0.651973]]},{"name":"Bone144","parent":"Bone143","initpos":[1.198293,1.273078,-0.198764],"initquaternion":[0.00579,-0.008757,0.013377,0.999855],"initscale":[0.999999,0.999999,0.999999],"offmtx":[[0.849099,-0.33876,-0.405304,3.756965],[-0.37056,-0.928808,1e-06,22.740856],[-0.37645,0.150188,-0.914181,2.406011]],"boundingbox":[[0.16876,-0.955052,-0.620599],[3.204004,0.91652,0.723552]]},{"name":"Bone145","parent":"Bone138","initpos":[0.949865,-1.226099,1.636682],"initquaternion":[-0.610526,-0.362618,-0.324647,0.624795],"initscale":[0.999999,0.999999,0.999999],"offmtx":[[0.19804,0.488945,0.849535,-15.652063],[0.333765,0.78127,-0.527462,-22.066013],[-0.921618,0.388005,-0.008469,-2.51685]],"boundingbox":[[0.450579,-1.40055,-0.496559],[2.994966,1.392879,0.521492]]},{"name":"Bone146","parent":"Bone138","initpos":[1.066537,-1.145458,-1.811116],"initquaternion":[-0.631708,0.336459,0.358718,0.599215],"initscale":[0.999999,0.999999,0.999999],"offmtx":[[0.222648,0.465774,-0.856435,-15.474368],[-0.326087,-0.792306,-0.515671,22.322544],[-0.918745,0.394086,-0.024522,-2.830525]],"boundingbox":[[0.061954,-1.500605,-0.576529],[2.596709,1.269429,0.541971]]},{"name":"Bone147","parent":"Bone138","initpos":[2.450393,-1.480858,0.136123],"initquaternion":[-0.0,1.1449375136862727e-07,-0.782902,0.622144],"initscale":[0.999999,0.999999,1.0],"offmtx":[[0.775642,-0.631172,4.151607129188051e-07,10.100962],[0.631172,0.775642,-0.0,-26.725393],[-2.639873741827614e-07,3.3334930549244746e-07,0.999999,-0.136131]],"boundingbox":[[-0.391381,-1.415802,-1.895176],[6.391884,1.486219,1.835504]]},{"name":"Bone148","parent":"Bone147","initpos":[0.446628,-1.137256,-1.995373],"initquaternion":[0.0,-0.0,0.147369,0.989081],"initscale":[0.999999,0.999999,1.0],"offmtx":[[0.925951,-0.377641,4.1206695300388674e-07,1.775521],[0.377641,0.925951,-2.0908007059006195e-07,-27.291141],[-3.0259704431045975e-07,3.492116320558125e-07,0.999999,1.859241]],"boundingbox":[[-0.107666,-0.896757,-0.655571],[3.167486,0.867627,0.59443]]},{"name":"Bone149","parent":"Bone148","initpos":[2.950503,-1.192193,0.175609],"initquaternion":[-0.001367,-0.075605,0.012607,0.997057],"initscale":[0.999999,0.999999,0.999999],"offmtx":[[0.924644,-0.349732,0.150731,-1.568952],[0.354431,0.93507,-0.004633,-26.069053],[-0.139324,0.057708,0.988563,1.820153]],"boundingbox":[[0.094136,-1.535128,-0.59485],[2.918175,1.043045,0.520437]]},{"name":"Bone150","parent":"Bone149","initpos":[1.395909,-0.270801,-0.287091],"initquaternion":[-0.051364,0.055495,-0.699482,0.710638],"initscale":[0.999999,0.999999,0.999999],"offmtx":[[-0.339265,-0.94069,1.9185240773822443e-07,25.734489],[0.94069,-0.339265,-2.7940339464294084e-07,-3.665307],[3.279212137385912e-07,0.0,0.999999,1.755777]],"boundingbox":[[0.471777,-0.854868,-0.267751],[5.011056,0.716648,0.42904]]},{"name":"Bone151","parent":"Bone150","initpos":[4.704011,0.318675,-0.0],"initquaternion":[0.02121,0.045376,-0.422928,0.904777],"initscale":[0.999999,0.999999,0.999999],"offmtx":[[-0.934612,-0.341305,-0.100051,16.286153],[0.343026,-0.939325,-0.0,13.58019],[-0.093981,-0.03432,0.994982,3.402317]],"boundingbox":[[0.002831,-0.615477,-0.194641],[1.258296,0.392525,0.3248]]},{"name":"Bone152","parent":"Bone148","initpos":[0.446579,-1.242013,-1.344859],"initquaternion":[-0.010062,-0.222524,-0.007494,0.974846],"initscale":[0.999999,0.999999,0.999999],"offmtx":[[0.830319,-0.349582,0.434005,2.851754],[0.395198,0.918451,-0.016283,-26.067729],[-0.39292,0.185038,0.900762,1.711844]],"boundingbox":[[-0.140818,-1.415721,-0.647518],[3.391557,0.655987,0.704971]]},{"name":"Bone153","parent":"Bone147","initpos":[0.414707,-1.177324,1.940479],"initquaternion":[0.987703,0.156336,0.0,1.923130525938177e-07],"initscale":[0.999999,0.999999,0.999999],"offmtx":[[0.932651,-0.360779,3.6619542242988246e-07,1.322811],[-0.360779,-0.932651,5.416065391727898e-07,27.290613],[1.4613235066462948e-07,-6.37245705092937e-07,-0.999999,2.076619]],"boundingbox":[[-0.055684,-0.88312,-0.650794],[3.19965,0.878483,0.599209]]},{"name":"Bone154","parent":"Bone153","initpos":[3.065949,1.21928,-0.07139],"initquaternion":[0.992273,0.011702,0.123505,-0.001456],"initscale":[0.999999,0.999999,0.999999],"offmtx":[[0.895694,-0.370997,-0.245135,-0.566846],[0.382673,0.923883,-8.195636382879457e-07,-26.10519],[0.226476,-0.093806,0.969488,-2.358945]],"boundingbox":[[0.050392,-1.453719,-0.682333],[2.873875,1.059367,0.520375]]},{"name":"Bone155","parent":"Bone154","initpos":[1.474768,-0.230701,0.182945],"initquaternion":[0.086401,-0.088262,-0.694174,0.70913],"initscale":[0.999999,0.999999,0.999999],"offmtx":[[-0.362895,-0.931829,3.543682396411896e-07,25.813146],[0.931829,-0.362895,-3.966612212025211e-07,-3.153323],[4.982193786418065e-07,1.86264500712241e-07,0.999999,-1.963852]],"boundingbox":[[0.47732,-0.945894,-0.424519],[4.994328,0.625125,0.272268]]},{"name":"Bone156","parent":"Bone155","initpos":[4.719846,0.300583,2.384185791015625e-07],"initquaternion":[-0.0265,-0.058393,-0.41241,0.908738],"initscale":[0.999999,0.999999,1.0],"offmtx":[[-0.932542,-0.337614,0.127987,16.101072],[0.340414,-0.940275,0.0,13.601558],[0.120343,0.043568,0.991775,-4.057946]],"boundingbox":[[-0.023365,-0.637318,-0.352901],[1.244394,0.368749,0.201085]]},{"name":"Bone157","parent":"Bone153","initpos":[0.425489,1.368932,-1.244821],"initquaternion":[0.009231,-0.223621,-0.004198,0.974623],"initscale":[0.999999,0.999999,0.999999],"offmtx":[[0.843782,-0.3132,-0.435815,1.935919],[-0.356922,-0.933922,-0.019872,25.985994],[-0.400794,0.17232,-0.899816,2.179692]],"boundingbox":[[-0.149604,-0.764213,-0.74475],[3.396644,1.319437,0.595431]]},{"name":"Bone158","parent":"Bone137","initpos":[0.409057,1.914481,-0.0],"initquaternion":[0.728998,0.684514,-1.332799683950725e-07,-1.4194132802458626e-07],"initscale":[0.999999,0.999999,0.999999],"offmtx":[[0.933085,-0.359653,0.0,0.96548],[0.359653,0.933085,-2.3373303292828496e-07,-22.80717],[-0.0,2.5060870711968164e-07,0.999999,-7e-06]],"boundingbox":[[0.028117,-0.500854,-1.764819],[5.036786,0.543417,1.98518]]},{"name":"Bone159","parent":"Bone137","initpos":[1.873474,1.605286,-0.143066],"initquaternion":[0.72292,0.690931,-1.3452928726565005e-07,-1.407578196221948e-07],"initscale":[1.0,1.0,0.999999],"offmtx":[[0.926582,-0.376089,0.0,1.611103],[0.376089,0.926582,-2.320693965884857e-07,-24.263431],[-0.0,2.5159062033708324e-07,0.999999,-0.143073]],"boundingbox":[[-0.002013,-1.185106,-1.657885],[5.022033,1.608859,1.592115]]},{"name":"Bone160","parent":"Bone002","initpos":[4.268629,-0.04403,3e-06],"initquaternion":[0.0,0.0,0.0,1.0],"initscale":[1.0,1.0,1.0],"offmtx":[[0.0,-0.999999,0.0,20.165914],[1.0,0.0,-4e-06,-6.111162],[4e-06,0.0,0.999999,-3.2e-05]],"boundingbox":[[2.057874,-2.275732,-2.400013],[7.084833,2.932918,2.400006]]},{"name":"Bone161","parent":"Bone160","initpos":[2.553632,2.683639,1.5e-05],"initquaternion":[0.0,0.0,0.0,1.0],"initscale":[1.0,1.0,1.0],"offmtx":[[5.548733383875515e-07,-0.999999,0.0,17.612276],[1.0,5.548732815441326e-07,-1.3614543092899112e-07,-8.794809],[1.3614544513984583e-07,0.0,0.999999,-6e-06]],"boundingbox":[[-0.0225,-0.459362,-1.501581],[3.977498,0.540639,1.498418]]},{"name":"Bone162","parent":"Bone161","initpos":[3.494925,-0.168095,2.268611],"initquaternion":[-1.2364827739475004e-07,-1.1240530994882647e-07,-0.20813,0.978101],"initscale":[0.999999,0.999999,1.0],"offmtx":[[-0.407144,-0.913363,3.7521064655265945e-07,16.406599],[0.913363,-0.407144,-2.9957229230603843e-07,-2.131519],[4.263833943696227e-07,2.2073471939165756e-07,0.999999,-2.268623]],"boundingbox":[[0.014587,-0.770979,-0.865916],[3.265666,0.731354,0.838552]]},{"name":"Bone163","parent":"Bone162","initpos":[3.229588,3e-05,-2.384185791015625e-07],"initquaternion":[0.0,2.3468587073693925e-07,-0.176258,0.984343],"initscale":[1.0,1.0,1.0],"offmtx":[[-0.698782,-0.715333,-0.0,13.097909],[0.715333,-0.698782,-1.5015137933005462e-07,2.573299],[0.0,-1.203630688451085e-07,0.999999,-2.268617]],"boundingbox":[[-0.075053,-0.727364,-0.232576],[1.179177,0.281135,0.392423]]},{"name":"Bone164","parent":"Bone161","initpos":[3.494927,-0.168095,-2.277179],"initquaternion":[-1.2364827739475004e-07,-1.1240530994882647e-07,-0.20813,0.978101],"initscale":[0.999999,0.999999,1.0],"offmtx":[[-0.407144,-0.913363,3.7521064655265945e-07,16.406599],[0.913363,-0.407144,-2.9957229230603843e-07,-2.131521],[4.263833943696227e-07,2.2073471939165756e-07,0.999999,2.277167]],"boundingbox":[[0.014585,-0.77098,-0.83],[3.265663,0.731354,0.874469]]},{"name":"Bone165","parent":"Bone164","initpos":[3.229587,2.9e-05,-4.76837158203125e-07],"initquaternion":[0.0,2.3468587073693925e-07,-0.176258,0.984343],"initscale":[1.0,1.0,1.0],"offmtx":[[-0.698782,-0.715333,-0.0,13.097908],[0.715333,-0.698782,-1.501513509083452e-07,2.573298],[0.0,-1.203630688451085e-07,0.999999,2.277173]],"boundingbox":[[-0.075053,-0.727364,-0.383871],[1.179176,0.281134,0.241128]]},{"name":"Bone166","parent":"Bone161","initpos":[3.590449,0.423047,-9.536733500681294e-07],"initquaternion":[2.3540781057818094e-07,-0.0,-0.158419,0.987371],"initscale":[0.999999,0.999999,1.0],"offmtx":[[-0.312837,-0.949806,0.0,16.201723],[0.949806,-0.312837,3.6187745422466833e-07,-4.368618],[-3.1463662253372604e-07,2.0148949886333867e-07,0.999999,-4e-06]],"boundingbox":[[0.024295,-0.713465,-1.462555],[3.775443,0.7894,1.462544]]},{"name":"Bone167","parent":"Bone166","initpos":[3.218782,-0.242215,-0.0],"initquaternion":[-1.1173067804293169e-07,-2.959579319394834e-07,-0.353191,0.935551],"initscale":[0.999999,0.999999,1.0],"offmtx":[[-0.862474,-0.5061,4.61824242847797e-07,12.470811],[0.5061,-0.862474,3.33883235725807e-07,5.482953],[2.2933330967589427e-07,5.216951990405505e-07,0.999999,-1.2e-05]],"boundingbox":[[0.005836,-0.749999,-0.366827],[2.513291,0.75747,0.363659]]},{"name":"Bone168","parent":"Bone166","initpos":[2.900534,-0.699137,9.536741458759934e-07],"initquaternion":[0.0,-3.371747538949421e-07,-0.707021,0.707191],"initscale":[0.999999,0.999999,1.0],"offmtx":[[-0.949881,0.312608,1.1274894973212213e-07,3.67268],[-0.312608,-0.949881,3.9428965692422935e-07,13.300303],[2.3035664753479068e-07,3.3928222364920657e-07,0.999999,-1e-05]],"boundingbox":[[0.011801,-0.625097,-1.360322],[2.262458,0.626086,1.383173]]},{"name":"Bone169","parent":"Bone161","initpos":[2.498809,0.29741,-1.493428],"initquaternion":[0.5,-0.499999,-0.5,-0.499999],"initscale":[1.0,1.0,1.0],"offmtx":[[0.0,0.0,-0.999999,-1.493424],[-6.715440576954279e-07,0.999999,-0.0,-15.113468],[1.0,6.71544000852009e-07,0.0,-9.092224]],"boundingbox":[[-0.035702,-0.996418,-0.00246],[0.642216,0.989404,-0.000717]]},{"name":"Bone170","parent":"Bone161","initpos":[2.961233,-0.194064,-0.985378],"initquaternion":[-0.287151,0.646176,0.646176,0.287152],"initscale":[0.999999,0.999999,0.999999],"offmtx":[[-1.516435759185697e-07,0.670174,-0.742203,-10.550105],[-3.661332073079393e-07,0.742203,0.670174,-10.213688],[1.0,3.7337301250772725e-07,1.3282267730119202e-07,-8.600745]],"boundingbox":[[-0.005572,-0.820359,-0.265303],[3.245907,0.807601,0.3597]]},{"name":"Bone171","parent":"Bone161","initpos":[2.503963,0.278537,1.454831],"initquaternion":[0.5,0.499999,0.5,-0.499999],"initscale":[1.0,1.0,1.0],"offmtx":[[1.901300947793061e-07,0.0,0.999999,-1.454837],[3.735208622401842e-07,-0.999999,-0.0,15.108316],[1.0,3.735208338184748e-07,-1.9013008056845138e-07,-9.073345]],"boundingbox":[[0.004296,-0.994558,0.016414],[0.682214,0.991264,0.018157]]},{"name":"Bone172","parent":"Bone161","initpos":[2.963773,-0.214372,0.993185],"initquaternion":[0.286344,0.646534,0.646534,-0.286343],"initscale":[0.999999,0.999999,0.999999],"offmtx":[[5.89504281833797e-07,0.672027,0.740525,-10.579693],[-4.589284401390614e-07,-0.740525,0.672027,10.180154],[1.0,-7.360116001109418e-07,-1.2813053729132662e-07,-8.580418]],"boundingbox":[[-0.0117,-0.814744,-0.244996],[3.243824,0.821331,0.38001]]},{"name":"Bone183","parent":"Bone160","initpos":[7.329442,-2.424222,-0.000468],"initquaternion":[6e-06,1.9e-05,0.214719,0.976675],"initscale":[1.0,1.0,1.0],"offmtx":[[0.419423,-0.90779,-3.7e-05,10.106445],[0.90779,0.419423,1.6e-05,-8.730883],[8.558647550671594e-07,-4.1e-05,1.0,0.000979]],"boundingbox":[[-0.01364,-0.498229,-2.379858],[2.790042,0.511705,2.361141]]}],"boundingbox":[[3.230478,9.624995,-4.673298],[14.179737,29.006433,5.775002]]}