{"skeleton":[{"name":"root","parent":"root","initpos":[0.0,0.0,-0.0],"initquaternion":[0.707106,0.0,0.0,0.707106],"initscale":[1.0,0.999999,0.999999],"offmtx":[[1.0,0.0,0.0,0.0],[0.0,1.0,0.0,0.0],[0.0,0.0,1.0,0.0]],"boundingbox":[[0.0,0.0,0.0],[0.0,0.0,0.0]]},{"name":"Bone001","parent":"root","initpos":[-0.070846,-5.364088337955764e-07,-12.197314],"initquaternion":[-0.499999,0.5,0.499999,0.5],"initscale":[1.0,0.999999,0.999999],"offmtx":[[1.0,0.0,0.0,0.0],[0.0,1.0,0.0,0.0],[0.0,0.0,1.0,0.0]],"boundingbox":[[0.0,0.0,0.0],[0.0,0.0,0.0]]},{"name":"Bone041","parent":"Bone001","initpos":[11.985014,3.613164,-1.861368],"initquaternion":[0.611152,-0.064266,0.355655,0.704181],"initscale":[0.999999,0.999999,0.999999],"offmtx":[[-0.422337,0.738757,0.525231,-18.443145],[-1e-06,-0.579445,0.815011,15.529359],[0.906438,0.344208,0.244722,-4.528923]],"boundingbox":[[-0.728181,-2.701071,-1.985276],[18.462062,2.692333,2.288524]]},{"name":"Bone042","parent":"Bone041","initpos":[1.953083,3.326883,0.926352],"initquaternion":[0.975241,0.20912,0.05774,-0.042878],"initscale":[0.999999,0.999999,0.999999],"offmtx":[[-0.264242,0.480677,0.836136,-14.271729],[-0.228273,0.811147,-0.538452,-19.186182],[-0.937052,-0.333149,-0.104613,4.782758]],"boundingbox":[[0.2891,-1.707213,-1.635756],[11.690582,1.856275,2.249712]]},{"name":"Bone043","parent":"Bone042","initpos":[2.47619,-1.629663,0.327651],"initquaternion":[0.999623,0.01807,0.008553,-0.018814],"initscale":[1.0,0.999998,0.999999],"offmtx":[[-0.288864,0.503413,0.814329,-17.283935],[0.253288,-0.780095,0.572098,16.755987],[0.923256,0.371519,0.097833,-5.392096]],"boundingbox":[[-0.294745,-1.381827,-1.86967],[6.518638,1.625503,2.256249]]},{"name":"Bone040","parent":"Bone001","initpos":[11.671494,-3.31599,-2.342473],"initquaternion":[0.683296,-0.361849,0.046813,0.632438],"initscale":[0.999999,0.999999,0.999999],"offmtx":[[0.43529,0.733746,0.521669,-17.704229],[-0.061825,-0.553714,0.830408,15.362359],[0.898164,-0.393721,-0.195661,6.024654]],"boundingbox":[[-0.054125,-2.481938,-2.112358],[19.133121,2.787142,2.294924]]},{"name":"Bone039","parent":"Bone040","initpos":[3.077522,3.088546,-1.362311],"initquaternion":[0.969392,0.241625,-0.028708,-0.032726],"initscale":[0.999999,0.999999,0.999999],"offmtx":[[0.318879,0.402113,0.858265,-12.842355],[0.188123,0.860669,-0.473135,-21.081926],[-0.928937,0.312332,0.198802,-5.265087]],"boundingbox":[[0.118987,-2.100814,-2.644385],[11.379626,1.692353,1.460532]]},{"name":"Bone038","parent":"Bone039","initpos":[2.378127,-2.146619,-0.524322],"initquaternion":[0.996362,0.024808,0.003376,0.081454],"initscale":[0.999999,0.999999,0.999999],"offmtx":[[0.325388,0.44547,0.834073,-16.160652],[-0.320744,-0.777782,0.540534,17.146345],[0.889519,-0.443408,-0.110198,7.584197]],"boundingbox":[[-0.353672,-1.369693,-1.955881],[6.538195,1.49946,2.184424]]}],"boundingbox":[[-11.536805,21.732923,-3.524116],[11.536808,39.579742,11.695766]]}