{"skeleton":[{"name":"root","parent":"root","initpos":[0.0,0.0,-0.0],"initquaternion":[0.707106,0.0,0.0,0.707106],"initscale":[1.0,0.999999,0.999999],"offmtx":[[1.0,0.0,0.0,0.0],[0.0,1.0,0.0,0.0],[0.0,0.0,1.0,0.0]],"boundingbox":[[0.0,0.0,0.0],[0.0,0.0,0.0]]},{"name":"Bone001","parent":"root","initpos":[-0.070846,-5.364088337955764e-07,-12.197314],"initquaternion":[-0.499999,0.5,0.499999,0.5],"initscale":[1.0,0.999999,0.999999],"offmtx":[[1.0,0.0,0.0,0.0],[0.0,1.0,0.0,0.0],[0.0,0.0,1.0,0.0]],"boundingbox":[[0.0,0.0,0.0],[0.0,0.0,0.0]]},{"name":"Bone007","parent":"Bone001","initpos":[5.722495,-0.064288,-2.679865],"initquaternion":[0.0,0.0,0.0,1.0],"initscale":[1.0,1.0,1.0],"offmtx":[[3.1391647326017846e-07,0.999999,0.0,-17.919809],[-1.0,3.139165016818879e-07,-3.635764187492896e-07,-0.006571],[-3.6357647559270845e-07,0.0,1.0,2.679865]],"boundingbox":[[-0.01481,-2.081565,-0.960133],[5.415188,2.068435,1.429867]]},{"name":"Bone023","parent":"Bone007","initpos":[0.267053,3.600742,4.76837158203125e-07],"initquaternion":[0.0,0.0,0.0,1.0],"initscale":[1.0,1.0,1.0],"offmtx":[[2.2258045362377743e-07,0.999999,0.0,-18.186864],[-1.0,2.2258045362377743e-07,-3.635765040144179e-07,-3.607312],[-3.6357656085783674e-07,0.0,1.0,2.679864]],"boundingbox":[[0.032471,-0.823108,-0.825133],[2.532472,0.726891,1.524866]]},{"name":"Bone024","parent":"Bone007","initpos":[0.267059,-3.483359,4.76837158203125e-07],"initquaternion":[0.0,0.0,0.0,1.0],"initscale":[1.0,1.0,1.0],"offmtx":[[2.2258045362377743e-07,0.999999,0.0,-18.186868],[-1.0,2.2258045362377743e-07,-3.635765040144179e-07,3.476788],[-3.6357656085783674e-07,0.0,1.0,2.679864]],"boundingbox":[[0.032469,-0.857407,-0.825133],[2.532469,0.692593,1.524866]]},{"name":"Bone027","parent":"Bone007","initpos":[1.983337,0.054202,0.095317],"initquaternion":[0.0,-2.505076110992377e-07,0.493479,0.869757],"initscale":[0.999999,0.999999,1.0],"offmtx":[[-0.858415,0.512955,2.785993444831547e-07,-10.261592],[-0.512955,-0.858415,-5.518883767763327e-07,17.053989],[-0.0,-6.166584967104427e-07,1.0,2.584559]],"boundingbox":[[0.028969,-0.660059,-0.100453],[3.346626,0.589387,0.149548]]},{"name":"Bone028","parent":"Bone027","initpos":[3.318943,0.0,-2.384185791015625e-07],"initquaternion":[-0.0,2.3770226675878803e-07,0.009414,0.999955],"initscale":[1.0,1.0,1.0],"offmtx":[[-0.867921,0.496701,-2.0867845762495563e-07,-13.257024],[-0.496701,-0.867921,-7.069594971653714e-07,17.306673],[-5.322644938132726e-07,-5.099341819914116e-07,1.0,2.584555]],"boundingbox":[[0.016182,-0.623441,-0.100453],[3.320724,0.589103,0.149547]]},{"name":"Bone025","parent":"Bone007","initpos":[2.117107,-0.033774,0.095317],"initquaternion":[-0.0,0.0,-0.511491,0.859288],"initscale":[1.0,1.0,1.0],"offmtx":[[0.879037,0.476752,4.254229963862599e-07,-9.576562],[-0.476752,0.879037,-1.0536537331518048e-07,-17.600234],[-4.241961732986965e-07,-1.1020129875305429e-07,1.0,2.584549]],"boundingbox":[[-0.014811,-0.671718,-0.100451],[3.315984,0.615763,0.149548]]},{"name":"Bone026","parent":"Bone025","initpos":[3.2667,0.0,-0.0],"initquaternion":[0.0,0.0,0.018658,0.999825],"initscale":[0.999999,0.999999,1.0],"offmtx":[[0.860638,0.509216,4.2728825633275846e-07,-13.490983],[-0.509216,0.860638,-1.2116441894249874e-07,-17.108804],[-4.294395523629646e-07,-1.1330371307849418e-07,1.0,2.584549]],"boundingbox":[[0.027464,-0.620474,-0.100451],[3.340087,0.614688,0.149548]]},{"name":"Bone008","parent":"Bone007","initpos":[-1.179643,-0.012871,-0.693853],"initquaternion":[0.0,0.0,0.0,1.0],"initscale":[1.0,1.0,1.0],"offmtx":[[2.2258045362377743e-07,0.999999,0.0,-16.740165],[-1.0,2.2258045362377743e-07,-4.514682530043501e-07,0.0063],[-4.51468309847769e-07,0.0,1.0,3.373719]],"boundingbox":[[-0.025167,-1.273694,-0.276279],[3.704832,1.286305,0.32372]]},{"name":"Bone015","parent":"Bone008","initpos":[2.606388,-1.493301,-0.213031],"initquaternion":[0.0,0.0,0.0,1.0],"initscale":[1.0,1.0,1.0],"offmtx":[[5.111084533382382e-07,0.999999,0.0,-19.346553],[-1.0,5.11108510181657e-07,-5.068827135801257e-07,1.499596],[-5.068827704235446e-07,0.0,1.0,3.58675]],"boundingbox":[[0.048445,-0.870392,-0.253247],[4.238444,0.769607,0.346752]]},{"name":"Bone016","parent":"Bone015","initpos":[0.906627,0.017616,0.71912],"initquaternion":[-1.585437132689549e-07,0.0,-0.234154,0.972199],"initscale":[0.999999,0.999999,1.0],"offmtx":[[0.455289,0.890343,4.2840980540859164e-07,-18.707021],[-0.890343,0.455289,-6.76393142384768e-07,-7.901579],[-7.972727189553552e-07,-0.0,1.0,2.867631]],"boundingbox":[[-0.045492,-0.579356,-0.427369],[4.787691,0.56541,0.222631]]},{"name":"Bone017","parent":"Bone015","initpos":[-0.027027,0.093919,0.71912],"initquaternion":[0.0,0.0,-0.34439,0.938826],"initscale":[1.0,1.0,1.0],"offmtx":[[0.646646,0.76279,4.970918325852836e-07,-15.645726],[-0.76279,0.646646,-2.4310787694048486e-07,-11.420652],[-5.068828841103823e-07,-2.2197201587914606e-07,1.0,2.867634]],"boundingbox":[[0.066087,-0.504505,-0.077368],[4.871074,0.51567,0.572631]]},{"name":"Bone018","parent":"Bone017","initpos":[1.670989,-0.131251,4.76837158203125e-07],"initquaternion":[0.0,0.0,-0.203233,0.97913],"initscale":[0.999999,0.999999,1.0],"offmtx":[[0.896806,0.442423,5.527814437300549e-07,-11.393236],[-0.442423,0.896806,-0.0,-17.248579],[-5.128373459228897e-07,-2.099024527524307e-07,1.0,2.867634]],"boundingbox":[[-0.054483,-0.564803,0.022631],[2.698491,0.509461,0.672631]]},{"name":"Bone019","parent":"Bone015","initpos":[0.154439,-0.877989,0.096611],"initquaternion":[-0.0,0.0,-0.707106,0.707106],"initscale":[1.0,1.0,1.0],"offmtx":[[1.0,-1.4647501700437715e-07,5.068827704235446e-07,-2.377593],[1.4647503121523187e-07,0.999999,-0.0,-19.500993],[-5.068828272669634e-07,0.0,1.0,3.490138]],"boundingbox":[[-0.043426,-0.181655,-0.124859],[1.156573,0.218344,0.025141]]},{"name":"Bone020","parent":"Bone019","initpos":[1.143554,0.0,-0.0],"initquaternion":[0.0,-1.099135360504988e-07,0.556954,0.830542],"initscale":[1.0,1.0,1.0],"offmtx":[[0.379602,0.925149,4.014389674011909e-07,-19.377977],[-0.925149,0.379602,-4.917782803204318e-07,-4.14504],[-6.073559006836149e-07,-1.8471072849024495e-07,1.0,3.490143]],"boundingbox":[[-0.101523,-0.09868,-0.114859],[2.199795,0.308981,0.03514]]},{"name":"Bone009","parent":"Bone008","initpos":[2.606388,1.597046,-0.213031],"initquaternion":[0.0,0.0,0.0,1.0],"initscale":[1.0,1.0,1.0],"offmtx":[[5.111084533382382e-07,0.999999,0.0,-19.346553],[-1.0,5.11108510181657e-07,-5.068827135801257e-07,-1.590751],[-5.068827704235446e-07,0.0,1.0,3.58675]],"boundingbox":[[0.048444,-0.860741,-0.253247],[4.238442,0.77926,0.346752]]},{"name":"Bone010","parent":"Bone009","initpos":[0.821859,-0.023427,0.71912],"initquaternion":[-1.8008938695857069e-07,-0.0,0.227699,0.973731],"initscale":[1.0,1.0,1.0],"offmtx":[[-0.443436,0.896306,-0.0,-18.772077],[-0.896305,-0.443436,-9.226481552104815e-07,7.538609],[-8.384223519897205e-07,-3.859970831854298e-07,1.0,2.867637]],"boundingbox":[[-0.001778,-0.626992,-0.427368],[4.820037,0.465118,0.222632]]},{"name":"Bone011","parent":"Bone009","initpos":[-0.02333,-0.058353,0.71912],"initquaternion":[-1.3932395859228563e-07,-0.0,0.330449,0.943823],"initscale":[1.0,1.0,1.0],"offmtx":[[-0.623771,0.781606,-0.0,-16.059015],[-0.781606,-0.623771,-8.60484135500883e-07,10.855557],[-7.070307788126229e-07,-4.935529887006851e-07,1.0,2.867639]],"boundingbox":[[-0.025757,-0.590031,-0.327368],[4.785075,0.527601,0.322632]]},{"name":"Bone012","parent":"Bone011","initpos":[1.512865,0.211797,1e-06],"initquaternion":[2.860124084236304e-07,-2.3374697377676057e-07,0.182958,0.98312],"initscale":[1.0,1.0,1.0],"offmtx":[[-0.863187,0.504882,2.0314604398663505e-07,-12.566475],[-0.504882,-0.863187,-3.0615939294875716e-07,16.252515],[0.0,-3.668380372801039e-07,1.0,2.867635]],"boundingbox":[[-0.015002,-0.481334,-0.227371],[2.690037,0.433898,0.422629]]},{"name":"Bone013","parent":"Bone009","initpos":[0.215299,0.929228,0.096611],"initquaternion":[0.0,-0.0,0.718415,0.695614],"initscale":[1.0,1.0,1.0],"offmtx":[[-0.99948,-0.032239,-3.627798719207931e-07,-1.887988],[0.032239,-0.99948,-2.929376137217332e-07,19.632926],[-3.531470440520934e-07,-3.0448131838056725e-07,1.0,3.490145]],"boundingbox":[[-0.19078,-0.1901,-0.124859],[1.021491,0.248378,0.025141]]},{"name":"Bone014","parent":"Bone013","initpos":[0.992807,-0.00031,-4.76837158203125e-07],"initquaternion":[-0.0,-0.0,-0.565881,0.824486],"initscale":[0.999999,0.999999,1.0],"offmtx":[[-0.389453,0.921046,2.1336569488994428e-07,-19.356044],[-0.921046,-0.389453,-4.7099197786337754e-07,4.371129],[-3.5070911508228164e-07,-3.79949085527187e-07,1.0,3.490147]],"boundingbox":[[-0.126885,-0.305239,-0.114859],[2.175988,0.111629,0.035141]]},{"name":"Bone021","parent":"Bone008","initpos":[1.232191,2.015934,0.044897],"initquaternion":[3.041810998638539e-07,-0.0,0.506277,0.86237],"initscale":[1.0,1.0,1.0],"offmtx":[[-0.873197,0.487365,1.0337483757894006e-07,-10.513913],[-0.487365,-0.873197,0.0,14.714001],[1.2096168688913167e-07,0.0,1.0,3.328822]],"boundingbox":[[-0.156845,-0.944549,-0.196177],[2.414353,0.899819,-0.036176]]},{"name":"Bone022","parent":"Bone008","initpos":[1.106084,-1.798095,0.044897],"initquaternion":[-0.0,0.0,-0.49697,0.867767],"initscale":[0.999999,0.999999,1.0],"offmtx":[[0.862509,0.506041,5.017225248593604e-07,-10.587255],[-0.506041,0.862509,-1.1748383599297085e-07,-14.479454],[-4.921919867229008e-07,-1.5256151186804345e-07,1.0,3.328824]],"boundingbox":[[0.073258,-0.901615,-0.196177],[2.64551,0.921058,-0.036176]]}],"boundingbox":[[-6.078298,16.714998,-3.840001],[6.0783,24.542856,-1.154999]]}