{"skeleton":[{"name":"root","parent":"root","initpos":[0.0,0.0,-0.0],"initquaternion":[0.707106,0.0,0.0,0.707106],"initscale":[1.0,0.999999,0.999999],"offmtx":[[1.0,0.0,0.0,0.0],[0.0,1.0,0.0,0.0],[0.0,0.0,1.0,0.0]],"boundingbox":[[0.0,0.0,0.0],[0.0,0.0,0.0]]},{"name":"Bone006","parent":"root","initpos":[0.0,0.0,-0.0],"initquaternion":[0.5,-0.499999,-0.5,-0.499999],"initscale":[1.0,1.0,1.0],"offmtx":[[0.0,1.0,0.0,-23.971727],[-1.0,0.0,-1.6292069915380125e-07,0.049587],[-1.6292069915380125e-07,0.0,0.999999,1e-06]],"boundingbox":[[-0.015285,-5.547838,-5.350906],[11.162302,5.647017,8.807547]]},{"name":"Bone016","parent":"Bone006","initpos":[2.548649,-3.144294,-2.631975],"initquaternion":[-0.3672,-0.461508,-0.599398,0.541197],"initscale":[1.0,1.0,1.0],"offmtx":[[0.309852,-0.144538,0.939733,5.316935],[-0.011769,0.987718,0.155799,-25.747011],[-0.950711,-0.059335,0.304346,5.411087]],"boundingbox":[[-0.031862,-1.013544,-0.972658],[3.589272,1.145946,1.007135]]},{"name":"Bone058","parent":"Bone016","initpos":[3.399084,0.083079,-0.011884],"initquaternion":[-0.03992,-0.138604,0.195551,0.970028],"initscale":[0.999999,0.999999,0.999999],"offmtx":[[0.028851,0.242693,0.969673,-7.014248],[0.000212,0.970076,-0.2428,-25.192605],[-0.999583,0.007211,0.027936,4.051372]],"boundingbox":[[-0.333551,-0.757095,-0.687886],[2.908442,0.880526,0.77488]]},{"name":"Bone059","parent":"Bone058","initpos":[2.973977,-1e-06,-0.0],"initquaternion":[-0.007777,0.097811,0.078883,0.992043],"initscale":[0.999999,0.999999,0.999999],"offmtx":[[0.223185,0.383972,0.895964,-14.368593],[-0.004349,0.919532,-0.392988,-23.297559],[-0.974766,0.083812,0.206896,1.269738]],"boundingbox":[[-0.236466,-0.394161,-0.579099],[2.572534,0.821252,0.431346]]},{"name":"Bone017","parent":"Bone006","initpos":[2.371167,3.478887,-2.361694],"initquaternion":[0.40781,-0.473496,0.597289,0.502728],"initscale":[0.999999,0.999999,0.999999],"offmtx":[[-0.214355,-0.161908,0.963243,5.804927],[0.046128,-0.986743,-0.155592,25.784408],[0.975666,0.011081,0.218982,3.571109]],"boundingbox":[[-0.814112,-1.265938,-0.994653],[2.773569,0.761402,0.904874]]},{"name":"Bone060","parent":"Bone017","initpos":[2.599922,4.5e-05,-7.152557373046875e-07],"initquaternion":[0.103912,-0.095428,-0.194976,0.970607],"initscale":[0.999999,0.999999,0.999999],"offmtx":[[-0.071323,0.247997,0.966131,-6.850739],[0.197859,-0.945832,0.257394,25.269849],[0.977632,0.209517,0.018391,-1.536273]],"boundingbox":[[-0.277183,-0.981784,-0.728781],[2.972293,0.702149,0.73856]]},{"name":"Bone061","parent":"Bone060","initpos":[2.895733,4e-06,7.152557373046875e-07],"initquaternion":[-0.000679,-0.005464,-0.123471,0.992332],"initscale":[1.0,0.999999,1.0],"offmtx":[[-0.106861,0.474498,0.873745,-15.657825],[0.174348,-0.856219,0.486303,22.110883],[0.978868,0.204303,0.008768,-1.363906]],"boundingbox":[[-0.098924,-0.784169,-0.388433],[2.802024,0.687866,0.633874]]},{"name":"Bone018","parent":"Bone006","initpos":[3.809839,3.242946,-4.235291],"initquaternion":[0.068198,-0.043669,0.590773,0.802763],"initscale":[0.999999,0.999999,0.999999],"offmtx":[[-0.942545,0.29816,0.150692,-10.655021],[-0.292672,-0.954458,0.057896,25.826946],[0.161091,0.010466,0.986884,4.403387]],"boundingbox":[[-0.028328,-0.501501,-0.113851],[1.902845,0.47151,0.104095]]},{"name":"Bone062","parent":"Bone018","initpos":[1.854263,-2e-06,-4.76837158203125e-07],"initquaternion":[0.112255,-0.583373,0.035163,0.80364],"initscale":[1.0,1.0,0.999999],"offmtx":[[-0.124563,0.175441,0.976578,-1.723293],[-0.085397,-0.982486,0.16561,28.071372],[0.988529,-0.062768,0.137363,7.206308]],"boundingbox":[[-0.026478,-0.45723,-0.141143],[3.076457,0.551658,0.141279]]},{"name":"Bone063","parent":"Bone062","initpos":[3.038354,0.0,4.76837158203125e-07],"initquaternion":[0.081179,0.053141,0.245975,0.964407],"initscale":[0.999999,0.999999,0.999999],"offmtx":[[-0.211886,-0.317462,0.924295,8.951028],[0.164712,-0.94384,-0.286416,27.839326],[0.963313,0.091555,0.252276,2.73084]],"boundingbox":[[-0.118826,-0.439049,-0.084905],[2.588321,0.582937,0.050216]]},{"name":"Bone064","parent":"Bone063","initpos":[2.430397,0.0,-0.000131],"initquaternion":[-0.05803,-0.294502,-0.278773,0.912242],"initscale":[0.999999,0.999999,0.999999],"offmtx":[[0.328427,0.286897,0.899902,-7.276203],[0.079174,-0.957761,0.276448,27.02346],[0.941205,-0.019543,-0.33727,6.464881]],"boundingbox":[[-0.195369,-0.483646,-0.130995],[2.9133,0.542823,0.034842]]},{"name":"Bone019","parent":"Bone006","initpos":[3.665172,-3.113553,-4.185895],"initquaternion":[-0.073062,-0.04421,-0.568785,0.81804],"initscale":[0.999999,0.999999,0.999999],"offmtx":[[0.924118,0.349057,0.155446,-11.919298],[-0.34229,0.937039,-0.069244,-25.104],[-0.169829,0.010782,0.985414,4.364053]],"boundingbox":[[0.048408,-0.376248,-0.18315],[1.966354,0.562895,0.053315]]},{"name":"Bone065","parent":"Bone019","initpos":[1.85096,0.0,-0.0],"initquaternion":[-0.141897,-0.574715,-0.079939,0.801983],"initscale":[0.999999,0.999999,0.999999],"offmtx":[[0.129493,0.156879,0.979091,-1.251451],[-0.031867,0.987553,-0.15402,-28.376056],[-0.991068,-0.011256,0.132881,5.666466]],"boundingbox":[[-0.073552,-0.495663,-0.230398],[3.045383,0.574026,0.088754]]},{"name":"Bone066","parent":"Bone065","initpos":[2.98043,-4.1e-05,-0.0],"initquaternion":[-0.014165,0.052987,-0.245528,0.967836],"initscale":[0.999999,0.999999,0.999999],"offmtx":[[0.223102,-0.332669,0.916272,9.288996],[0.086299,0.943014,0.321366,-27.251098],[-0.970967,0.007376,0.239098,5.129146]],"boundingbox":[[-0.159012,-0.473553,-0.145959],[2.563722,0.592079,0.03664]]},{"name":"Bone067","parent":"Bone066","initpos":[2.533345,-5e-06,4.76837158203125e-07],"initquaternion":[-0.005713,-0.279639,0.297254,0.912912],"initscale":[1.0,1.0,0.999999],"offmtx":[[-0.296554,0.296708,0.907754,-7.770569],[0.122221,0.954488,-0.272055,-26.98464],[-0.947162,0.030267,-0.319322,5.100599]],"boundingbox":[[-0.214786,-0.345299,-0.09216],[2.887949,0.667036,0.127756]]},{"name":"Bone024","parent":"Bone006","initpos":[3.967151,-1.290219,3.912895],"initquaternion":[0.523706,0.562559,0.452921,-0.451796],"initscale":[0.999999,1.0,1.0],"offmtx":[[-0.179976,-0.043221,0.98272,-2.396584],[-0.041186,0.998489,0.036372,-27.9838],[-0.982808,-0.033928,-0.181484,2.974841]],"boundingbox":[[-0.163521,-0.534395,-0.636806],[2.899105,0.772413,0.620617]]},{"name":"Bone072","parent":"Bone024","initpos":[2.801741,-0.000135,-0.0],"initquaternion":[-0.008434,0.135213,0.061684,0.988858],"initscale":[0.999999,0.999999,0.999999],"offmtx":[[0.086882,0.087328,0.992383,-9.117303],[-0.0185,0.99612,-0.086037,-27.120716],[-0.996046,-0.010884,0.088161,0.547355]],"boundingbox":[[-1.091957,-0.379683,-0.515156],[1.761812,0.667663,0.399193]]},{"name":"Bone073","parent":"Bone072","initpos":[1.693533,1e-06,4.470348358154297e-07],"initquaternion":[0.016773,-0.099649,0.165143,0.981079],"initscale":[1.0,1.0,0.999999],"offmtx":[[-0.125787,0.398091,0.90868,-18.593858],[-0.045925,0.912637,-0.406182,-22.086912],[-0.990993,-0.092823,-0.096515,4.375327]],"boundingbox":[[-0.198878,-0.251306,-0.310108],[1.031776,0.386294,0.264468]]},{"name":"Bone025","parent":"Bone006","initpos":[6.148745,-0.209754,5.764884],"initquaternion":[-0.571202,-0.4108,-0.461586,0.540285],"initscale":[0.999999,0.999999,0.999999],"offmtx":[[0.029476,0.236361,0.971217,-12.72592],[0.078669,0.968077,-0.237984,-27.807403],[-0.996464,0.08342,0.009941,-2.311549]],"boundingbox":[[-1.03048,-0.734315,-1.022358],[2.437624,1.189114,1.037866]]},{"name":"Bone074","parent":"Bone025","initpos":[2.219522,0.012799,0.100636],"initquaternion":[-0.102264,0.216298,-0.190598,0.952065],"initscale":[1.0,1.0,1.0],"offmtx":[[0.364105,-0.228199,0.902968,-0.234309],[0.3569,0.929695,0.09104,-29.311292],[-0.860261,0.289121,0.419951,-11.99755]],"boundingbox":[[-0.538161,-0.545668,-0.613248],[2.608559,0.98619,0.709618]]},{"name":"Bone026","parent":"Bone006","initpos":[9.360291,-0.1579,1.181979],"initquaternion":[0.620801,-0.172103,0.344222,0.683005],"initscale":[0.999999,0.999999,0.999999],"offmtx":[[-0.256527,0.703782,0.662483,-24.188301],[0.007767,-0.683896,0.729537,21.931739],[0.966505,0.192292,0.169971,-6.810927]],"boundingbox":[[-0.248765,-0.560116,-0.723969],[2.802059,0.78151,0.63947]]},{"name":"Bone075","parent":"Bone026","initpos":[2.438294,-5e-06,-2.384185791015625e-07],"initquaternion":[0.03226,-0.180336,-0.031743,0.982563],"initscale":[0.999999,0.999999,0.999999],"offmtx":[[0.100634,0.774958,0.623948,-28.864105],[0.067055,-0.630989,0.772888,19.98097],[0.992661,-0.03594,-0.115464,1.997561]],"boundingbox":[[-0.123656,-0.611516,-0.669678],[3.695876,0.670184,0.477705]]},{"name":"Bone027","parent":"Bone006","initpos":[7.209607,3.815304,-2.841469],"initquaternion":[0.529013,-0.467011,0.47517,0.525602],"initscale":[0.999999,0.999999,0.999999],"offmtx":[[-0.005391,0.112226,0.993667,-0.696211],[0.011283,-0.993612,0.112281,31.343692],[0.999921,0.011817,0.00409,3.408546]],"boundingbox":[[-0.033187,-0.925154,-0.979916],[3.15348,0.727063,0.941663]]},{"name":"Bone076","parent":"Bone027","initpos":[3.037871,-4.76837158203125e-07,-0.0],"initquaternion":[0.008001,0.050579,-0.15605,0.98642],"initscale":[0.999999,0.999999,0.999999],"offmtx":[[-0.110841,0.410069,0.905293,-13.505925],[0.009068,-0.910451,0.413516,28.660524],[0.993796,0.054044,0.097197,2.037799]],"boundingbox":[[-0.175964,-0.633037,-0.689811],[2.930682,0.610907,0.764858]]},{"name":"Bone077","parent":"Bone076","initpos":[2.754043,4.76837158203125e-07,-2.384185791015625e-07],"initquaternion":[0.01635,0.078515,-0.203209,0.975845],"initscale":[0.999999,0.999999,0.999999],"offmtx":[[-0.262785,0.721255,0.640885,-26.335651],[-0.035929,-0.671085,0.740509,19.78771],[0.964185,0.171568,0.202265,-2.201137]],"boundingbox":[[-0.163932,-0.419772,-0.469122],[2.415699,0.563809,0.614135]]},{"name":"Bone028","parent":"Bone006","initpos":[4.319488,4.763549,-0.350688],"initquaternion":[0.593971,-0.360483,0.390264,0.604104],"initscale":[0.999999,0.999999,0.999999],"offmtx":[[-0.043286,0.435489,0.899152,-12.209259],[0.010218,-0.899755,0.436273,25.656352],[0.99901,0.028072,0.034497,3.927184]],"boundingbox":[[0.05522,-1.033117,-0.746331],[3.363792,0.638543,0.755271]]},{"name":"Bone078","parent":"Bone028","initpos":[3.236172,0.0,1e-06],"initquaternion":[-0.010661,-0.080462,-0.07389,0.993957],"initscale":[0.999999,1.0,1.0],"offmtx":[[0.117631,0.560249,0.819929,-18.167018],[-0.005622,-0.825272,0.564707,23.038579],[0.993041,-0.071037,-0.093928,7.170475]],"boundingbox":[[-0.192004,-0.871217,-0.642328],[2.643232,0.423214,0.454627]]},{"name":"Bone079","parent":"Bone078","initpos":[2.541582,1e-06,9.5367431640625e-07],"initquaternion":[0.00684,0.062192,-0.010773,0.997982],"initscale":[0.999999,0.999999,0.999999],"offmtx":[[-0.006605,0.581657,0.813406,-21.910543],[0.009237,-0.813354,0.581695,22.656452],[0.999935,0.011355,-0.0,4.201332]],"boundingbox":[[-0.195724,-0.440023,-0.421013],[2.095794,0.117417,0.705411]]},{"name":"Bone029","parent":"Bone006","initpos":[8.87565,-1.6673,-1.112962],"initquaternion":[-0.62191,-0.336493,-0.329408,0.625691],"initscale":[1.0,1.0,1.0],"offmtx":[[-0.00632,0.556523,0.830807,-17.344844],[-0.009434,0.830753,-0.556559,-27.891311],[-0.999935,-0.011356,0.0,2.089807]],"boundingbox":[[-0.192289,-1.027135,-0.762224],[2.923232,0.503191,0.501606]]},{"name":"Bone080","parent":"Bone029","initpos":[2.806148,0.0,-0.0],"initquaternion":[-0.086652,0.08139,0.161965,0.979609],"initscale":[0.999999,0.999999,0.999999],"offmtx":[[0.178753,0.773983,0.607451,-27.675903],[0.136693,0.591871,-0.794357,-19.630147],[-0.974352,0.225028,0.0,-6.087451]],"boundingbox":[[-0.607447,-0.747519,-0.87756],[2.158443,0.725277,0.529256]]},{"name":"Bone081","parent":"Bone080","initpos":[1.937611,0.0,1e-06],"initquaternion":[0.0,-0.0,0.229753,0.973248],"initscale":[1.0,1.0,1.0],"offmtx":[[0.221013,0.956964,0.188073,-35.265995],[0.042321,0.183249,-0.982154,-4.314167],[-0.974352,0.225028,2.0489098062626e-07,-6.08745]],"boundingbox":[[-0.234175,-0.27021,-0.767187],[1.203813,0.551416,0.168808]]},{"name":"Bone030","parent":"Bone006","initpos":[4.691205,-4.553724,-0.347884],"initquaternion":[-0.572614,-0.375841,-0.392854,0.613613],"initscale":[0.999999,0.999999,0.999999],"offmtx":[[0.051697,0.408817,0.91115,-11.638909],[-0.035556,0.912545,-0.407425,-26.134296],[-0.998029,-0.011334,0.061712,4.940596]],"boundingbox":[[-0.119535,-0.946043,-0.804759],[3.227789,0.757394,0.607375]]},{"name":"Bone082","parent":"Bone030","initpos":[3.049722,-1e-06,-9.5367431640625e-07],"initquaternion":[-0.045863,-0.077106,0.086709,0.992185],"initscale":[0.999999,0.999999,0.999999],"offmtx":[[-0.100832,0.559634,0.822582,-18.258037],[0.060773,0.828716,-0.556358,-23.723583],[-0.993045,-0.006107,-0.117572,5.196352]],"boundingbox":[[-0.221516,-0.685343,-0.774846],[2.632729,0.669185,0.44679]]},{"name":"Bone083","parent":"Bone082","initpos":[2.596307,0.0,-4.76837158203125e-07],"initquaternion":[0.001315,-0.000883,-0.033762,0.999428],"initscale":[0.999999,0.999999,1.0],"offmtx":[[-0.10637,0.502418,0.858056,-19.196958],[0.05116,0.864575,-0.499892,-25.062795],[-0.993009,-0.009275,-0.117669,5.295975]],"boundingbox":[[-0.244851,-0.381089,-0.474429],[2.007281,0.391001,0.444332]]},{"name":"Bone031","parent":"Bone006","initpos":[9.503427,2.199415,2.727655],"initquaternion":[0.557492,-0.177793,0.255146,0.769734],"initscale":[1.0,1.0,1.0],"offmtx":[[-0.194553,0.806578,0.558193,-28.941169],[-0.248203,-0.591028,0.767515,17.157648],[0.94897,0.010777,0.315182,0.819634]],"boundingbox":[[-0.61253,-0.567928,-0.731561],[2.180491,0.573261,0.653251]]},{"name":"Bone084","parent":"Bone031","initpos":[1.847223,4.5e-05,2.384185791015625e-07],"initquaternion":[-0.0,-0.0,0.221569,0.975144],"initscale":[0.999999,0.999999,1.0],"offmtx":[[-0.282705,0.471986,0.835048,-20.351196],[-0.139762,-0.881539,0.450948,28.777374],[0.94897,0.010777,0.315182,0.819638]],"boundingbox":[[-0.107815,-0.475084,-0.548232],[1.406316,0.390067,0.370922]]},{"name":"Bone032","parent":"Bone006","initpos":[6.572461,-3.546801,-3.529821],"initquaternion":[-0.545936,-0.346754,-0.434108,0.627108],"initscale":[0.999999,0.999999,0.999999],"offmtx":[[0.165854,0.382622,0.908896,-9.075134],[-0.027005,0.923077,-0.383664,-29.451793],[-0.98578,0.039087,0.163429,2.928247]],"boundingbox":[[-0.170504,-0.761504,-0.712233],[2.814413,0.927014,0.962514]]},{"name":"Bone085","parent":"Bone032","initpos":[2.750353,-9e-06,-7.152557373046875e-07],"initquaternion":[0.000669,-0.083692,0.007966,0.996459],"initscale":[0.999999,0.999999,0.999999],"offmtx":[[-0.001346,0.398285,0.91726,-11.634162],[-0.029654,0.916842,-0.398147,-29.258956],[-0.999559,-0.027736,0.010575,4.938044]],"boundingbox":[[-0.084632,-0.594968,-0.655412],[2.995477,0.684953,0.753776]]},{"name":"Bone086","parent":"Bone085","initpos":[3.036639,-2.9e-05,-0.0],"initquaternion":[0.006618,-0.06374,0.103064,0.992608],"initscale":[1.0,1.0,0.999999],"offmtx":[[-0.135196,0.569857,0.810545,-19.570178],[-0.028744,0.815456,-0.578104,-25.620653],[-0.990401,-0.101456,-0.093866,7.502758]],"boundingbox":[[-0.716158,-0.530378,-0.568929],[2.027315,0.758185,0.61977]]}],"boundingbox":[[-5.996445,23.956439,-5.350912],[5.996445,38.13018,10.594393]]}