{
  "skeleton": [
    {
      "name": "root",
      "parent": "root",
      "initpos": [
        0,
        0,
        0
      ],
      "initquaternion": [
        0.707106,
        0,
        0,
        0.707106
      ],
      "initscale": [
        1,
        0.999999,
        0.999999
      ],
      "offmtx": [
        [
          1,
          0,
          0,
          0
        ],
        [
          0,
          1,
          0,
          0
        ],
        [
          0,
          0,
          1,
          0
        ]
      ],
      "boundingbox": [
        [
          0,
          0,
          0
        ],
        [
          0,
          0,
          0
        ]
      ]
    },
    {
      "name": "Bone001",
      "parent": "root",
      "initpos": [
        -0.070846,
        -5.364088337955764e-7,
        -12.197314
      ],
      "initquaternion": [
        -0.499999,
        0.5,
        0.499999,
        0.5
      ],
      "initscale": [
        1,
        0.999999,
        0.999999
      ],
      "offmtx": [
        [
          1,
          0,
          0,
          0
        ],
        [
          0,
          1,
          0,
          0
        ],
        [
          0,
          0,
          1,
          0
        ]
      ],
      "boundingbox": [
        [
          0,
          0,
          0
        ],
        [
          0,
          0,
          0
        ]
      ]
    },
    {
      "name": "Bone007",
      "parent": "Bone001",
      "initpos": [
        6.020615,
        -0.062159,
        2.868989
      ],
      "initquaternion": [
        1,
        0,
        0,
        -7.907536883067223e-7
      ],
      "initscale": [
        1,
        0.999999,
        0.999999
      ],
      "offmtx": [
        [
          3.5938549558522936e-7,
          0.999999,
          0,
          -18.217929
        ],
        [
          1,
          -3.5938546716351993e-7,
          -0.000004,
          0.008698
        ],
        [
          -0.000004,
          0,
          -0.999999,
          2.868991
        ]
      ],
      "boundingbox": [
        [
          0.017068,
          -2.111327,
          -0.741013
        ],
        [
          5.767069,
          2.128683,
          1.279
        ]
      ]
    },
    {
      "name": "Bone008",
      "parent": "Bone007",
      "initpos": [
        1.44684,
        1.679483,
        -0.1553
      ],
      "initquaternion": [
        -6.321722594293533e-7,
        0.000002,
        0.924304,
        0.381655
      ],
      "initscale": [
        0.999999,
        0.999999,
        1
      ],
      "offmtx": [
        [
          0.705531,
          -0.708678,
          -8.286919523925462e-7,
          12.757196
        ],
        [
          -0.708678,
          -0.705531,
          -1.408706395977788e-7,
          15.058178
        ],
        [
          -4.848362777920556e-7,
          6.866648050163349e-7,
          -0.999999,
          3.024272
        ]
      ],
      "boundingbox": [
        [
          -0.024124,
          -0.538319,
          -0.535717
        ],
        [
          1.178433,
          0.614347,
          1.414282
        ]
      ]
    },
    {
      "name": "Bone009",
      "parent": "Bone007",
      "initpos": [
        1.456193,
        -1.606904,
        -0.168711
      ],
      "initquaternion": [
        9.612110716261668e-7,
        0.000001,
        0.926043,
        -0.377417
      ],
      "initscale": [
        0.999999,
        0.999999,
        1
      ],
      "offmtx": [
        [
          -0.699009,
          -0.715112,
          0,
          12.939907
        ],
        [
          -0.715112,
          0.699009,
          0.000001,
          -14.90772
        ],
        [
          -9.524879942546249e-7,
          8.623908342997311e-7,
          -0.999999,
          3.037693
        ]
      ],
      "boundingbox": [
        [
          0.016261,
          -0.581567,
          -0.52229
        ],
        [
          1.229278,
          0.582023,
          1.427711
        ]
      ]
    },
    {
      "name": "Bone010",
      "parent": "Bone007",
      "initpos": [
        1.22966,
        0,
        -1.158472
      ],
      "initquaternion": [
        0,
        0,
        0,
        1
      ],
      "initscale": [
        1,
        1,
        1
      ],
      "offmtx": [
        [
          3.1391675747727277e-7,
          0.999999,
          0,
          -19.447587
        ],
        [
          1,
          -3.1391672905556334e-7,
          -0.000004,
          0.008696
        ],
        [
          -0.000004,
          0,
          -0.999999,
          4.027463
        ]
      ],
      "boundingbox": [
        [
          -0.012591,
          -2.461332,
          -0.892545
        ],
        [
          6.266789,
          2.478673,
          1.117466
        ]
      ]
    },
    {
      "name": "Bone011",
      "parent": "Bone010",
      "initpos": [
        1.463794,
        -1.928247,
        -0.056585
      ],
      "initquaternion": [
        9.612110716261668e-7,
        0.000001,
        0.926043,
        -0.377417
      ],
      "initscale": [
        0.999999,
        0.999999,
        1
      ],
      "offmtx": [
        [
          -0.699009,
          -0.715112,
          0,
          13.600071
        ],
        [
          -0.715112,
          0.699009,
          0.000001,
          -16.002367
        ],
        [
          -7.776428674333147e-7,
          8.623914027339197e-7,
          -0.999999,
          4.084038
        ]
      ],
      "boundingbox": [
        [
          -0.027031,
          -0.594199,
          -0.585944
        ],
        [
          1.087131,
          0.668246,
          0.564058
        ]
      ]
    },
    {
      "name": "Bone012",
      "parent": "Bone010",
      "initpos": [
        1.492078,
        1.997111,
        -0.056603
      ],
      "initquaternion": [
        -6.321720320556778e-7,
        0.000002,
        0.924304,
        0.381655
      ],
      "initscale": [
        0.999999,
        0.999999,
        1
      ],
      "offmtx": [
        [
          0.705531,
          -0.708678,
          -7.053338322293712e-7,
          13.436586
        ],
        [
          -0.708678,
          -0.705531,
          -2.6478011250219424e-7,
          16.182762
        ],
        [
          -3.099912930792925e-7,
          6.866655439807801e-7,
          -0.999999,
          4.084045
        ]
      ],
      "boundingbox": [
        [
          -0.037328,
          -0.60192,
          -0.585943
        ],
        [
          1.065451,
          0.650524,
          0.564057
        ]
      ]
    },
    {
      "name": "Bone013",
      "parent": "Bone010",
      "initpos": [
        1.819229,
        0,
        -1.081665
      ],
      "initquaternion": [
        0,
        0,
        0,
        1
      ],
      "initscale": [
        1,
        1,
        1
      ],
      "offmtx": [
        [
          3.592651296457916e-7,
          0.999999,
          0,
          -21.266817
        ],
        [
          1,
          -3.5926510122408217e-7,
          -0.000004,
          0.008697
        ],
        [
          -0.000004,
          0,
          -0.999999,
          5.109129
        ]
      ],
      "boundingbox": [
        [
          -0.031819,
          -2.667492,
          -0.600881
        ],
        [
          6.279666,
          2.684823,
          0.509139
        ]
      ]
    },
    {
      "name": "Bone014",
      "parent": "Bone013",
      "initpos": [
        1.529447,
        -2.225695,
        0.017837
      ],
      "initquaternion": [
        8.712279964129266e-7,
        0.000001,
        0.926043,
        -0.377417
      ],
      "initscale": [
        0.999999,
        0.999999,
        1
      ],
      "offmtx": [
        [
          -0.699009,
          -0.715112,
          -1.953469563886756e-7,
          14.740062
        ],
        [
          -0.715112,
          0.699008,
          5.570507255470147e-7,
          -17.532617
        ],
        [
          -2.6180492795901955e-7,
          5.290785907163809e-7,
          -0.999999,
          5.091289
        ]
      ],
      "boundingbox": [
        [
          -0.051977,
          -0.711262,
          -0.5637
        ],
        [
          1.163887,
          0.702311,
          0.4863
        ]
      ]
    },
    {
      "name": "Bone015",
      "parent": "Bone013",
      "initpos": [
        1.513225,
        2.244443,
        0.017816
      ],
      "initquaternion": [
        -8.525434509465413e-7,
        0.000002,
        0.924304,
        0.381655
      ],
      "initscale": [
        0.999999,
        0.999999,
        1
      ],
      "offmtx": [
        [
          0.705531,
          -0.708678,
          -1.0513829096225891e-7,
          14.566313
        ],
        [
          -0.708678,
          -0.705531,
          -3.886899833105417e-7,
          17.656492
        ],
        [
          2.0127775712808216e-7,
          3.487422759462788e-7,
          -0.999999,
          5.091295
        ]
      ],
      "boundingbox": [
        [
          -0.058156,
          -0.702204,
          -0.563698
        ],
        [
          1.144954,
          0.700461,
          0.486301
        ]
      ]
    }
  ],
  "boundingbox": [
    [
      -3.539018,
      18.234998,
      1.589998
    ],
    [
      3.539016,
      27.546482,
      5.709998
    ]
  ]
}
