{"skeleton":[{"name":"root","parent":"root","initpos":[0.0,0.0,-0.0],"initquaternion":[0.707106,0.0,0.0,0.707106],"initscale":[1.0,0.999999,0.999999],"offmtx":[[1.0,0.0,0.0,0.0],[0.0,1.0,0.0,0.0],[0.0,0.0,1.0,0.0]],"boundingbox":[[0.0,0.0,0.0],[0.0,0.0,0.0]]},{"name":"Bone001","parent":"root","initpos":[-0.070846,-5.364088337955764e-07,-12.197314],"initquaternion":[-0.499999,0.5,0.499999,0.5],"initscale":[1.0,0.999999,0.999999],"offmtx":[[1.0,0.0,0.0,0.0],[0.0,1.0,0.0,0.0],[0.0,0.0,1.0,0.0]],"boundingbox":[[0.0,0.0,0.0],[0.0,0.0,0.0]]},{"name":"Bone044","parent":"Bone001","initpos":[8.500815,-3.620774,2.927998],"initquaternion":[-0.179004,0.83481,0.394212,-0.340066],"initscale":[0.999999,0.999999,0.999999],"offmtx":[[0.566987,-0.704624,0.426648,11.322427],[-0.625105,-0.030752,0.779934,0.571956],[-0.536441,-0.708913,-0.4579,17.918231]],"boundingbox":[[-0.580001,-2.070132,-2.44482],[8.685775,2.277002,2.889968]]},{"name":"Bone048","parent":"Bone044","initpos":[6.330812,-0.086027,1.247817],"initquaternion":[-0.700649,-0.028179,0.022685,0.712588],"initscale":[1.0,1.0,0.999999],"offmtx":[[0.516118,-0.710923,0.477711,5.165364],[0.529684,0.703219,0.474252,-16.620523],[-0.673094,0.008266,0.73951,0.573654]],"boundingbox":[[-0.473922,-3.452591,-2.69026],[19.068353,4.639104,3.291532]]},{"name":"Bone047","parent":"Bone001","initpos":[7.370591,3.48159,3.476845],"initquaternion":[0.15235,-0.253914,0.878082,0.375883],"initscale":[1.0,1.0,1.0],"offmtx":[[-0.582743,-0.671002,0.458437,9.466034],[0.588477,-0.73748,-0.331385,17.673658],[0.560449,0.076667,0.824632,-2.376394]],"boundingbox":[[-1.525198,-3.045992,-2.867959],[7.661763,2.67557,1.480986]]},{"name":"Bone049","parent":"Bone047","initpos":[5.152517,1.19996,-0.06694],"initquaternion":[-0.01359,-0.011185,0.009163,0.999803],"initscale":[0.999999,0.999999,0.999999],"offmtx":[[-0.559141,-0.682763,0.470312,4.567506],[0.583317,-0.727092,-0.362047,16.450347],[0.589153,0.071905,0.804815,-1.961278]],"boundingbox":[[-0.464925,-4.246213,-3.479682],[19.267055,3.30522,2.542213]]},{"name":"Bone045","parent":"Bone001","initpos":[4.920012,-2.434345,2.688585],"initquaternion":[0.112368,0.5518,0.809878,-0.164273],"initscale":[1.0,0.999999,0.999999],"offmtx":[[0.142073,-0.920775,0.363301,14.448654],[0.337063,0.390092,0.856864,-9.777738],[-0.9307,0.000718,0.365781,1.203992]],"boundingbox":[[-1.422358,-2.875102,-2.088429],[12.879196,2.483305,1.822052]]},{"name":"Bone046","parent":"Bone001","initpos":[4.920008,1.732007,2.68857],"initquaternion":[0.171558,0.751917,0.630879,-0.084727],"initscale":[1.0,1.0,1.0],"offmtx":[[-0.151088,-0.926778,0.343881,14.667017],[-0.145113,0.3649,0.919668,-8.980344],[-0.97781,0.089048,-0.18962,-2.777309]],"boundingbox":[[-1.375164,-2.556822,-1.848641],[12.942988,2.848987,2.054852]]},{"name":"Bone041","parent":"Bone001","initpos":[11.985014,3.613164,-1.861368],"initquaternion":[0.611152,-0.064266,0.355655,0.704181],"initscale":[0.999999,0.999999,0.999999],"offmtx":[[-0.422337,0.738757,0.525231,-18.443145],[-1e-06,-0.579445,0.815011,15.529359],[0.906438,0.344208,0.244722,-4.528923]],"boundingbox":[[-0.728181,-2.701071,-1.985276],[18.462062,2.692333,2.288524]]},{"name":"Bone042","parent":"Bone041","initpos":[1.953084,3.326879,0.926354],"initquaternion":[0.975241,0.20912,0.05774,-0.042878],"initscale":[0.999999,0.999999,1.0],"offmtx":[[-0.264242,0.480677,0.836136,-14.271729],[-0.228273,0.811147,-0.538452,-19.186182],[-0.937052,-0.333149,-0.104613,4.782758]],"boundingbox":[[0.2891,-1.707213,-1.635756],[11.690582,1.856275,2.249712]]},{"name":"Bone043","parent":"Bone042","initpos":[2.476189,-1.629665,0.327651],"initquaternion":[0.999623,0.01807,0.008553,-0.018814],"initscale":[1.0,0.999999,1.0],"offmtx":[[-0.288864,0.503413,0.814329,-17.283935],[0.253288,-0.780095,0.572098,16.755987],[0.923256,0.371519,0.097833,-5.392096]],"boundingbox":[[-0.294745,-1.381827,-1.86967],[6.518638,1.625503,2.256249]]},{"name":"Bone040","parent":"Bone001","initpos":[11.671494,-3.31599,-2.342473],"initquaternion":[0.683296,-0.361849,0.046813,0.632438],"initscale":[0.999999,0.999999,0.999999],"offmtx":[[0.43529,0.733746,0.521669,-17.704229],[-0.061825,-0.553714,0.830408,15.362359],[0.898164,-0.393721,-0.195661,6.024654]],"boundingbox":[[-0.054125,-2.481938,-2.112358],[19.133121,2.787142,2.294924]]},{"name":"Bone039","parent":"Bone040","initpos":[3.077522,3.088545,-1.362311],"initquaternion":[0.969392,0.241626,-0.028708,-0.032726],"initscale":[0.999999,0.999999,0.999999],"offmtx":[[0.318879,0.402113,0.858265,-12.842355],[0.188123,0.860669,-0.473135,-21.081926],[-0.928937,0.312332,0.198802,-5.265087]],"boundingbox":[[0.118987,-2.100814,-2.644385],[11.379626,1.692353,1.460532]]},{"name":"Bone038","parent":"Bone039","initpos":[2.378128,-2.146621,-0.524322],"initquaternion":[0.996362,0.024808,0.003376,0.081455],"initscale":[0.999999,1.0,0.999999],"offmtx":[[0.325388,0.44547,0.834073,-16.160652],[-0.320744,-0.777782,0.540534,17.146345],[0.889519,-0.443408,-0.110198,7.584197]],"boundingbox":[[-0.353672,-1.369693,-1.955881],[6.538195,1.49946,2.184424]]}],"boundingbox":[[-18.859622,4.022371,-3.524116],[18.859607,39.579742,15.938427]]}