{"skeleton":[{"name":"root","parent":"root","initpos":[0.0,0.0,-0.0],"initquaternion":[0.707106,0.0,0.0,0.707106],"initscale":[1.0,0.999999,0.999999],"offmtx":[[1.0,0.0,0.0,0.0],[0.0,1.0,0.0,0.0],[0.0,0.0,1.0,0.0]],"boundingbox":[[0.0,0.0,0.0],[0.0,0.0,0.0]]},{"name":"body","parent":"root","initpos":[0.0,0.0,-0.0],"initquaternion":[-0.499999,0.5,0.499999,0.5],"initscale":[1.0,0.999999,0.999999],"offmtx":[[1.0,0.0,0.0,0.0],[0.0,1.0,0.0,0.0],[0.0,0.0,1.0,0.0]],"boundingbox":[[0.0,0.0,0.0],[0.0,0.0,0.0]]},{"name":"back_001","parent":"body","initpos":[20.903045,0.023796,8.715896],"initquaternion":[0.0,0.0,0.0,1.0],"initscale":[1.0,1.0,1.0],"offmtx":[[0.0,0.999999,0.0,-32.885696],[-1.0,0.0,3e-06,-3.5e-05],[3e-06,-0.0,0.999999,-8.993679]],"boundingbox":[[-0.194127,-9.499214,-0.108811],[9.978507,9.638108,0.121465]]},{"name":"back_002","parent":"back_001","initpos":[7.958457,-5.229998,0.004875],"initquaternion":[-1e-06,0.0,0.271202,0.962522],"initscale":[0.999999,0.999999,1.0],"offmtx":[[-0.522077,0.852898,8.01840542408172e-07,-32.105453],[-0.852898,-0.522077,-5.491090178111335e-07,25.78446],[-0.0,-9.705655656944145e-07,0.999999,-8.998496]],"boundingbox":[[-0.446055,-1.611477,-0.444091],[7.13215,1.983171,0.447032]]},{"name":"back_003","parent":"back_001","initpos":[4.221317,-5.328,0.004875],"initquaternion":[0.0,0.0,0.0,1.0],"initscale":[1.0,1.0,1.0],"offmtx":[[1.6292068494294654e-07,0.999999,0.0,-37.107013],[-1.0,1.6292067073209182e-07,-1.6292072757551068e-07,5.327995],[-1.629207417863654e-07,0.0,0.999999,-8.998534]],"boundingbox":[[0.022216,-1.876003,-0.437151],[3.409572,1.119288,0.440101]]},{"name":"back_004","parent":"back_001","initpos":[0.951316,-2.157,0.004863],"initquaternion":[-1e-06,-7.738902922937996e-07,-0.488661,0.872473],"initscale":[0.999999,0.999999,1.0],"offmtx":[[0.852688,0.52242,-2.528010725200147e-07,-19.516395],[-0.52242,0.852687,-0.0,-27.725553],[1.9830936537346133e-07,1.6022546844851604e-07,0.999999,-8.998539]],"boundingbox":[[-0.252356,-1.345438,-0.43715],[4.813494,1.021755,0.440102]]},{"name":"back_005","parent":"back_001","initpos":[0.951314,2.156634,0.004849],"initquaternion":[-1e-06,7.683171361350105e-07,0.48866,0.872473],"initscale":[1.0,1.0,1.0],"offmtx":[[-0.852687,0.52242,1.0180700371620333e-07,-19.516098],[-0.52242,-0.852687,-3.254276634834241e-07,27.725736],[-0.0,-3.306743110442767e-07,0.999999,-8.998523]],"boundingbox":[[-0.133604,-0.948996,-0.437151],[4.932238,1.418193,0.440101]]},{"name":"back_006","parent":"back_001","initpos":[4.221317,5.328258,0.004837],"initquaternion":[0.0,0.0,0.0,1.0],"initscale":[1.0,1.0,1.0],"offmtx":[[0.0,0.999999,0.0,-37.107013],[-1.0,0.0,0.0,-5.32826],[0.0,0.0,0.999999,-8.998535]],"boundingbox":[[0.022215,-0.980667,-0.437152],[3.409571,2.014625,0.440101]]},{"name":"back_007","parent":"back_001","initpos":[7.958457,5.229913,0.004836],"initquaternion":[-1e-06,-7.530761081397941e-07,-0.271202,0.962522],"initscale":[0.999999,0.999999,1.0],"offmtx":[[0.522076,0.852898,4.776803734785062e-07,-32.105503],[-0.852898,0.522076,2.0651005172567238e-07,-25.784366],[-0.0,-5.15227043251798e-07,0.999999,-8.998514]],"boundingbox":[[-0.518616,-1.86464,-0.444087],[7.059589,1.730006,0.447034]]},{"name":"back_008","parent":"back_001","initpos":[-0.164907,-2.852,0.006851],"initquaternion":[-0.0,-0.008724,0.999961,-3.1428589863935485e-07],"initscale":[0.999999,0.999999,0.999999],"offmtx":[[4.1075102785725903e-07,-0.999999,0.0,32.72079],[0.999847,4.1068841483138385e-07,-0.017452,-2.694498],[0.017452,0.0,0.999847,-9.048923]],"boundingbox":[[0.013308,-1.551078,-0.097743],[6.008945,1.065473,0.088256]]},{"name":"back_012","parent":"back_008","initpos":[5.980527,9.5367431640625e-07,-3e-06],"initquaternion":[0.0,0.0,0.0,1.0],"initscale":[1.0,1.0,1.0],"offmtx":[[4.107509994355496e-07,-0.999999,0.0,26.740261],[0.999847,4.106884716748027e-07,-0.017452,-2.694499],[0.017452,0.0,0.999847,-9.048919]],"boundingbox":[[0.028415,-1.550295,-0.097724],[5.950642,2.42949,0.112071]]},{"name":"back_013","parent":"back_012","initpos":[5.91188,-1.7e-05,6e-06],"initquaternion":[0.0,0.0,0.0,1.0],"initscale":[1.0,1.0,1.0],"offmtx":[[4.1075102785725903e-07,-0.999999,0.0,20.82838],[0.999847,4.1068841483138385e-07,-0.017452,-2.694481],[0.017452,0.0,0.999847,-9.048924]],"boundingbox":[[0.03876,-1.549895,-0.097724],[6.568935,1.833362,0.101658]]},{"name":"back_014","parent":"back_013","initpos":[6.537519,2.8e-05,-9.5367431640625e-07],"initquaternion":[0.0,0.0,0.0,1.0],"initscale":[1.0,1.0,1.0],"offmtx":[[4.107509994355496e-07,-1.0,0.0,14.290863],[0.999847,4.106883864096744e-07,-0.017452,-2.69451],[0.017452,0.0,0.999847,-9.048924]],"boundingbox":[[0.031416,-1.549732,-0.097719],[11.280841,1.83399,0.10167]]},{"name":"back_009","parent":"back_001","initpos":[-0.164907,2.852462,0.006832],"initquaternion":[-0.0,0.008728,0.999961,-3.135230315365334e-07],"initscale":[0.999999,0.999999,0.999999],"offmtx":[[4.1075097101384017e-07,-0.999999,0.0,32.720794],[0.999847,4.106883864096744e-07,0.017452,2.694933],[-0.017452,-0.0,0.999847,-9.048933]],"boundingbox":[[0.013308,-1.203881,-0.09533],[6.008947,1.412675,0.090669]]},{"name":"back_015","parent":"back_009","initpos":[5.980526,2.384185791015625e-07,-0.0],"initquaternion":[0.0,0.0,0.0,1.0],"initscale":[1.0,1.0,1.0],"offmtx":[[5.767753918917151e-07,-0.999999,0.0,26.740266],[0.999847,5.766875119661563e-07,0.017452,2.694929],[-0.017452,-0.0,0.999847,-9.048933]],"boundingbox":[[0.028417,-2.567911,-0.095317],[5.950645,1.411887,0.114479]]},{"name":"back_016","parent":"back_015","initpos":[5.911882,1.4e-05,-0.0],"initquaternion":[0.0,0.0,0.0,1.0],"initscale":[1.0,1.0,1.0],"offmtx":[[4.0287608271682984e-07,-0.999999,0.0,20.828384],[0.999847,4.0281469182446017e-07,0.017452,2.694918],[-0.017452,-0.0,0.999847,-9.048933]],"boundingbox":[[0.038761,-1.971774,-0.095311],[6.568937,1.411487,0.104072]]},{"name":"back_017","parent":"back_016","initpos":[6.537519,-2.8e-05,-0.0],"initquaternion":[0.0,0.0,0.0,1.0],"initscale":[1.0,1.0,1.0],"offmtx":[[5.767753918917151e-07,-0.999999,0.0,14.290864],[0.999847,5.766875119661563e-07,0.017452,2.694945],[-0.017452,-0.0,0.999847,-9.048933]],"boundingbox":[[0.031415,-1.972409,-0.095306],[11.280839,1.41132,0.104084]]},{"name":"back_010","parent":"back_001","initpos":[4.07386,-9.518117281004379e-07,0.004631],"initquaternion":[0.0,0.0,0.0,1.0],"initscale":[1.0,1.0,1.0],"offmtx":[[0.0,0.999999,0.0,-36.959556],[-1.0,0.0,0.0,-2e-06],[0.0,-0.0,0.999999,-8.99831]],"boundingbox":[[0.012732,-2.341,-2.408756],[3.645804,2.479897,2.412141]]},{"name":"back_011","parent":"back_001","initpos":[12.985946,0.0,-0.0],"initquaternion":[0.0,0.0,0.0,1.0],"initscale":[1.0,1.0,1.0],"offmtx":[[1.6292068494294654e-07,0.999999,0.0,-45.871646],[-1.0,1.6292067073209182e-07,3e-06,-3.8e-05],[3e-06,-0.0,0.999999,-8.993679]],"boundingbox":[[-2.05616,-1.34265,-0.175917],[9.818282,1.99476,0.188577]]}],"boundingbox":[[-9.638107,3.010024,6.589547],[9.499214,55.689926,11.410446]]}