{"skeleton":[{"name":"root","parent":"root","initpos":[0.0,0.0,-0.0],"initquaternion":[0.707106,0.0,0.0,0.707106],"initscale":[1.0,0.999999,0.999999],"offmtx":[[1.0,0.0,0.0,0.0],[0.0,1.0,0.0,0.0],[0.0,0.0,1.0,0.0]],"boundingbox":[[0.0,0.0,0.0],[0.0,0.0,0.0]]},{"name":"Bone002","parent":"root","initpos":[6.155189,-1e-06,-24.434543],"initquaternion":[0.5,0.499999,0.5,-0.499999],"initscale":[1.0,0.999999,0.999999],"offmtx":[[1.0,0.0,0.0,0.0],[0.0,1.0,0.0,0.0],[0.0,0.0,1.0,0.0]],"boundingbox":[[0.0,0.0,0.0],[0.0,0.0,0.0]]},{"name":"Bone010","parent":"Bone002","initpos":[14.774572,0.801982,1e-06],"initquaternion":[0.0,-6.397578999894904e-07,1.0,-0.0],"initscale":[0.999999,0.999999,1.0],"offmtx":[[1.1535207278257076e-07,0.999999,0.0,-9.659973],[-1.0,1.153520656771434e-07,-1.6332592167600524e-07,6.957172],[-1.6332593588685995e-07,0.0,0.999999,1e-06]],"boundingbox":[[-0.166473,-4.610527,-4.405198],[11.148126,3.127874,4.4058]]},{"name":"Bone012","parent":"Bone002","initpos":[-0.895952,-0.932027,-0.0],"initquaternion":[5.588447038462618e-07,-0.0,0.836574,0.547853],"initscale":[0.999999,0.999999,1.0],"offmtx":[[0.91664,0.399713,0.0,-14.912696],[-0.399713,0.91664,9.228010071637982e-07,-21.131187],[3.683672673560068e-07,-8.460896196993417e-07,0.999999,1.9e-05]],"boundingbox":[[-2.101121,-6.248606,-4.194496],[14.99351,3.671,4.222605]]},{"name":"Bone025","parent":"Bone012","initpos":[5.270961,-1.520233,1e-06],"initquaternion":[-3.99187513266952e-07,-1.3707754931147065e-07,-0.486344,0.873767],"initscale":[1.0,1.0,1.0],"offmtx":[[0.82273,-0.568431,-1.5617854387528496e-07,6.031886],[0.568431,0.822729,-0.0,-27.487911],[1.7257380591217952e-07,-0.0,0.999999,-1e-06]],"boundingbox":[[-0.116676,-3.832403,-3.881597],[9.4379,3.179995,3.909601]]},{"name":"Bone003","parent":"root","initpos":[-6.182648,-1e-06,-24.434545],"initquaternion":[0.5,0.499999,0.5,-0.499999],"initscale":[1.0,0.999999,0.999999],"offmtx":[[1.0,0.0,0.0,0.0],[0.0,1.0,0.0,0.0],[0.0,0.0,1.0,0.0]],"boundingbox":[[0.0,0.0,0.0],[0.0,0.0,0.0]]},{"name":"Bone009","parent":"Bone003","initpos":[14.774573,-0.465967,-0.0],"initquaternion":[0.0,-7.589670758534339e-07,1.0,-3.1391647326017846e-07],"initscale":[0.999999,0.999999,1.0],"offmtx":[[4.108198083940806e-07,0.999999,0.0,-9.65997],[-1.0,4.108197799723712e-07,-2.2665599885840493e-07,-6.64862],[-2.2665601306925964e-07,0.0,0.999999,-1e-06]],"boundingbox":[[-0.166475,-2.819315,-4.405196],[11.148123,4.919087,4.405802]]},{"name":"Bone016","parent":"Bone003","initpos":[0.758533,0.199266,6e-06],"initquaternion":[-2.7989565865027544e-07,0.0,0.906291,-0.422654],"initscale":[1.0,1.0,1.0],"offmtx":[[-0.766095,0.642727,5.126121322973631e-07,-19.801054],[-0.642727,-0.766095,1e-06,14.292398],[1e-06,5.375079581426689e-07,0.999999,-1e-05]],"boundingbox":[[-2.857225,-3.205985,-4.194506],[15.588814,4.57337,4.222598]]},{"name":"Bone024","parent":"Bone016","initpos":[4.533569,1.486754,-9e-06],"initquaternion":[-4.941716724715661e-07,4.377529307930672e-07,0.561754,0.827304],"initscale":[1.0,1.0,1.0],"offmtx":[[-0.879989,-0.474993,-0.0,2.926456],[0.474993,-0.879989,-3.8486825815198245e-07,27.342164],[1.4888691168835066e-07,-3.5699071077033295e-07,0.999999,1.1e-05]],"boundingbox":[[-0.126615,-3.422435,-3.881595],[9.641275,3.413007,3.909603]]},{"name":"Bone004","parent":"root","initpos":[-2.069648,-5.354780228117306e-07,-12.19214],"initquaternion":[0.5,0.499999,0.5,-0.499999],"initscale":[1.0,1.0,1.0],"offmtx":[[1.0,0.0,0.0,0.0],[0.0,1.0,0.0,0.0],[0.0,0.0,1.0,0.0]],"boundingbox":[[0.0,0.0,0.0],[0.0,0.0,0.0]]},{"name":"Bone007","parent":"Bone004","initpos":[12.289786,-0.309054,2e-06],"initquaternion":[0.0,1.9470724055281607e-07,1.0,-1.9470721213110664e-07],"initscale":[0.999999,0.999999,1.0],"offmtx":[[3.691576466735569e-07,0.999999,0.0,0.097646],[-1.0,3.6915761825184745e-07,1e-06,-2.378703],[1e-06,-0.0,0.999999,4e-06]],"boundingbox":[[0.026945,-2.538007,-4.5757],[9.684045,3.997602,2.449204]]},{"name":"Bone005","parent":"root","initpos":[1.979015,-5.373634053285059e-07,-12.19214],"initquaternion":[0.5,0.499999,0.5,-0.499999],"initscale":[1.0,1.0,1.0],"offmtx":[[1.0,0.0,0.0,0.0],[0.0,1.0,0.0,0.0],[0.0,0.0,1.0,0.0]],"boundingbox":[[0.0,0.0,0.0],[0.0,0.0,0.0]]},{"name":"Bone008","parent":"Bone005","initpos":[12.289785,0.382245,3e-06],"initquaternion":[0.0,1.9470724055281607e-07,1.0,-1.9470721213110664e-07],"initscale":[0.999999,0.999999,1.0],"offmtx":[[3.691576466735569e-07,0.999999,0.0,0.097643],[-1.0,3.6915761825184745e-07,1e-06,2.36126],[1e-06,-0.0,0.999999,-4e-06]],"boundingbox":[[0.026944,-4.015032,-4.575699],[9.684044,2.520556,2.449204]]},{"name":"Bone001","parent":"root","initpos":[-0.070846,-5.364088337955764e-07,-12.197314],"initquaternion":[-0.499999,0.5,0.499999,0.5],"initscale":[1.0,0.999999,0.999999],"offmtx":[[1.0,0.0,0.0,0.0],[0.0,1.0,0.0,0.0],[0.0,0.0,1.0,0.0]],"boundingbox":[[0.0,0.0,0.0],[0.0,0.0,0.0]]},{"name":"Bone014","parent":"Bone001","initpos":[11.044974,3.941791,-2.466978],"initquaternion":[0.695904,-0.033797,0.325883,0.639042],"initscale":[0.999999,0.999999,0.999999],"offmtx":[[-0.369466,0.785314,0.496764,-18.509552],[0.180968,-0.463546,0.867395,13.639873],[0.911451,0.410372,0.029147,-5.80875]],"boundingbox":[[0.158823,-1.906785,-2.606036],[19.562005,3.266757,2.361668]]},{"name":"Bone026","parent":"Bone014","initpos":[3.554193,4.211434,0.131389],"initquaternion":[-0.131331,-0.057518,0.176758,0.973755],"initscale":[0.999999,0.999999,1.0],"offmtx":[[-0.219121,0.591388,0.776044,-17.540582],[0.033365,-0.790367,0.611724,17.416],[0.975126,0.159934,0.153455,0.019787]],"boundingbox":[[-0.837661,-2.153955,-1.7702],[10.930609,3.464198,2.879452]]},{"name":"Bone013","parent":"Bone001","initpos":[11.085255,-3.924378,-2.152413],"initquaternion":[0.648491,-0.332996,0.070578,0.680874],"initscale":[0.999999,0.999999,0.999999],"offmtx":[[0.335783,0.768263,0.544995,-18.008045],[-0.148951,-0.528001,0.836078,14.666807],[0.930087,-0.361919,-0.062859,4.706991]],"boundingbox":[[-0.030665,-3.224088,-2.320648],[19.301574,2.432158,2.974964]]},{"name":"Bone027","parent":"Bone013","initpos":[3.620279,3.739895,-0.126936],"initquaternion":[0.001902,-0.048311,0.217107,0.974949],"initscale":[0.999999,0.999999,0.999999],"offmtx":[[0.327915,0.434433,0.838891,-14.405287],[-0.29318,-0.797348,0.527521,18.973329],[0.898062,-0.418929,-0.134095,6.561142]],"boundingbox":[[-0.747835,-2.24002,-2.725061],[10.697048,2.838058,1.70313]]},{"name":"Bone018","parent":"Bone001","initpos":[8.153342,-0.070852,-1.147741],"initquaternion":[0.502244,0.497745,-0.502242,0.497747],"initscale":[1.0,0.999999,0.999999],"offmtx":[[2e-06,0.0,-0.999999,-1.14774],[0.008994,0.999959,0.0,-20.349832],[0.999959,-0.008994,2e-06,0.183039]],"boundingbox":[[0.007248,-3.711699,-6.196043],[2.762961,4.317762,6.153255]]},{"name":"Bone023","parent":"Bone001","initpos":[2.238289,-0.278491,-1.6e-05],"initquaternion":[1.0,-0.0,-0.0,9.099629778575036e-07],"initscale":[1.0,0.999999,0.999999],"offmtx":[[1.0,0.0,0.0,0.0],[0.0,1.0,0.0,0.0],[0.0,0.0,1.0,0.0]],"boundingbox":[[0.0,0.0,0.0],[0.0,0.0,0.0]]},{"name":"Bone021","parent":"Bone023","initpos":[3.177997,1.811956,-3.014652],"initquaternion":[0.216465,0.753175,-0.6095,0.119909],"initscale":[0.999999,0.999999,1.0],"offmtx":[[0.179903,-0.877529,0.444496,13.753123],[0.163303,0.472241,0.866209,-11.258995],[-0.970034,-0.083246,0.228261,2.737231]],"boundingbox":[[-1.018546,-3.844243,-1.998727],[13.382423,1.928931,2.12304]]},{"name":"Bone019","parent":"Bone023","initpos":[5.429344,2.47144,-3.238822],"initquaternion":[0.352878,0.886145,-0.26744,0.136744],"initscale":[0.999999,0.999999,0.999999],"offmtx":[[0.552261,-0.713555,0.431098,11.298946],[0.607906,0.698544,0.377472,-16.727752],[-0.570489,0.053604,0.819554,-2.190824]],"boundingbox":[[-0.920748,-3.263241,-3.628877],[25.243635,4.560899,2.583194]]},{"name":"Bone022","parent":"Bone023","initpos":[3.231536,-2.381478,-2.867847],"initquaternion":[-0.067063,-0.572765,0.79753,-0.177161],"initscale":[0.999999,1.0,0.999999],"offmtx":[[-0.205759,-0.928232,0.309914,15.06314],[-0.281105,0.359407,0.889834,-9.512666],[-0.937359,0.095973,-0.334882,-2.772849]],"boundingbox":[[-1.146058,-2.740878,-2.485806],[13.407262,2.710804,1.635593]]},{"name":"Bone020","parent":"Bone023","initpos":[5.371807,-4.917655,-2.841251],"initquaternion":[-0.154944,-0.333825,0.870438,-0.326938],"initscale":[1.0,1.0,1.0],"offmtx":[[-0.465709,-0.738207,0.48802,11.041907],[-0.563343,0.672607,0.479836,-17.339302],[-0.682465,-0.051458,-0.729104,-0.123605]],"boundingbox":[[-1.879492,-3.850817,-3.067587],[24.177331,4.553725,3.114362]]}],"boundingbox":[[-20.1151,-0.0707,-4.575699],[20.1151,39.696895,16.050098]]}