{"skeleton":[{"name":"root","parent":"root","initpos":[0.0,0.0,-0.0],"initquaternion":[0.707106,0.0,0.0,0.707106],"initscale":[1.0,0.999999,0.999999],"offmtx":[[1.0,0.0,0.0,0.0],[0.0,1.0,0.0,0.0],[0.0,0.0,1.0,0.0]],"boundingbox":[[0.0,0.0,0.0],[0.0,0.0,0.0]]},{"name":"Bone001","parent":"root","initpos":[-0.070846,-5.364088337955764e-07,-12.197314],"initquaternion":[-0.499999,0.5,0.499999,0.5],"initscale":[1.0,0.999999,0.999999],"offmtx":[[1.0,0.0,0.0,0.0],[0.0,1.0,0.0,0.0],[0.0,0.0,1.0,0.0]],"boundingbox":[[0.0,0.0,0.0],[0.0,0.0,0.0]]},{"name":"Bone051","parent":"Bone001","initpos":[11.888627,3.445914,-3.062794],"initquaternion":[0.625439,-0.226419,0.445392,0.59932],"initscale":[0.999999,0.999999,1.0],"offmtx":[[-0.250638,0.500719,0.828528,-10.40414],[0.179099,-0.817089,0.547985,21.98858],[0.951369,0.285735,0.115115,-3.183886]],"boundingbox":[[0.291012,-1.703533,-1.97701],[13.588824,2.485357,1.598988]]},{"name":"Bone052","parent":"Bone051","initpos":[4.253097,0.931936,-0.727601],"initquaternion":[0.083805,-0.032946,0.101281,0.990774],"initscale":[0.999999,0.999999,0.999999],"offmtx":[[-0.131737,0.353392,0.926153,-10.417109],[0.376234,-0.846561,0.376538,22.959915],[0.917111,0.398054,-0.021434,-5.345661]],"boundingbox":[[0.613696,-1.557039,-2.389961],[11.945095,2.645824,2.355481]]},{"name":"Bone053","parent":"Bone001","initpos":[11.823672,-3.836011,-3.514147],"initquaternion":[0.509273,-0.467209,0.142521,0.708549],"initscale":[0.999999,0.999999,0.999999],"offmtx":[[0.27391,0.522804,0.807247,-10.752805],[-0.440654,-0.677843,0.588517,20.009733],[0.854866,-0.516917,0.044707,9.355284]],"boundingbox":[[0.659584,-1.009062,-1.578259],[13.930993,2.268462,2.353456]]},{"name":"Bone054","parent":"Bone053","initpos":[5.101202,3.142967,0.248327],"initquaternion":[-0.01107,-0.021407,0.064675,0.997615],"initscale":[1.0,1.0,0.999999],"offmtx":[[0.249585,0.408822,0.877822,-13.146404],[-0.493325,-0.726372,0.478552,18.533462],[0.833268,-0.552491,0.02039,10.122097]],"boundingbox":[[-0.220992,-2.002413,-1.925099],[11.052673,1.831914,2.68841]]}],"boundingbox":[[-8.300134,22.260454,-3.325071],[8.300134,32.021606,11.877378]]}