{"skeleton":[{"name":"root","parent":"root","initpos":[0.0,0.0,-0.0],"initquaternion":[0.707106,0.0,0.0,0.707106],"initscale":[1.0,0.999999,0.999999],"offmtx":[[1.0,0.0,0.0,0.0],[0.0,1.0,0.0,0.0],[0.0,0.0,1.0,0.0]],"boundingbox":[[0.0,0.0,0.0],[0.0,0.0,0.0]]},{"name":"Bone006","parent":"root","initpos":[0.064407,-6.556811058544554e-07,-24.106071],"initquaternion":[-0.502831,0.497152,0.497152,0.502831],"initscale":[1.0,0.999999,0.999999],"offmtx":[[1.0,0.0,0.0,0.0],[0.0,1.0,0.0,0.0],[0.0,0.0,1.0,0.0]],"boundingbox":[[0.0,0.0,0.0],[0.0,0.0,0.0]]},{"name":"Bone050","parent":"Bone006","initpos":[0.0722,-0.013685,-3.901346],"initquaternion":[-4.6993136493256316e-07,-0.0,0.005678,0.999983],"initscale":[1.0,1.0,1.0],"offmtx":[[2.7940293989558995e-07,0.999999,0.0,-24.178108],[-1.0,2.794029114738805e-07,-1e-06,0.0789],[-1e-06,0.0,0.999999,3.901346]],"boundingbox":[[-0.517036,-4.259934,-2.143355],[9.163823,4.417761,2.097233]]},{"name":"Bone051","parent":"Bone050","initpos":[4.315208,3.652141,1.254678],"initquaternion":[0.515816,-0.3204,0.416081,0.67687],"initscale":[0.999999,0.999999,0.999999],"offmtx":[[-0.232731,0.448439,0.862981,-11.325103],[-0.121621,-0.893801,0.431655,26.175237],[0.964906,-0.004496,0.262555,4.270865]],"boundingbox":[[-0.675069,-2.08462,-0.79629],[7.518035,1.593001,0.239705]]},{"name":"Bone052","parent":"Bone051","initpos":[8.185187,0.314922,-0.3591],"initquaternion":[0.091014,-0.096245,-0.270034,0.953695],"initscale":[0.999999,0.999999,0.999999],"offmtx":[[2.682207878024201e-07,0.850149,0.52654,-29.453853],[-1.7892187997858855e-07,-0.52654,0.850149,12.997695],[1.0,-3.2223761081695557e-07,0.0,5.86299]],"boundingbox":[[-1.032969,-2.994169,-0.611297],[3.805361,-0.475962,0.818451]]},{"name":"Bone053","parent":"Bone050","initpos":[2.66402,3.749104,1.66724],"initquaternion":[0.494112,-0.354224,0.441636,0.659799],"initscale":[0.999999,0.999999,0.999999],"offmtx":[[-0.232731,0.358964,0.903869,-8.470195],[-0.12162,-0.932836,0.339152,25.350639],[0.964906,-0.030997,0.260758,4.956]],"boundingbox":[[-0.428207,-1.862492,-0.925537],[7.18261,1.176254,0.432217]]},{"name":"Bone054","parent":"Bone050","initpos":[4.188468,-3.50435,1.028369],"initquaternion":[-0.515163,-0.313797,-0.413745,0.681874],"initscale":[0.999999,0.999999,1.0],"offmtx":[[0.240931,0.460691,0.854233,-11.47737],[-0.126841,0.887558,-0.442888,-25.994911],[-0.962218,-0.001646,0.272275,4.276827]],"boundingbox":[[-0.449345,-1.57034,-0.649507],[7.80196,1.994062,0.310131]]},{"name":"Bone055","parent":"Bone054","initpos":[8.225926,-0.312744,0.158886],"initquaternion":[-0.108317,-0.040083,0.242787,0.963179],"initscale":[0.999999,0.999999,0.999999],"offmtx":[[0.12764,0.827673,0.546502,-29.450202],[2.1234151859061967e-07,0.551008,-0.834499,-13.947158],[-0.99182,0.106515,0.07033,1.706857]],"boundingbox":[[-0.958028,0.364616,-1.072604],[3.814288,3.00319,0.290287]]},{"name":"Bone056","parent":"Bone050","initpos":[2.325862,-3.520029,1.602373],"initquaternion":[-0.536427,-0.31522,-0.453782,0.637936],"initscale":[0.999999,0.999999,0.999999],"offmtx":[[0.240782,0.389435,0.889024,-9.144304],[-0.012654,0.917154,-0.39833,-25.178453],[-0.970496,0.08466,0.225762,1.767933]],"boundingbox":[[-0.254904,-0.977172,-0.806003],[7.456069,1.992092,0.554932]]}],"boundingbox":[[-6.474277,23.661071,-6.044705],[6.47428,36.674629,4.835386]]}