{
  "skeleton": [
    {
      "name": "root",
      "parent": "root",
      "initpos": [
        0,
        0,
        0
      ],
      "initquaternion": [
        0.707106,
        0,
        0,
        0.707106
      ],
      "initscale": [
        1,
        0.999999,
        0.999999
      ],
      "offmtx": [
        [
          1,
          0,
          0,
          0
        ],
        [
          0,
          1,
          0,
          0
        ],
        [
          0,
          0,
          1,
          0
        ]
      ],
      "boundingbox": [
        [
          0,
          0,
          0
        ],
        [
          0,
          0,
          0
        ]
      ]
    },
    {
      "name": "Bone001",
      "parent": "root",
      "initpos": [
        -0.070846,
        -5.364088337955764e-7,
        -12.197314
      ],
      "initquaternion": [
        -0.499999,
        0.5,
        0.499999,
        0.5
      ],
      "initscale": [
        1,
        0.999999,
        0.999999
      ],
      "offmtx": [
        [
          1,
          0,
          0,
          0
        ],
        [
          0,
          1,
          0,
          0
        ],
        [
          0,
          0,
          1,
          0
        ]
      ],
      "boundingbox": [
        [
          0,
          0,
          0
        ],
        [
          0,
          0,
          0
        ]
      ]
    },
    {
      "name": "Bone051",
      "parent": "Bone001",
      "initpos": [
        11.888627,
        3.445915,
        -3.062795
      ],
      "initquaternion": [
        0.625439,
        -0.226419,
        0.445391,
        0.59932
      ],
      "initscale": [
        0.999999,
        0.999999,
        0.999999
      ],
      "offmtx": [
        [
          -0.250638,
          0.50072,
          0.828528,
          -10.404154
        ],
        [
          0.179099,
          -0.817088,
          0.547986,
          21.988573
        ],
        [
          0.951369,
          0.285735,
          0.115114,
          -3.183885
        ]
      ],
      "boundingbox": [
        [
          0.291016,
          -1.703523,
          -1.977009
        ],
        [
          13.588829,
          2.485359,
          1.598986
        ]
      ]
    },
    {
      "name": "Bone052",
      "parent": "Bone051",
      "initpos": [
        4.253095,
        0.931938,
        -0.727601
      ],
      "initquaternion": [
        0.083805,
        -0.032946,
        0.101281,
        0.990774
      ],
      "initscale": [
        0.999999,
        0.999999,
        0.999999
      ],
      "offmtx": [
        [
          -0.131737,
          0.353392,
          0.926152,
          -10.417125
        ],
        [
          0.376234,
          -0.846561,
          0.376539,
          22.959915
        ],
        [
          0.917111,
          0.398054,
          -0.021435,
          -5.345659
        ]
      ],
      "boundingbox": [
        [
          0.6137,
          -1.557029,
          -2.389966
        ],
        [
          11.945098,
          2.645828,
          2.355477
        ]
      ]
    },
    {
      "name": "Bone003",
      "parent": "Bone001",
      "initpos": [
        12.237231,
        6.111799,
        -0.00002
      ],
      "initquaternion": [
        0,
        0.000001,
        1,
        3.1391655852530675e-7
      ],
      "initscale": [
        0.999999,
        0.999999,
        1
      ],
      "offmtx": [
        [
          1,
          0,
          0,
          0
        ],
        [
          0,
          1,
          0,
          0
        ],
        [
          0,
          0,
          1,
          0
        ]
      ],
      "boundingbox": [
        [
          0,
          0,
          0
        ],
        [
          0,
          0,
          0
        ]
      ]
    },
    {
      "name": "Bone114",
      "parent": "Bone003",
      "initpos": [
        2.287803,
        0.796323,
        -0.000006
      ],
      "initquaternion": [
        1.5698704203259695e-7,
        -4.98233475809684e-7,
        0.975576,
        -0.219659
      ],
      "initscale": [
        0.999999,
        0.999999,
        1
      ],
      "offmtx": [
        [
          1,
          0,
          0,
          0
        ],
        [
          0,
          1,
          0,
          0
        ],
        [
          0,
          0,
          1,
          0
        ]
      ],
      "boundingbox": [
        [
          0,
          0,
          0
        ],
        [
          0,
          0,
          0
        ]
      ]
    },
    {
      "name": "Bone115",
      "parent": "Bone114",
      "initpos": [
        3.694856,
        -0.339255,
        0
      ],
      "initquaternion": [
        0.999925,
        0.012204,
        -2.3602450482940185e-7,
        1.9760247482736304e-7
      ],
      "initscale": [
        0.999999,
        0.999999,
        0.999999
      ],
      "offmtx": [
        [
          -0.450512,
          0.892769,
          0,
          -25.884027
        ],
        [
          0.89277,
          0.450512,
          4.791876904164383e-7,
          -5.597972
        ],
        [
          3.8537342561539845e-7,
          2.999648529566912e-7,
          -1,
          -0.000011
        ]
      ],
      "boundingbox": [
        [
          -0.157048,
          -1.542128,
          -4.03732
        ],
        [
          3.087059,
          0.880013,
          3.824724
        ]
      ]
    },
    {
      "name": "Bone116",
      "parent": "Bone115",
      "initpos": [
        -0.931882,
        0.789072,
        -3.834365
      ],
      "initquaternion": [
        -0.126155,
        -0.147182,
        -0.675715,
        0.711218
      ],
      "initscale": [
        0.999999,
        0.999999,
        0.999999
      ],
      "offmtx": [
        [
          -0.844536,
          -0.377456,
          -0.379848,
          6.273028
        ],
        [
          -0.400654,
          0.916022,
          -0.019457,
          -25.186252
        ],
        [
          0.355293,
          0.135755,
          -0.924844,
          2.099414
        ]
      ],
      "boundingbox": [
        [
          -0.104669,
          -1.122031,
          -0.851273
        ],
        [
          3.917794,
          0.909651,
          0.475728
        ]
      ]
    },
    {
      "name": "Bone117",
      "parent": "Bone116",
      "initpos": [
        0.444108,
        -1.440774,
        -0.091165
      ],
      "initquaternion": [
        0.032339,
        0.000967,
        0.013156,
        0.999389
      ],
      "initscale": [
        0.999999,
        0.999999,
        0.999999
      ],
      "offmtx": [
        [
          -0.855188,
          -0.353325,
          -0.379227,
          5.198597
        ],
        [
          -0.354546,
          0.932469,
          -0.06925,
          -23.698852
        ],
        [
          0.378086,
          0.075231,
          -0.922707,
          3.736516
        ]
      ],
      "boundingbox": [
        [
          -0.051363,
          -0.989686,
          -0.888453
        ],
        [
          4.511325,
          0.694007,
          0.446758
        ]
      ]
    },
    {
      "name": "Bone118",
      "parent": "Bone117",
      "initpos": [
        1.353646,
        -1.163606,
        -0.084582
      ],
      "initquaternion": [
        -0.001337,
        0.004076,
        0.005845,
        0.999973
      ],
      "initscale": [
        1,
        1,
        0.999999
      ],
      "offmtx": [
        [
          -0.86233,
          -0.343013,
          -0.372461,
          3.550154
        ],
        [
          -0.345507,
          0.936339,
          -0.062384,
          -22.588655
        ],
        [
          0.370149,
          0.074892,
          -0.925948,
          3.790901
        ]
      ],
      "boundingbox": [
        [
          0.066829,
          -0.965981,
          -0.856698
        ],
        [
          3.106523,
          0.878384,
          0.466516
        ]
      ]
    },
    {
      "name": "Bone119",
      "parent": "Bone115",
      "initpos": [
        -0.939283,
        0.808622,
        4.037729
      ],
      "initquaternion": [
        0.708204,
        -0.677724,
        -0.162439,
        -0.112918
      ],
      "initscale": [
        0.999999,
        0.999999,
        0.999999
      ],
      "offmtx": [
        [
          -0.837137,
          -0.390396,
          0.383134,
          6.748287
        ],
        [
          0.399102,
          -0.914924,
          -0.060239,
          24.975149
        ],
        [
          0.374056,
          0.10248,
          0.921726,
          3.207822
        ]
      ],
      "boundingbox": [
        [
          0.068588,
          -0.983458,
          -0.482298
        ],
        [
          4.101019,
          1.091653,
          0.84886
        ]
      ]
    },
    {
      "name": "Bone120",
      "parent": "Bone119",
      "initpos": [
        0.542967,
        1.321947,
        -0.104363
      ],
      "initquaternion": [
        0.018364,
        -0.002189,
        -0.034116,
        0.999246
      ],
      "initscale": [
        0.999999,
        0.999999,
        0.999999
      ],
      "offmtx": [
        [
          -0.861256,
          -0.326709,
          0.389228,
          4.586548
        ],
        [
          0.354678,
          -0.934988,
          -7.748601547064027e-7,
          24.12684
        ],
        [
          0.363924,
          0.13805,
          0.921141,
          2.41042
        ]
      ],
      "boundingbox": [
        [
          0.061895,
          -0.488771,
          -0.474885
        ],
        [
          4.574227,
          1.088345,
          0.842912
        ]
      ]
    },
    {
      "name": "Bone121",
      "parent": "Bone120",
      "initpos": [
        1.198294,
        1.273077,
        -0.198764
      ],
      "initquaternion": [
        0.00579,
        -0.008757,
        0.013377,
        0.999855
      ],
      "initscale": [
        0.999999,
        0.999999,
        1
      ],
      "offmtx": [
        [
          -0.844933,
          -0.34902,
          0.405304,
          4.041673
        ],
        [
          0.381783,
          -0.924251,
          -0.000001,
          22.782669
        ],
        [
          0.374603,
          0.154737,
          0.914181,
          2.279797
        ]
      ],
      "boundingbox": [
        [
          0.27811,
          -0.919582,
          -0.443651
        ],
        [
          3.32139,
          0.990376,
          0.90732
        ]
      ]
    },
    {
      "name": "Bone122",
      "parent": "Bone115",
      "initpos": [
        0.949865,
        -1.226098,
        1.636682
      ],
      "initquaternion": [
        -0.610526,
        -0.362618,
        -0.324647,
        0.624795
      ],
      "initscale": [
        0.999999,
        0.999999,
        0.999999
      ],
      "offmtx": [
        [
          -0.203949,
          0.486511,
          -0.849535,
          -15.673276
        ],
        [
          -0.343204,
          0.77717,
          0.527462,
          -22.09513
        ],
        [
          0.91685,
          0.39914,
          0.008469,
          -2.829
        ]
      ],
      "boundingbox": [
        [
          0.232386,
          -1.347505,
          -0.473056
        ],
        [
          2.779604,
          1.44674,
          0.552989
        ]
      ]
    },
    {
      "name": "Bone123",
      "parent": "Bone115",
      "initpos": [
        1.066535,
        -1.145457,
        -1.811117
      ],
      "initquaternion": [
        -0.631708,
        0.336459,
        0.358718,
        0.599216
      ],
      "initscale": [
        1,
        0.999999,
        0.999999
      ],
      "offmtx": [
        [
          -0.228273,
          0.463043,
          0.856435,
          -15.485246
        ],
        [
          0.335661,
          -0.788298,
          0.51567,
          22.355487
        ],
        [
          0.913905,
          0.405186,
          0.024522,
          -3.142827
        ]
      ],
      "boundingbox": [
        [
          0.205295,
          -1.327113,
          -0.539544
        ],
        [
          2.745152,
          1.432971,
          0.565865
        ]
      ]
    },
    {
      "name": "Bone124",
      "parent": "Bone115",
      "initpos": [
        2.450391,
        -1.480858,
        0.136123
      ],
      "initquaternion": [
        0,
        1.144937300523452e-7,
        -0.782902,
        0.622144
      ],
      "initscale": [
        0.999999,
        0.999999,
        1
      ],
      "offmtx": [
        [
          -0.76794,
          -0.640521,
          -4.847169066124479e-7,
          10.410662
        ],
        [
          -0.640521,
          0.767939,
          2.78803611308831e-7,
          -26.672231
        ],
        [
          1.93653846736197e-7,
          5.245761940386728e-7,
          -1,
          -0.136142
        ]
      ],
      "boundingbox": [
        [
          -0.419936,
          -1.415083,
          -1.656967
        ],
        [
          6.393116,
          1.41151,
          1.172119
        ]
      ]
    },
    {
      "name": "Bone125",
      "parent": "Bone124",
      "initpos": [
        0.446626,
        -1.137256,
        -1.995372
      ],
      "initquaternion": [
        0,
        0,
        0.147369,
        0.989081
      ],
      "initscale": [
        0.999999,
        0.999999,
        1
      ],
      "offmtx": [
        [
          -0.921309,
          -0.388829,
          -4.249795040323079e-7,
          2.087265
        ],
        [
          -0.388829,
          0.921309,
          4.077497237631178e-7,
          -27.330577
        ],
        [
          2.329925337107852e-7,
          5.409085019891791e-7,
          -1,
          1.85923
        ]
      ],
      "boundingbox": [
        [
          -0.136696,
          -0.960633,
          -0.868159
        ],
        [
          3.158837,
          0.815425,
          0.381843
        ]
      ]
    },
    {
      "name": "Bone126",
      "parent": "Bone125",
      "initpos": [
        0.446577,
        -1.242012,
        -1.344859
      ],
      "initquaternion": [
        -0.010062,
        -0.222524,
        -0.007494,
        0.974846
      ],
      "initscale": [
        0.999999,
        0.999999,
        0.999999
      ],
      "offmtx": [
        [
          -0.826024,
          -0.359614,
          -0.434005,
          3.132982
        ],
        [
          -0.406295,
          0.913596,
          0.016283,
          -26.10119
        ],
        [
          0.39065,
          0.189784,
          -0.900762,
          1.575725
        ]
      ],
      "boundingbox": [
        [
          -0.242474,
          -1.463111,
          -0.843567
        ],
        [
          3.305946,
          0.641658,
          0.516732
        ]
      ]
    },
    {
      "name": "Bone127",
      "parent": "Bone125",
      "initpos": [
        2.950502,
        -1.192193,
        0.175609
      ],
      "initquaternion": [
        -0.001367,
        -0.075605,
        0.012607,
        0.997057
      ],
      "initscale": [
        0.999999,
        0.999999,
        0.999999
      ],
      "offmtx": [
        [
          -0.92034,
          -0.360907,
          -0.150731,
          -1.261876
        ],
        [
          -0.365732,
          0.930708,
          0.004633,
          -26.116245
        ],
        [
          0.138614,
          0.059391,
          -0.988563,
          1.773098
        ]
      ],
      "boundingbox": [
        [
          0.065323,
          -1.526008,
          -0.802449
        ],
        [
          2.86929,
          1.018993,
          0.308346
        ]
      ]
    },
    {
      "name": "Bone128",
      "parent": "Bone127",
      "initpos": [
        1.395907,
        -0.270797,
        -0.287092
      ],
      "initquaternion": [
        -0.051364,
        0.055495,
        -0.699482,
        0.710638
      ],
      "initscale": [
        0.999999,
        0.999999,
        1
      ],
      "offmtx": [
        [
          0.350635,
          -0.936511,
          -3.8929269408072287e-7,
          25.786697
        ],
        [
          -0.936512,
          -0.350635,
          2.7480513153932407e-7,
          -3.355452
        ],
        [
          -3.938582153750758e-7,
          2.682208730675484e-7,
          -0.999999,
          1.755766
        ]
      ],
      "boundingbox": [
        [
          0.49087,
          -0.826864,
          -0.480338
        ],
        [
          5.013176,
          0.720533,
          0.216454
        ]
      ]
    },
    {
      "name": "Bone129",
      "parent": "Bone128",
      "initpos": [
        4.704011,
        0.318678,
        1.1920928955078125e-7
      ],
      "initquaternion": [
        0.02121,
        0.045376,
        -0.422928,
        0.904777
      ],
      "initscale": [
        0.999999,
        1,
        0.999999
      ],
      "offmtx": [
        [
          0.938678,
          -0.329959,
          0.100051,
          16.082935
        ],
        [
          -0.331623,
          -0.943411,
          -1.1920930376163597e-7,
          13.81897
        ],
        [
          0.09439,
          -0.033179,
          -0.994982,
          3.38187
        ]
      ],
      "boundingbox": [
        [
          -0.01687,
          -0.573017,
          -0.409281
        ],
        [
          1.246448,
          0.44419,
          0.108948
        ]
      ]
    },
    {
      "name": "Bone130",
      "parent": "Bone124",
      "initpos": [
        0.414705,
        -1.177328,
        1.940479
      ],
      "initquaternion": [
        0.987703,
        0.156336,
        0,
        1.923130525938177e-7
      ],
      "initscale": [
        0.999999,
        0.999999,
        0.999999
      ],
      "offmtx": [
        [
          -0.928212,
          -0.372049,
          -3.755454258680402e-7,
          1.633783
        ],
        [
          0.372049,
          -0.928212,
          -7.404602229144075e-7,
          27.335691
        ],
        [
          0,
          -8.270264402199246e-7,
          1,
          2.07663
        ]
      ],
      "boundingbox": [
        [
          -0.079627,
          -0.827888,
          -0.438206
        ],
        [
          3.185198,
          0.930589,
          0.811796
        ]
      ]
    },
    {
      "name": "Bone131",
      "parent": "Bone130",
      "initpos": [
        0.425487,
        1.36893,
        -1.244821
      ],
      "initquaternion": [
        0.009231,
        -0.223621,
        -0.004198,
        0.974623
      ],
      "initscale": [
        0.999999,
        0.999999,
        0.999999
      ],
      "offmtx": [
        [
          -0.839927,
          -0.323398,
          0.435816,
          2.215229
        ],
        [
          0.368209,
          -0.92953,
          0.019871,
          26.032325
        ],
        [
          0.398677,
          0.177162,
          0.899816,
          2.043401
        ]
      ],
      "boundingbox": [
        [
          -0.055654,
          -0.701589,
          -0.554026
        ],
        [
          3.476718,
          1.361425,
          0.78782
        ]
      ]
    },
    {
      "name": "Bone132",
      "parent": "Bone130",
      "initpos": [
        3.065947,
        1.21928,
        -0.07139
      ],
      "initquaternion": [
        0.992273,
        0.011702,
        0.123505,
        -0.001456
      ],
      "initscale": [
        0.999999,
        0.999999,
        0.999999
      ],
      "offmtx": [
        [
          -0.891135,
          -0.38182,
          0.245135,
          -0.264409
        ],
        [
          -0.393836,
          0.91918,
          0.000001,
          -26.142925
        ],
        [
          -0.225324,
          -0.096542,
          -0.969488,
          -2.282487
        ]
      ],
      "boundingbox": [
        [
          0.086067,
          -1.463057,
          -0.887432
        ],
        [
          2.938426,
          1.066563,
          0.310033
        ]
      ]
    },
    {
      "name": "Bone133",
      "parent": "Bone132",
      "initpos": [
        1.474767,
        -0.230703,
        0.182945
      ],
      "initquaternion": [
        0.086401,
        -0.088262,
        -0.694174,
        0.70913
      ],
      "initscale": [
        0.999999,
        0.999999,
        0.999999
      ],
      "offmtx": [
        [
          0.374155,
          -0.927365,
          -5.532055524781754e-7,
          25.857524
        ],
        [
          -0.927366,
          -0.374155,
          2.3610716937128018e-7,
          -2.842246
        ],
        [
          -4.2594285787345143e-7,
          4.246832645549148e-7,
          -1,
          -1.963863
        ]
      ],
      "boundingbox": [
        [
          0.47821,
          -0.941612,
          -0.637107
        ],
        [
          5.00704,
          0.683522,
          0.059681
        ]
      ]
    },
    {
      "name": "Bone134",
      "parent": "Bone133",
      "initpos": [
        4.719842,
        0.300583,
        0
      ],
      "initquaternion": [
        -0.0265,
        -0.058393,
        -0.41241,
        0.908738
      ],
      "initscale": [
        0.999999,
        1,
        1
      ],
      "offmtx": [
        [
          0.936563,
          -0.326294,
          -0.127987,
          15.897846
        ],
        [
          -0.329,
          -0.944329,
          -2.682209867543861e-7,
          13.839775
        ],
        [
          -0.120862,
          0.042108,
          -0.991776,
          -4.031733
        ]
      ],
      "boundingbox": [
        [
          -0.093553,
          -0.597575,
          -0.558181
        ],
        [
          1.186055,
          0.422931,
          -0.005748
        ]
      ]
    },
    {
      "name": "Bone135",
      "parent": "Bone114",
      "initpos": [
        0.409059,
        1.914479,
        0
      ],
      "initquaternion": [
        0.728998,
        0.684514,
        -1.332799683950725e-7,
        -1.4194132802458626e-7
      ],
      "initscale": [
        0.999999,
        0.999999,
        0.999999
      ],
      "offmtx": [
        [
          -0.928661,
          -0.370929,
          0,
          1.2764
        ],
        [
          -0.370929,
          0.92866,
          4.3259677795504103e-7,
          -22.852628
        ],
        [
          0,
          4.3865131260645285e-7,
          -1,
          -0.000018
        ]
      ],
      "boundingbox": [
        [
          0.065123,
          -0.514996,
          -1.985192
        ],
        [
          5.068349,
          0.501254,
          1.764807
        ]
      ]
    },
    {
      "name": "Bone136",
      "parent": "Bone114",
      "initpos": [
        1.873472,
        1.605285,
        -0.143066
      ],
      "initquaternion": [
        0.72292,
        0.690931,
        -1.345292446330859e-7,
        -1.4075784804390423e-7
      ],
      "initscale": [
        0.999999,
        0.999999,
        0.999999
      ],
      "offmtx": [
        [
          -0.921959,
          -0.387286,
          -1.0979165665503388e-7,
          1.922776
        ],
        [
          -0.387286,
          0.921958,
          4.3075868916275795e-7,
          -24.303382
        ],
        [
          0,
          4.3966315388388466e-7,
          -0.999999,
          -0.143084
        ]
      ],
      "boundingbox": [
        [
          -0.003077,
          -1.246001,
          -1.878259
        ],
        [
          5.053376,
          1.608026,
          1.371741
        ]
      ]
    },
    {
      "name": "Bone101",
      "parent": "Bone003",
      "initpos": [
        4.26863,
        -0.095128,
        0.000001
      ],
      "initquaternion": [
        0,
        0,
        0,
        1
      ],
      "initscale": [
        1,
        1,
        1
      ],
      "offmtx": [
        [
          0,
          -0.999999,
          0,
          20.165912
        ],
        [
          1,
          0,
          -0.000004,
          6.277776
        ],
        [
          0.000004,
          0,
          0.999999,
          0.000029
        ]
      ],
      "boundingbox": [
        [
          2.057873,
          -2.307673,
          -2.400011
        ],
        [
          7.084832,
          2.442349,
          2.400011
        ]
      ]
    },
    {
      "name": "Bone102",
      "parent": "Bone101",
      "initpos": [
        2.553634,
        -2.571798,
        -0.000011
      ],
      "initquaternion": [
        0,
        0,
        0,
        1
      ],
      "initscale": [
        1,
        1,
        1
      ],
      "offmtx": [
        [
          0,
          -0.999999,
          0,
          17.612277
        ],
        [
          1,
          0,
          0,
          8.849574
        ],
        [
          0,
          0,
          0.999999,
          -0.000001
        ]
      ],
      "boundingbox": [
        [
          -0.022501,
          -0.485864,
          -1.501576
        ],
        [
          3.977496,
          0.514135,
          1.498423
        ]
      ]
    },
    {
      "name": "Bone103",
      "parent": "Bone102",
      "initpos": [
        2.503963,
        -0.230693,
        1.454831
      ],
      "initquaternion": [
        -0.5,
        -0.499999,
        -0.5,
        0.5
      ],
      "initscale": [
        1,
        0.999999,
        0.999999
      ],
      "offmtx": [
        [
          0,
          0,
          0.999999,
          -1.454832
        ],
        [
          0,
          -0.999999,
          0,
          15.108318
        ],
        [
          1,
          0,
          0,
          9.080268
        ]
      ],
      "boundingbox": [
        [
          0.004301,
          -0.994558,
          -0.011228
        ],
        [
          0.682219,
          0.991264,
          -0.009486
        ]
      ]
    },
    {
      "name": "Bone104",
      "parent": "Bone102",
      "initpos": [
        2.498806,
        -0.211818,
        -1.493429
      ],
      "initquaternion": [
        0.5,
        -0.499999,
        -0.5,
        -0.499999
      ],
      "initscale": [
        1,
        1,
        1
      ],
      "offmtx": [
        [
          3.461355504441599e-7,
          0,
          -0.999999,
          -1.493424
        ],
        [
          -2.095475082342091e-7,
          0.999999,
          0,
          -15.113474
        ],
        [
          1,
          2.0954749402335437e-7,
          3.4613552202245046e-7,
          9.06139
        ]
      ],
      "boundingbox": [
        [
          -0.035707,
          -0.996418,
          -0.030102
        ],
        [
          0.642211,
          0.989403,
          -0.028361
        ]
      ]
    },
    {
      "name": "Bone105",
      "parent": "Bone102",
      "initpos": [
        3.513889,
        0.219919,
        -2.261627
      ],
      "initquaternion": [
        0,
        0,
        0.203203,
        0.979136
      ],
      "initscale": [
        0.999999,
        0.999999,
        1
      ],
      "offmtx": [
        [
          0.397927,
          -0.917416,
          0,
          16.36808
        ],
        [
          0.917417,
          0.397927,
          -1.36588980126362e-7,
          2.306856
        ],
        [
          1.0023909879919302e-7,
          1.1215094986027907e-7,
          1,
          2.261624
        ]
      ],
      "boundingbox": [
        [
          -0.181336,
          -0.718581,
          -0.845546
        ],
        [
          3.25556,
          0.811741,
          0.858922
        ]
      ]
    },
    {
      "name": "Bone106",
      "parent": "Bone105",
      "initpos": [
        3.166626,
        0.000003,
        -2.384185791015625e-7
      ],
      "initquaternion": [
        0,
        0,
        0.209142,
        0.977885
      ],
      "initscale": [
        0.999999,
        0.999999,
        1
      ],
      "offmtx": [
        [
          0.738371,
          -0.674394,
          0,
          12.99016
        ],
        [
          0.674394,
          0.738371,
          -1.503001669789228e-7,
          -3.294794
        ],
        [
          0,
          1.1547235345688023e-7,
          1,
          2.261624
        ]
      ],
      "boundingbox": [
        [
          -0.024149,
          -0.294434,
          -0.399418
        ],
        [
          1.274397,
          0.741898,
          0.225582
        ]
      ]
    },
    {
      "name": "Bone107",
      "parent": "Bone102",
      "initpos": [
        3.598354,
        -0.38931,
        0
      ],
      "initquaternion": [
        0,
        0,
        0.157915,
        0.987452
      ],
      "initscale": [
        1,
        1,
        1
      ],
      "offmtx": [
        [
          0.311868,
          -0.950125,
          0,
          16.196304
        ],
        [
          0.950125,
          0.311868,
          0,
          4.407601
        ],
        [
          0,
          0,
          1,
          -0.000002
        ]
      ],
      "boundingbox": [
        [
          0.023764,
          -0.764056,
          -1.462551
        ],
        [
          3.774146,
          0.736904,
          1.462548
        ]
      ]
    },
    {
      "name": "Bone108",
      "parent": "Bone107",
      "initpos": [
        3.209278,
        0.251992,
        0
      ],
      "initquaternion": [
        0,
        0,
        0.344519,
        0.938779
      ],
      "initscale": [
        0.999999,
        0.999999,
        1
      ],
      "offmtx": [
        [
          0.852428,
          -0.522844,
          0,
          12.592145
        ],
        [
          0.522844,
          0.852428,
          0,
          -5.231602
        ],
        [
          0,
          0,
          1,
          -0.000002
        ]
      ],
      "boundingbox": [
        [
          0.015332,
          -0.742923,
          -0.366822
        ],
        [
          2.527786,
          0.793255,
          0.363663
        ]
      ]
    },
    {
      "name": "Bone109",
      "parent": "Bone107",
      "initpos": [
        2.96455,
        0.734518,
        0
      ],
      "initquaternion": [
        0,
        0,
        0.710075,
        0.704125
      ],
      "initscale": [
        0.999999,
        0.999999,
        1
      ],
      "offmtx": [
        [
          0.947468,
          0.31985,
          0,
          3.56163
        ],
        [
          -0.31985,
          0.947467,
          -1.6197573415865918e-7,
          -13.262186
        ],
        [
          0,
          1.6681804027030012e-7,
          1,
          -0.000003
        ]
      ],
      "boundingbox": [
        [
          -0.002383,
          -0.577568,
          -1.360317
        ],
        [
          2.257741,
          0.690748,
          1.383178
        ]
      ]
    },
    {
      "name": "Bone110",
      "parent": "Bone102",
      "initpos": [
        3.513889,
        0.219919,
        2.287053
      ],
      "initquaternion": [
        0,
        0,
        0.203203,
        0.979136
      ],
      "initscale": [
        0.999999,
        0.999999,
        1
      ],
      "offmtx": [
        [
          0.397927,
          -0.917416,
          0,
          16.36808
        ],
        [
          0.917417,
          0.397927,
          -1.36588980126362e-7,
          2.306855
        ],
        [
          1.0023909879919302e-7,
          1.1215094986027907e-7,
          1,
          -2.287055
        ]
      ],
      "boundingbox": [
        [
          -0.181648,
          -0.718583,
          -0.884351
        ],
        [
          3.255561,
          0.811739,
          0.820116
        ]
      ]
    },
    {
      "name": "Bone111",
      "parent": "Bone110",
      "initpos": [
        3.166625,
        0.000003,
        -2.384185791015625e-7
      ],
      "initquaternion": [
        0,
        0,
        0.209142,
        0.977885
      ],
      "initscale": [
        0.999999,
        0.999999,
        1
      ],
      "offmtx": [
        [
          0.738371,
          -0.674394,
          0,
          12.99016
        ],
        [
          0.674394,
          0.738371,
          -1.503001669789228e-7,
          -3.294795
        ],
        [
          0,
          1.1547235345688023e-7,
          1,
          -2.287055
        ]
      ],
      "boundingbox": [
        [
          -0.024149,
          -0.294435,
          -0.251011
        ],
        [
          1.274397,
          0.741897,
          0.373988
        ]
      ]
    },
    {
      "name": "Bone112",
      "parent": "Bone102",
      "initpos": [
        2.963772,
        0.201897,
        0.993184
      ],
      "initquaternion": [
        0.286344,
        0.646534,
        0.646534,
        -0.286344
      ],
      "initscale": [
        1,
        0.999999,
        0.999999
      ],
      "offmtx": [
        [
          4.516256524311757e-7,
          0.672027,
          0.740526,
          -10.579673
        ],
        [
          -4.432783384800132e-7,
          -0.740526,
          0.672027,
          10.18015
        ],
        [
          1,
          -6.317639531516761e-7,
          0,
          8.647686
        ]
      ],
      "boundingbox": [
        [
          -0.011694,
          -0.814743,
          -0.396395
        ],
        [
          3.243829,
          0.821332,
          0.31224
        ]
      ]
    },
    {
      "name": "Bone113",
      "parent": "Bone102",
      "initpos": [
        2.961232,
        0.222208,
        -0.985378
      ],
      "initquaternion": [
        -0.287152,
        0.646176,
        0.646176,
        0.287152
      ],
      "initscale": [
        0.999999,
        0.999999,
        0.999999
      ],
      "offmtx": [
        [
          -3.120636620224104e-7,
          0.670174,
          -0.742203,
          -10.550111
        ],
        [
          -2.0613188667084614e-7,
          0.742203,
          0.670174,
          -10.213686
        ],
        [
          1,
          3.6212892950970854e-7,
          0,
          8.627361
        ]
      ],
      "boundingbox": [
        [
          -0.005576,
          -0.820355,
          -0.415922
        ],
        [
          3.245903,
          0.807605,
          0.291933
        ]
      ]
    },
    {
      "name": "Bone184",
      "parent": "Bone101",
      "initpos": [
        7.321538,
        2.618868,
        -0.000442
      ],
      "initquaternion": [
        -0.000001,
        0.000021,
        -0.221826,
        0.975086
      ],
      "initscale": [
        0.999999,
        0.999999,
        1
      ],
      "offmtx": [
        [
          -0.432598,
          -0.901586,
          -0.000038,
          9.997472
        ],
        [
          0.901586,
          -0.432598,
          -0.000017,
          8.855284
        ],
        [
          -8.333441314789525e-7,
          -0.000041,
          0.999999,
          0.000989
        ]
      ],
      "boundingbox": [
        [
          0.00188,
          -0.523838,
          -2.379855
        ],
        [
          2.81293,
          0.507097,
          2.361145
        ]
      ]
    },
    {
      "name": "Bone004",
      "parent": "Bone001",
      "initpos": [
        -0.005173,
        1.998801,
        -0.000006
      ],
      "initquaternion": [
        0,
        0.000001,
        1,
        1.9470709844426892e-7
      ],
      "initscale": [
        0.999999,
        0.999999,
        1
      ],
      "offmtx": [
        [
          1,
          0,
          0,
          0
        ],
        [
          0,
          1,
          0,
          0
        ],
        [
          0,
          0,
          1,
          0
        ]
      ],
      "boundingbox": [
        [
          0,
          0,
          0
        ],
        [
          0,
          0,
          0
        ]
      ]
    },
    {
      "name": "Bone095",
      "parent": "Bone004",
      "initpos": [
        2.623023,
        -0.124102,
        0
      ],
      "initquaternion": [
        0,
        0,
        0,
        1
      ],
      "initscale": [
        1,
        1,
        1
      ],
      "offmtx": [
        [
          0,
          -0.999999,
          0,
          9.569115
        ],
        [
          1,
          0,
          0,
          2.193751
        ],
        [
          0,
          0,
          0.999999,
          0
        ]
      ],
      "boundingbox": [
        [
          0.709115,
          -2.588103,
          -2.376964
        ],
        [
          9.569146,
          2.411898,
          2.378529
        ]
      ]
    },
    {
      "name": "Bone0101",
      "parent": "Bone095",
      "initpos": [
        5.859258,
        -2.29408,
        -0.111846
      ],
      "initquaternion": [
        0,
        -1.5039745449030306e-7,
        0.978486,
        -0.206312
      ],
      "initscale": [
        1,
        1,
        1
      ],
      "offmtx": [
        [
          -0.403746,
          0.91487,
          0,
          -5.205988
        ],
        [
          -0.91487,
          -0.403746,
          -3.4401185189381067e-7,
          -2.607943
        ],
        [
          -2.826675995493133e-7,
          -2.1153739737655997e-7,
          0.999999,
          0.111845
        ]
      ],
      "boundingbox": [
        [
          0.015673,
          -0.268506,
          -2.237277
        ],
        [
          2.891328,
          0.235242,
          2.262721
        ]
      ]
    },
    {
      "name": "Bone0102",
      "parent": "Bone095",
      "initpos": [
        9.00794,
        -0.093995,
        -2.238979
      ],
      "initquaternion": [
        0.5,
        -0.499999,
        -0.5,
        -0.499999
      ],
      "initscale": [
        1,
        1,
        1
      ],
      "offmtx": [
        [
          3.0020135000086157e-7,
          0,
          -0.999999,
          -2.238978
        ],
        [
          -1.0530022365173863e-7,
          0.999999,
          0,
          -0.561175
        ],
        [
          1,
          1.0530021654631128e-7,
          3.0020132157915214e-7,
          2.287747
        ]
      ],
      "boundingbox": [
        [
          -0.05067,
          -0.561205,
          -1.744107
        ],
        [
          1.44933,
          0.563794,
          1.755893
        ]
      ]
    },
    {
      "name": "Bone0103",
      "parent": "Bone095",
      "initpos": [
        9.32761,
        -0.267172,
        -1.084439
      ],
      "initquaternion": [
        -0.27174,
        0.652806,
        0.652807,
        0.27174
      ],
      "initscale": [
        0.999999,
        0.999999,
        0.999999
      ],
      "offmtx": [
        [
          -4.143006151480222e-7,
          0.704628,
          -0.709576,
          -0.939664
        ],
        [
          -8.467367251796531e-7,
          0.709576,
          0.704628,
          0.592758
        ],
        [
          1,
          8.927524390855979e-7,
          3.026566446351353e-7,
          2.460924
        ]
      ],
      "boundingbox": [
        [
          -0.001156,
          -0.575622,
          -2.29697
        ],
        [
          2.482315,
          0.555213,
          2.65512
        ]
      ]
    },
    {
      "name": "Bone0104",
      "parent": "Bone095",
      "initpos": [
        7.351162,
        -0.156826,
        -2.536668
      ],
      "initquaternion": [
        0,
        0.000003,
        1,
        -3.1391664379043505e-7
      ],
      "initscale": [
        0.999999,
        0.999999,
        1
      ],
      "offmtx": [
        [
          4.418603509748209e-7,
          0.999999,
          0,
