{
  "skeleton": [
    {
      "name": "RootNode",
      "parent": "RootNode",
      "initpos": [
        0,
        0,
        0
      ],
      "initquaternion": [
        0,
        0,
        0,
        1
      ],
      "initscale": [
        1,
        1,
        1
      ],
      "offmtx": [
        [
          1,
          0,
          0,
          0
        ],
        [
          0,
          1,
          0,
          0
        ],
        [
          0,
          0,
          1,
          0
        ]
      ],
      "boundingbox": [
        [
          0,
          0,
          0
        ],
        [
          0,
          0,
          0
        ]
      ]
    },
    {
      "name": "root",
      "parent": "RootNode",
      "initpos": [
        0,
        0,
        0
      ],
      "initquaternion": [
        0.707106,
        0,
        0,
        0.707106
      ],
      "initscale": [
        1,
        0.999999,
        0.999999
      ],
      "offmtx": [
        [
          1,
          0,
          0,
          0
        ],
        [
          0,
          1,
          0,
          0
        ],
        [
          0,
          0,
          1,
          0
        ]
      ],
      "boundingbox": [
        [
          0,
          0,
          0
        ],
        [
          0,
          0,
          0
        ]
      ]
    },
    {
      "name": "Bone006",
      "parent": "root",
      "initpos": [
        0.064407,
        -6.556811058544554e-7,
        -24.106071
      ],
      "initquaternion": [
        -0.502831,
        0.497152,
        0.497153,
        0.50283
      ],
      "initscale": [
        1,
        0.999999,
        0.999999
      ],
      "offmtx": [
        [
          1,
          0,
          0,
          0
        ],
        [
          0,
          1,
          0,
          0
        ],
        [
          0,
          0,
          1,
          0
        ]
      ],
      "boundingbox": [
        [
          0,
          0,
          0
        ],
        [
          0,
          0,
          0
        ]
      ]
    },
    {
      "name": "Bone050",
      "parent": "Bone006",
      "initpos": [
        0.072202,
        -0.013685,
        -3.901346
      ],
      "initquaternion": [
        -4.6993136493256316e-7,
        0,
        0.005678,
        0.999983
      ],
      "initscale": [
        1,
        1,
        1
      ],
      "offmtx": [
        [
          2.7940293989558995e-7,
          0.999999,
          0,
          -24.178108
        ],
        [
          -1,
          2.794029114738805e-7,
          -0.000001,
          0.0789
        ],
        [
          -0.000001,
          0,
          0.999999,
          3.901346
        ]
      ],
      "boundingbox": [
        [
          -0.517036,
          -4.259934,
          -2.143355
        ],
        [
          9.163823,
          4.417761,
          2.097233
        ]
      ]
    },
    {
      "name": "Bone051",
      "parent": "Bone050",
      "initpos": [
        4.31521,
        3.652142,
        1.254678
      ],
      "initquaternion": [
        0.515816,
        -0.3204,
        0.416081,
        0.67687
      ],
      "initscale": [
        0.999999,
        0.999999,
        0.999999
      ],
      "offmtx": [
        [
          -0.232731,
          0.448439,
          0.862981,
          -11.325103
        ],
        [
          -0.121621,
          -0.893801,
          0.431655,
          26.175237
        ],
        [
          0.964906,
          -0.004496,
          0.262555,
          4.270865
        ]
      ],
      "boundingbox": [
        [
          -0.675069,
          -2.08462,
          -0.79629
        ],
        [
          7.518035,
          1.593001,
          0.239705
        ]
      ]
    },
    {
      "name": "Bone052",
      "parent": "Bone051",
      "initpos": [
        8.185184,
        0.314922,
        -0.3591
      ],
      "initquaternion": [
        0.091014,
        -0.096245,
        -0.270034,
        0.953695
      ],
      "initscale": [
        0.999999,
        0.999999,
        0.999999
      ],
      "offmtx": [
        [
          2.682207878024201e-7,
          0.850149,
          0.52654,
          -29.453853
        ],
        [
          -1.7892187997858855e-7,
          -0.52654,
          0.850149,
          12.997695
        ],
        [
          1,
          -3.2223761081695557e-7,
          0,
          5.86299
        ]
      ],
      "boundingbox": [
        [
          -1.032969,
          -2.994169,
          -0.611297
        ],
        [
          3.805361,
          -0.475962,
          0.818451
        ]
      ]
    },
    {
      "name": "Bone053",
      "parent": "Bone050",
      "initpos": [
        2.664018,
        3.749104,
        1.66724
      ],
      "initquaternion": [
        0.494112,
        -0.354224,
        0.441636,
        0.659799
      ],
      "initscale": [
        0.999999,
        0.999999,
        0.999999
      ],
      "offmtx": [
        [
          -0.232731,
          0.358964,
          0.903869,
          -8.470195
        ],
        [
          -0.12162,
          -0.932836,
          0.339152,
          25.350639
        ],
        [
          0.964906,
          -0.030997,
          0.260758,
          4.956
        ]
      ],
      "boundingbox": [
        [
          -0.428207,
          -1.862492,
          -0.925537
        ],
        [
          7.18261,
          1.176254,
          0.432217
        ]
      ]
    },
    {
      "name": "Bone054",
      "parent": "Bone050",
      "initpos": [
        4.188467,
        -3.50435,
        1.028369
      ],
      "initquaternion": [
        -0.515163,
        -0.313797,
        -0.413746,
        0.681874
      ],
      "initscale": [
        1,
        1,
        1
      ],
      "offmtx": [
        [
          0.240931,
          0.460691,
          0.854233,
          -11.47737
        ],
        [
          -0.126841,
          0.887558,
          -0.442888,
          -25.994911
        ],
        [
          -0.962218,
          -0.001646,
          0.272275,
          4.276827
        ]
      ],
      "boundingbox": [
        [
          -0.449345,
          -1.57034,
          -0.649507
        ],
        [
          7.80196,
          1.994062,
          0.310131
        ]
      ]
    },
    {
      "name": "Bone055",
      "parent": "Bone054",
      "initpos": [
        8.225926,
        -0.31274,
        0.158887
      ],
      "initquaternion": [
        -0.108317,
        -0.040083,
        0.242787,
        0.963179
      ],
      "initscale": [
        0.999999,
        0.999999,
        0.999999
      ],
      "offmtx": [
        [
          0.12764,
          0.827673,
          0.546502,
          -29.450202
        ],
        [
          2.1234151859061967e-7,
          0.551008,
          -0.834499,
          -13.947158
        ],
        [
          -0.99182,
          0.106515,
          0.07033,
          1.706857
        ]
      ],
      "boundingbox": [
        [
          -0.958028,
          0.364616,
          -1.072604
        ],
        [
          3.814288,
          3.00319,
          0.290287
        ]
      ]
    },
    {
      "name": "Bone056",
      "parent": "Bone050",
      "initpos": [
        2.32586,
        -3.520029,
        1.602373
      ],
      "initquaternion": [
        -0.536427,
        -0.31522,
        -0.453782,
        0.637936
      ],
      "initscale": [
        0.999999,
        0.999999,
        0.999999
      ],
      "offmtx": [
        [
          0.240782,
          0.389435,
          0.889024,
          -9.144304
        ],
        [
          -0.012654,
          0.917154,
          -0.39833,
          -25.178453
        ],
        [
          -0.970496,
          0.08466,
          0.225762,
          1.767933
        ]
      ],
      "boundingbox": [
        [
          -0.254904,
          -0.977172,
          -0.806003
        ],
        [
          7.456069,
          1.992092,
          0.554932
        ]
      ]
    },
    {
      "name": "root",
      "parent": "RootNode",
      "initpos": [
        0,
        0,
        0
      ],
      "initquaternion": [
        0.707106,
        0,
        0,
        0.707106
      ],
      "initscale": [
        1,
        0.999999,
        0.999999
      ],
      "offmtx": [
        [
          1,
          0,
          0,
          0
        ],
        [
          0,
          1,
          0,
          0
        ],
        [
          0,
          0,
          1,
          0
        ]
      ],
      "boundingbox": [
        [
          0,
          0,
          0
        ],
        [
          0,
          0,
          0
        ]
      ]
    },
    {
      "name": "Bone002",
      "parent": "root",
      "initpos": [
        6.155165,
        -0.00234,
        -24.435821
      ],
      "initquaternion": [
        0.501131,
        0.501176,
        0.498817,
        -0.498869
      ],
      "initscale": [
        1,
        0.999999,
        0.999999
      ],
      "offmtx": [
        [
          1,
          0,
          0,
          0
        ],
        [
          0,
          1,
          0,
          0
        ],
        [
          0,
          0,
          1,
          0
        ]
      ],
      "boundingbox": [
        [
          0,
          0,
          0
        ],
        [
          0,
          0,
          0
        ]
      ]
    },
    {
      "name": "Bone057",
      "parent": "Bone002",
      "initpos": [
        4.268636,
        -0.044029,
        0.000005
      ],
      "initquaternion": [
        0,
        0,
        0,
        1
      ],
      "initscale": [
        1,
        1,
        1
      ],
      "offmtx": [
        [
          0.000006,
          -0.999989,
          0.004622,
          20.166906
        ],
        [
          1,
          0.000006,
          0.000065,
          -6.111307
        ],
        [
          -0.000065,
          0.004622,
          0.999989,
          -0.11021
        ]
      ],
      "boundingbox": [
        [
          1.0861,
          -2.211365,
          -2.424188
        ],
        [
          7.106246,
          3.418342,
          2.345695
        ]
      ]
    },
    {
      "name": "Bone058",
      "parent": "Bone057",
      "initpos": [
        4.748775,
        1.996086,
        2.538964
      ],
      "initquaternion": [
        0.030085,
        -0.117853,
        0.971726,
        0.202367
      ],
      "initscale": [
        1,
        1,
        0.999999
      ],
      "offmtx": [
        [
          0.386187,
          0.916768,
          0.101959,
          -17.539733
        ],
        [
          -0.890304,
          0.39937,
          -0.218773,
          1.619493
        ],
        [
          -0.241283,
          -0.006287,
          0.970434,
          -0.449048
        ]
      ],
      "boundingbox": [
        [
          -0.043578,
          -0.882769,
          -0.326251
        ],
        [
          5.722115,
          0.921144,
          0.215518
        ]
      ]
    },
    {
      "name": "Bone059",
      "parent": "Bone057",
      "initpos": [
        4.233525,
        2.946761,
        2.985303
      ],
      "initquaternion": [
        0.082557,
        -0.227944,
        0.845045,
        0.476575
      ],
      "initscale": [
        1,
        0.999999,
        0.999999
      ],
      "offmtx": [
        [
          0.767791,
          0.533769,
          0.354382,
          -16.537889
        ],
        [
          -0.44182,
          0.841663,
          -0.310479,
          -8.482189
        ],
        [
          -0.463995,
          0.08181,
          0.882051,
          0.23214
        ]
      ],
      "boundingbox": [
        [
          -0.054478,
          -0.806449,
          -0.20253
        ],
        [
          2.732051,
          0.723142,
          0.086526
        ]
      ]
    },
    {
      "name": "Bone060",
      "parent": "Bone057",
      "initpos": [
        4.96633,
        3.026938,
        2.828673
      ],
      "initquaternion": [
        0.072696,
        -0.107676,
        0.790366,
        0.5987
      ],
      "initscale": [
        0.999999,
        1,
        0.999999
      ],
      "offmtx": [
        [
          0.930711,
          0.273677,
          0.242645,
          -13.36474
        ],
        [
          -0.259929,
          0.961643,
          -0.087624,
          -12.003876
        ],
        [
          -0.257319,
          0.018482,
          0.966149,
          -0.701885
        ]
      ],
      "boundingbox": [
        [
          -0.035067,
          -0.862646,
          -0.276177
        ],
        [
          2.226133,
          0.893798,
          0.086208
        ]
      ]
    },
    {
      "name": "Bone061",
      "parent": "Bone057",
      "initpos": [
        5.026038,
        3.06708,
        -2.782452
      ],
      "initquaternion": [
        -0.081903,
        0.105051,
        0.78664,
        0.60287
      ],
      "initscale": [
        1,
        1,
        0.999999
      ],
      "offmtx": [
        [
          0.931291,
          0.2585,
          -0.256656,
          -13.16218
        ],
        [
          -0.251033,
          0.965988,
          0.06204,
          -12.139678
        ],
        [
          0.263964,
          0.006651,
          0.964509,
          0.120867
        ]
      ],
      "boundingbox": [
        [
          -0.028117,
          -0.778303,
          -0.20821
        ],
        [
          2.252346,
          0.995288,
          0.163135
        ]
      ]
    },
    {
      "name": "Bone062",
      "parent": "Bone057",
      "initpos": [
        4.261801,
        2.997779,
        -2.983227
      ],
      "initquaternion": [
        -0.073665,
        0.24167,
        0.855184,
        0.452579
      ],
      "initscale": [
        1,
        1,
        1
      ],
      "offmtx": [
        [
          0.738492,
          0.577895,
          -0.34737,
          -16.934118
        ],
        [
          -0.473561,
          0.811274,
          0.342889,
          -7.568663
        ],
        [
          0.479966,
          -0.088719,
          0.872788,
          -0.391045
        ]
      ],
      "boundingbox": [
        [
          -0.040959,
          -0.833932,
          -0.169998
        ],
        [
          2.731995,
          0.743285,
          0.125782
        ]
      ]
    },
    {
      "name": "Bone063",
      "parent": "Bone057",
      "initpos": [
        4.740626,
        1.969038,
        -2.624184
      ],
      "initquaternion": [
        -0.033742,
        0.098467,
        0.97306,
        0.205717
      ],
      "initscale": [
        1,
        1,
        1
      ],
      "offmtx": [
        [
          0.393707,
          0.912585,
          -0.110373,
          -17.533702
        ],
        [
          -0.895983,
          0.407807,
          0.175802,
          1.408133
        ],
        [
          0.205445,
          0.029677,
          0.978218,
          0.410863
        ]
      ],
      "boundingbox": [
        [
          -0.013375,
          -0.863746,
          -0.201372
        ],
        [
          5.745096,
          0.912444,
          0.377807
        ]
      ]
    },
    {
      "name": "Bone064",
      "parent": "Bone057",
      "initpos": [
        4.101894,
        3.174932,
        0.000013
      ],
      "initquaternion": [
        0.000001,
        -0.000001,
        0.707106,
        0.707106
      ],
      "initscale": [
        0.999999,
        0.999999,
        1
      ],
      "offmtx": [
        [
          1,
          0.000007,
          0.000071,
          -9.286234
        ],
        [
          -0.000006,
          0.999989,
          -0.004622,
          -16.065004
        ],
        [
          -0.000071,
          0.004622,
          0.999989,
          -0.110176
        ]
      ],
      "boundingbox": [
        [
          -0.010925,
          -2.289639,
          -2.158437
        ],
        [
          1.239379,
          1.952969,
          2.084249
        ]
      ]
    },
    {
      "name": "Bone065",
      "parent": "Bone064",
      "initpos": [
        -0.100539,
        -0.556106,
        1.477564
      ],
      "initquaternion": [
        -0.000001,
        0.000002,
        -0.707106,
        0.707106
      ],
      "initscale": [
        1,
        1,
        1
      ],
      "offmtx": [
        [
          0.000006,
          -0.999989,
          0.004622,
          15.508904
        ],
        [
          1,
          0.000006,
          0.000065,
          -9.18568
        ],
        [
          -0.000065,
          0.004622,
          0.999989,
          -1.587794
        ]
      ],
      "boundingbox": [
        [
          -0.065007,
          -1.243284,
          -0.48932
        ],
        [
          5.18841,
          0.506799,
          0.285002
        ]
      ]
    },
    {
      "name": "Bone066",
      "parent": "Bone064",
      "initpos": [
        -0.12496,
        -1.814825,
        0
      ],
      "initquaternion": [
        0,
        2.83620067875745e-7,
        -0.707106,
        0.707106
      ],
      "initscale": [
        1,
        1,
        1
      ],
      "offmtx": [
        [
          0.000006,
          -0.999989,
          0.004622,
          14.250185
        ],
        [
          1,
          0.000006,
          0.00007,
          -9.161271
        ],
        [
          -0.00007,
          0.004622,
          0.999989,
          -0.110185
        ]
      ],
      "boundingbox": [
        [
          -0.065548,
          -1.724942,
          -0.44141
        ],
        [
          4.687883,
          1.275143,
          0.330712
        ]
      ]
    },
    {
      "name": "Bone067",
      "parent": "Bone064",
      "initpos": [
        -0.100536,
        -0.541341,
        -1.426558
      ],
      "initquaternion": [
        -0.000001,
        0.000002,
        -0.707106,
        0.707106
      ],
      "initscale": [
        1,
        1,
        1
      ],
      "offmtx": [
        [
          0.000006,
          -0.999989,
          0.004622,
          15.523674
        ],
        [
          1,
          0.000006,
          0.000065,
          -9.185699
        ],
        [
          -0.000065,
          0.004622,
          0.999989,
          1.316327
        ]
      ],
      "boundingbox": [
        [
          -0.06342,
          -1.243488,
          -0.437301
        ],
        [
          5.189996,
          0.506594,
          0.337021
        ]
      ]
    },
    {
      "name": "Bone068",
      "parent": "Bone002",
      "initpos": [
        2.378423,
        -0.763758,
        0.000003
      ],
      "initquaternion": [
        0.213746,
        0.976889,
        7.820837026883964e-7,
        1.2512286673427298e-7
      ],
      "initscale": [
        0.999999,
        0.999999,
        0.999999
      ],
      "offmtx": [
        [
          1,
          0,
          0,
          0
        ],
        [
          0,
          1,
          0,
          0
        ],
        [
          0,
          0,
          1,
          0
        ]
      ],
      "boundingbox": [
        [
          0,
          0,
          0
        ],
        [
          0,
          0,
          0
        ]
      ]
    },
    {
      "name": "Bone069",
      "parent": "Bone068",
      "initpos": [
        0.715471,
        -0.625706,
        3.540892
      ],
      "initquaternion": [
        0.841906,
        0.539623,
        0,
        -2.2442959846102895e-7
      ],
      "initscale": [
        0.999999,
        0.999999,
        0.999999
      ],
      "offmtx": [
        [
          1,
          0.000006,
          0.000071,
          -5.121828
        ],
        [
          -0.000006,
          0.999989,
          -0.004622,
          -22.968503
        ],
        [
          -0.000071,
          0.004622,
          0.999989,
          3.430717
        ]
      ],
      "boundingbox": [
        [
          0.018591,
          -1.376932,
          -0.593899
        ],
        [
          3.89368,
          1.628256,
          0.545171
        ]
      ]
    },
    {
      "name": "Bone070",
      "parent": "Bone069",
      "initpos": [
        1.643641,
        0.339292,
        0.407361
      ],
      "initquaternion": [
        -0.000076,
        -0.000192,
        0.368767,
        0.929521
      ],
      "initscale": [
        0.999999,
        0.999999,
        0.999999
      ],
      "offmtx": [
        [
          0.728017,
          0.685553,
          -0.002814,
          -20.903253
        ],
        [
          -0.685558,
          0.728008,
          -0.003698,
          -12.331345
        ],
        [
          -0.000486,
          0.004622,
          0.999989,
          3.02616
        ]
      ],
      "boundingbox": [
        [
          0.080357,
          -0.9956,
          -0.251401
        ],
        [
          4.91624,
          1.376241,
          0.240909
        ]
      ]
    },
    {
      "name": "Bone071",
      "parent": "Bone068",
      "initpos": [
        0.715465,
        -0.6257,
        -3.607145
      ],
      "initquaternion": [
        0.841906,
        0.539623,
        0,
        -2.2442372937803157e-7
      ],
      "initscale": [
        0.999999,
        0.999999,
        0.999999
      ],
      "offmtx": [
        [
          1,
          0.000006,
          0.000071,
          -5.12183
        ],
        [
          -0.000006,
          0.999989,
          -0.004622,
          -22.968505
        ],
        [
          -0.000071,
          0.004622,
          0.999989,
          -3.717319
        ]
      ],
      "boundingbox": [
        [
          0.019102,
          -1.409985,
          -0.591325
        ],
        [
          3.894149,
          1.595201,
          0.547746
        ]
      ]
    },
    {
      "name": "Bone072",
      "parent": "Bone071",
      "initpos": [
        1.643641,
        0.339292,
        -0.42233
      ],
      "initquaternion": [
        0.001148,
        0.002894,
        0.368765,
        0.929517
      ],
      "initscale": [
        0.999999,
        0.999999,
        0.999999
      ],
      "offmtx": [
        [
          0.728003,
          0.68553,
          -0.007651,
          -20.889133
        ],
        [
          -0.685545,
          0.728029,
          0.000855,
          -12.344651
        ],
        [
          0.006156,
          0.004622,
          0.99997,
          -3.337066
        ]
      ],
      "boundingbox": [
        [
          0.061369,
          -1.016471,
          -0.253972
        ],
        [
          4.898309,
          1.354014,
          0.25159
        ]
      ]
    },
    {
      "name": "Bone073",
      "parent": "Bone068",
      "initpos": [
        0.377819,
        1.323458,
        0.000005
      ],
      "initquaternion": [
        0.480762,
        0.87685,
        3.1786936460775905e-7,
        -1.7475724689575145e-7
      ],
      "initscale": [
        1,
        0.999999,
        0.999999
      ],
      "offmtx": [
        [
          0.541515,
          -0.840681,
          0.003924,
          14.711036
        ],
        [
          0.84069,
          0.54151,
          -0.002442,
          -17.507026
        ],
        [
          -0.000071,
          0.004622,
          0.999989,
          -0.110172
        ]
      ],
      "boundingbox": [
        [
          -0.000814,
          -2.096573,
          -2.278866
        ],
        [
          2.215275,
          1.936135,
          2.237779
        ]
      ]
    },
    {
      "name": "Bone074",
      "parent": "Bone068",
      "initpos": [
        1.767004,
        0.691233,
        0.000005
      ],
      "initquaternion": [
        0.844847,
        0.535007,
        0,
        -2.9208183605078375e-7
      ],
      "initscale": [
        0.999999,
        0.999999,
        0.999999
      ],
      "offmtx": [
        [
          0.99994,
          0.010952,
          0.000021,
          -7.013007
        ],
        [
          -0.010952,
          0.999929,
          -0.004622,
          -23.298625
        ],
        [
          -0.000071,
          0.004622,
          0.999989,
          -0.11017
        ]
      ],
      "boundingbox": [
        [
          -1.190551,
          -1.822974,
          -3.348568
        ],
        [
          6.831216,
          4.831379,
          3.35648
        ]
      ]
    },
    {
      "name": "Bone075",
      "parent": "Bone074",
      "initpos": [
        4.05116,
        -0.000001,
        -1.1175870895385742e-7
      ],
      "initquaternion": [
        0,
        0,
        -0.222427,
        0.974949
      ],
      "initscale": [
        0.999999,
        0.999999,
        1
      ],
      "offmtx": [
        [
          0.905748,
          -0.423811,
          0.002024,
          0.135458
        ],
        [
          0.423816,
          0.905738,
          -0.004156,
          -25.791919
        ],
        [
          -0.000071,
          0.004622,
          0.999989,
          -0.11017
        ]
      ],
      "boundingbox": [
        [
          -1.671394,
          -2.141875,
          -3.805249
        ],
        [
          8.474484,
          4.810416,
          3.796225
        ]
      ]
    },
    {
      "name": "Bone076",
      "parent": "Bone068",
      "initpos": [
        2.521745,
        -1.172848,
        0.000003
      ],
      "initquaternion": [
        0.973702,
        0.227821,
        0,
        -3.0566141617782705e-7
      ],
      "initscale": [
        0.999999,
        0.999999,
        0.999999
      ],
      "offmtx": [
        [
          0.77738,
          0.629024,
          -0.002851,
          -19.805442
        ],
        [
          -0.62903,
          0.777371,
          -0.003638,
          -15.925317
        ],
        [
          -0.000071,
          0.004622,
          0.999989,
          -0.110167
        ]
      ],
      "boundingbox": [
        [
          0.002479,
          -2.860423,
          -2.478669
        ],
        [
          4.508064,
          1.899033,
          2.514285
        ]
      ]
    },
    {
      "name": "Bone077",
      "parent": "Bone076",
      "initpos": [
        3.930763,
        -0.000005,
        -1.2665987014770508e-7
      ],
      "initquaternion": [
        0,
        0,
        -0.137785,
        0.990462
      ],
      "initscale": [
        0.999999,
        0.999999,
        1
      ],
      "offmtx": [
        [
          0.919553,
          0.392961,
          -0.00175,
          -18.488239
        ],
        [
          -0.392965,
          0.919543,
          -0.004278,
          -21.799278
        ],
        [
          -0.000071,
          0.004622,
          0.999989,
          -0.110167
        ]
      ],
      "boundingbox": [
        [
          -0.184681,
          -2.769513,
          -2.418292
        ],
        [
          11.177424,
          3.145694,
          2.464881
        ]
      ]
    },
    {
      "name": "root",
      "parent": "RootNode",
      "initpos": [
        0,
        0,
        0
      ],
      "initquaternion": [
        0.707106,
        0,
        0,
        0.707106
      ],
      "initscale": [
        1,
        0.999999,
        0.999999
      ],
      "offmtx": [
        [
          1,
          0,
          0,
          0
        ],
        [
          0,
          1,
          0,
          0
        ],
        [
          0,
          0,
          1,
          0
        ]
      ],
      "boundingbox": [
        [
          0,
          0,
          0
        ],
        [
          0,
          0,
          0
        ]
      ]
    },
    {
      "name": "Bone005",
      "parent": "root",
      "initpos": [
        1.979017,
        -5.373634053285059e-7,
        -12.192139
      ],
      "initquaternion": [
        0.5,
        0.499999,
        0.5,
        -0.499999
      ],
      "initscale": [
        1,
        0.999999,
        0.999999
      ],
      "offmtx": [
        [
          1,
          0,
          0,
          0
        ],
        [
          0,
          1,
          0,
          0
        ],
        [
          0,
          0,
          1,
          0
        ]
      ],
      "boundingbox": [
        [
          0,
          0,
          0
        ],
        [
          0,
          0,
          0
        ]
      ]
    },
    {
      "name": "Bone108",
      "parent": "Bone005",
      "initpos": [
        2.623025,
        0.122099,
        0.000001
      ],
      "initquaternion": [
        0,
        0,
        0,
        1
      ],
      "initscale": [
        1,
        1,
        1
      ],
      "offmtx": [
        [
          3.0955607144278474e-7,
          -0.999999,
          0,
          9.569112
        ],
        [
          1,
          3.095560430210753e-7,
          -5.463206207423354e-7,
          -2.101119
        ],
        [
          5.463206775857543e-7,
          0,
          0.999999,
          -0.000002
        ]
      ],
      "boundingbox": [
        [
          1.233023,
          -2.208631,
          -2.920445
        ],
        [
          9.55241,
          2.54137,
          2.378528
        ]
      ]
    },
    {
      "name": "Bone109",
      "parent": "Bone108",
      "initpos": [
        8.926572,
        0.334074,
        2.391891
      ],
      "initquaternion": [
        -0.5,
        0.499999,
        0.499999,
        0.5
      ],
      "initscale": [
        1,
        0.999999,
        0.999999
      ],
      "offmtx": [
        [
          8.402714684052626e-7,
          0,
          -0.999999,
          2.391887
        ],
        [
          2.490134534127719e-7,
          0.999999,
          0,
          -0.642542
        ],
        [
          1,
          -2.490134249910625e-7,
          8.402714115618437e-7,
          -2.435192
        ]
      ],
      "boundingbox": [
        [
          0.06673,
          -0.642573,
          -2.653342
        ],
        [
          6.080199,
          1.607427,
          2.346663
        ]
      ]
    },
    {
      "name": "Bone110",
      "parent": "Bone109",
      "initpos": [
        5.679708,
        0.123104,
        -0.080082
      ],
      "initquaternion": [
        0,
        0,
        0.377487,
        0.926014
      ],
      "initscale": [
        1,
        1,
        1
      ],
      "offmtx": [
        [
          1.8326115025502077e-7,
          0.699118,
          -0.715005,
          -2.886091
        ],
        [
          1.6907861777326616e-7,
          0.715005,
          0.699118,
          1.751128
        ],
        [
          1,
          -2.490134249910625e-7,
          0,
          -2.355108
        ]
      ],
      "boundingbox": [
        [
          0.083647,
          -0.391464,
          -0.943647
        ],
        [
          1.291018,
          0.371128,
          1.056353
        ]
      ]
    },
    {
      "name": "Bone111",
      "parent": "Bone109",
      "initpos": [
        4.017905,
        0.083516,
        0.020524
      ],
      "initquaternion": [
        0,
        0,
        0.383867,
        0.923388
      ],
      "initscale": [
        0.999999,
        0.999999,
        1
      ],
      "offmtx": [
        [
          1.855767663982988e-7,
          0.708917,
          -0.70529,
          -1.661532
        ],
        [
          1.665337521217225e-7,
          0.70529,
          0.708917,
          0.640626
        ],
        [
          1,
          -2.490134249910625e-7,
          0,
          -2.455715
        ]
      ],
      "boundingbox": [
        [
          -0.012696,
          -0.564003,
          -2.717835
        ],
        [
          1.782566,
          0.603451,
          2.370102
        ]
      ]
    },
    {
      "name": "Bone112",
      "parent": "Bone108",
      "initpos": [
        6.783272,
        0.332446,
        -2.631367
      ],
      "initquaternion": [
        -0.005523,
        0.707084,
        0.707085,
        0.005523
      ],
      "initscale": [
        0.999999,
        0.999999,
        0.999999
      ],
      "offmtx": [
        [
          5.98032102061552e-7,
          0.999877,
          -0.015622,
          -2.826614
        ],
        [
          -3.224441229576769e-7,
          0.015622,
          0.999877,
          2.587525
        ],
        [
          1,
          -5.92921594488871e-7,
          3.317476569009159e-7,
          -2.433557
        ]
      ],
      "boundingbox": [
        [
          -0.011141,
          -0.414116,
          -2.522099
        ],
        [
          3.747618,
          0.394339,
          2.474692
        ]
      ]
    },
    {
      "name": "Bone113",
      "parent": "Bone112",
      "initpos": [
        2.135035,
        -0.571601,
        1.636687
      ],
      "initquaternion": [
        -3.2583145070930186e-7,
        0,
        0.007811,
        0.999969
      ],
      "initscale": [
        0.999999,
        0.999999,
        1
      ],
      "offmtx": [
        [
          7.890437814239704e-7,
          0.999999,
          0,
          -4.911689
        ],
        [
          -9.834311640588567e-7,
          0,
          0.999999,
          3.236258
        ],
        [
          1,
          -7.890436677371326e-7,
          9.83431050372019e-7,
          -4.070242
        ]
      ],
      "boundingbox": [
        [
          -0.009238,
          -0.434188,
          -0.39048
        ],
        [
          3.490761,
          1.065812,
          0.359522
        ]
      ]
    },
    {
      "name": "Bone114",
      "parent": "Bone112",
      "initpos": [
        2.135034,
        -0.571601,
        -1.331387
      ],
      "initquaternion": [
        -3.2583145070930186e-7,
        0,
        0.007811,
        0.999969
      ],
      "initscale": [
        0.999999,
        0.999999,
        1
      ],
      "offmtx": [
        [
          7.890437814239704e-7,
          0.999999,
          0,
          -4.911688
        ],
        [
          -9.834311640588567e-7,
          0,
          0.999999,
          3.236256
        ],
        [
          1,
          -7.890436677371326e-7,
          9.83431050372019e-7,
          -1.102166
        ]
      ],
      "boundingbox": [
        [
          -0.00924,
          -0.434186,
          -0.352362
        ],
        [
          3.490759,
          1.065814,
          0.397641
        ]
      ]
    },
    {
      "name": "Bone115",
      "parent": "Bone112",
      "initpos": [
        3.262793,
        -0.857749,
        0.122278
      ],
      "initquaternion": [
        0,
        0,
        0.007811,
        0.999969
      ],
      "initscale": [
        0.999999,
        0.999999,
        1
      ],
      "offmtx": [
        [
          7.160153359109245e-7,
          0.999999,
          0,
          -6.03484
        ],
        [
          -5.065939490123128e-7,
          0,
          0.999999,
          3.539988
        ],
        [
          1,
          -7.160152790675056e-7,
          5.065938353254751e-7,
          -2.555834
        ]
      ],
      "boundingbox": [
        [
          -0.019174,
          -0.411744,
          -0.357614
        ],
        [
          3.480826,
          1.338257,
          0.392388
        ]
      ]
    },
    {
      "name": "Bone116",
      "parent": "Bone108",
      "initpos": [
        5.281033,
        2.301303,
        9.536747711536009e-7
      ],
      "initquaternion": [
        0,
        -3.122158318547008e-7,
        0.961236,
        0.275725
      ],
      "initscale": [
        1,
        1,
        1
      ],
      "offmtx": [
        [
          0.530074,
          0.847951,
          0,
          -5.969692
        ],
        [
          -0.847951,
          0.530074,
          0,
          1.460038
        ],
        [
          0,
          0,
          0.999999,
          -2.2351986217472586e-7
        ]
      ],
      "boundingbox": [
        [
          -0.024937,
          -0.441419,
          -2.349123
        ],
        [
          2.853796,
          0.44486,
          2.150876
        ]
      ]
    }
  ],
  "boundingbox": [
    [
      -6.474277,
      -0.00003,
      -6.044705
    ],
    [
      20.048572,
      36.674629,
      4.835386
    ]
  ]
}
