{"skeleton":[{"name":"root","parent":"root","initpos":[0.0,0.0,-0.0],"initquaternion":[0.707106,0.0,0.0,0.707106],"initscale":[1.0,0.999999,0.999999],"offmtx":[[1.0,0.0,0.0,0.0],[0.0,1.0,0.0,0.0],[0.0,0.0,1.0,0.0]],"boundingbox":[[0.0,0.0,0.0],[0.0,0.0,0.0]]},{"name":"Bone001","parent":"root","initpos":[-0.070846,-5.364088337955764e-07,-12.197314],"initquaternion":[-0.499999,0.5,0.499999,0.5],"initscale":[1.0,0.999999,0.999999],"offmtx":[[1.0,0.0,0.0,0.0],[0.0,1.0,0.0,0.0],[0.0,0.0,1.0,0.0]],"boundingbox":[[0.0,0.0,0.0],[0.0,0.0,0.0]]},{"name":"Bone023","parent":"Bone001","initpos":[2.238289,-0.278491,-1.6e-05],"initquaternion":[1.0,0.0,-0.0,9.099629778575036e-07],"initscale":[1.0,0.999999,0.999999],"offmtx":[[1.0,0.0,0.0,0.0],[0.0,1.0,0.0,0.0],[0.0,0.0,1.0,0.0]],"boundingbox":[[0.0,0.0,0.0],[0.0,0.0,0.0]]},{"name":"Bone021","parent":"Bone023","initpos":[3.177993,1.811956,-3.014652],"initquaternion":[0.216465,0.753175,-0.609501,0.119909],"initscale":[0.999999,0.999999,0.999999],"offmtx":[[0.179903,-0.877529,0.444496,13.753125],[0.163303,0.472241,0.866209,-11.258996],[-0.970034,-0.083246,0.228261,2.73723]],"boundingbox":[[-1.018546,-3.844242,-1.998728],[13.382425,1.928935,2.123038]]},{"name":"Bone019","parent":"Bone023","initpos":[5.429346,2.47144,-3.238823],"initquaternion":[0.352878,0.886145,-0.26744,0.136744],"initscale":[0.999999,0.999999,0.999999],"offmtx":[[0.552261,-0.713555,0.431098,11.298947],[0.607906,0.698544,0.377472,-16.72775],[-0.570489,0.053603,0.819554,-2.190824]],"boundingbox":[[-0.920747,-3.263238,-3.628876],[25.243637,4.560903,2.583194]]},{"name":"Bone022","parent":"Bone023","initpos":[3.231533,-2.381477,-2.867847],"initquaternion":[-0.067063,-0.572765,0.79753,-0.177161],"initscale":[0.999999,1.0,0.999999],"offmtx":[[-0.205759,-0.928232,0.309914,15.063142],[-0.281104,0.359407,0.889834,-9.512668],[-0.937359,0.095973,-0.334882,-2.772852]],"boundingbox":[[-1.146056,-2.74088,-2.485808],[13.407264,2.710802,1.635591]]},{"name":"Bone020","parent":"Bone023","initpos":[5.371803,-4.917654,-2.841251],"initquaternion":[-0.154944,-0.333825,0.870438,-0.326938],"initscale":[1.0,1.0,0.999999],"offmtx":[[-0.465709,-0.738207,0.48802,11.041907],[-0.563343,0.672607,0.479836,-17.339303],[-0.682465,-0.051458,-0.729104,-0.123604]],"boundingbox":[[-1.879492,-3.850819,-3.067587],[24.177331,4.553723,3.114362]]}],"boundingbox":[[-18.987499,4.0614,1.416498],[18.987499,22.147598,16.050098]]}