{
  "skeleton": [
    {
      "name": "root",
      "parent": "root",
      "initpos": [
        0,
        0,
        0
      ],
      "initquaternion": [
        -1.1920928955078125e-7,
        0,
        0,
        1
      ],
      "initscale": [
        1,
        0.999999,
        0.999999
      ],
      "offmtx": [
        [
          1,
          0,
          0,
          0
        ],
        [
          0,
          1,
          0,
          0
        ],
        [
          0,
          0,
          1,
          0
        ]
      ],
      "boundingbox": [
        [
          0,
          0,
          0
        ],
        [
          0,
          0,
          0
        ]
      ]
    },
    {
      "name": "Bone020",
      "parent": "root",
      "initpos": [
        12.050977,
        32.830856,
        10.325218
      ],
      "initquaternion": [
        -0.030424,
        -0.006558,
        -0.683607,
        0.729186
      ],
      "initscale": [
        0.999999,
        0.999999,
        0.999999
      ],
      "offmtx": [
        [
          0.065276,
          -0.996554,
          0.05116,
          31.402858
        ],
        [
          0.997352,
          0.063511,
          -0.035403,
          -13.738655
        ],
        [
          0.032032,
          0.053336,
          0.998062,
          -12.442302
        ]
      ],
      "boundingbox": [
        [
          0.045007,
          -3.707733,
          -0.585865
        ],
        [
          5.278715,
          3.684867,
          0.646957
        ]
      ]
    },
    {
      "name": "Bone021",
      "parent": "Bone020",
      "initpos": [
        5.275085,
        -0.000013,
        -0.000001
      ],
      "initquaternion": [
        -0.025019,
        -0.05827,
        0.007238,
        0.997961
      ],
      "initscale": [
        0.999999,
        0.999999,
        0.999999
      ],
      "offmtx": [
        [
          0.085857,
          -0.982396,
          0.16591,
          24.266475
        ],
        [
          0.99362,
          0.072209,
          -0.086627,
          -13.389488
        ],
        [
          0.073121,
          0.172289,
          0.982328,
          -16.064922
        ]
      ],
      "boundingbox": [
        [
          0.004349,
          -3.707847,
          -0.584423
        ],
        [
          5.238049,
          3.684753,
          0.6484
        ]
      ]
    },
    {
      "name": "Bone022",
      "parent": "Bone021",
      "initpos": [
        5.22755,
        0.000003,
        -0.000003
      ],
      "initquaternion": [
        -0.047591,
        -0.062425,
        0.019212,
        0.996729
      ],
      "initscale": [
        0.999999,
        0.999999,
        0.999999
      ],
      "offmtx": [
        [
          0.138049,
          -0.949694,
          0.281108,
          16.314344
        ],
        [
          0.978495,
          0.086857,
          -0.187091,
          -12.372344
        ],
        [
          0.153263,
          0.300891,
          0.941262,
          -19.509178
        ]
      ],
      "boundingbox": [
        [
          0.01233,
          -3.708381,
          -0.581605
        ],
        [
          5.246032,
          3.684226,
          0.651217
        ]
      ]
    },
    {
      "name": "Bone023",
      "parent": "Bone022",
      "initpos": [
        5.225222,
        0.000003,
        0.000007
      ],
      "initquaternion": [
        -0.135444,
        -0.045941,
        0.045301,
        0.988681
      ],
      "initscale": [
        0.999999,
        0.999999,
        1
      ],
      "offmtx": [
        [
          0.248771,
          -0.909284,
          0.333635,
          8.201692
        ],
        [
          0.886243,
          0.074729,
          -0.45715,
          -7.416755
        ],
        [
          0.390748,
          0.409408,
          0.824438,
          -23.116558
        ]
      ],
      "boundingbox": [
        [
          0.024696,
          -3.711616,
          -0.573272
        ],
        [
          5.258495,
          3.680976,
          0.659553
        ]
      ]
    },
    {
      "name": "Bone024",
      "parent": "Bone023",
      "initpos": [
        5.223383,
        -0.000003,
        -0.000003
      ],
      "initquaternion": [
        -0.106122,
        -0.055309,
        0.051329,
        0.991485
      ],
      "initscale": [
        1,
        0.999999,
        0.999999
      ],
      "offmtx": [
        [
          1,
          0,
          0,
          0
        ],
        [
          0,
          1,
          0,
          0
        ],
        [
          0,
          0,
          1,
          0
        ]
      ],
      "boundingbox": [
        [
          0,
          0,
          0
        ],
        [
          0,
          0,
          0
        ]
      ]
    },
    {
      "name": "Bone025",
      "parent": "Bone024",
      "initpos": [
        5.226858,
        -0.000004,
        0
      ],
      "initquaternion": [
        -0.104901,
        -0.068458,
        0.014351,
        0.992019
      ],
      "initscale": [
        0.999999,
        0.999999,
        0.999999
      ],
      "offmtx": [
        [
          0.484238,
          -0.769446,
          0.416491,
          -8.69308
        ],
        [
          0.620842,
          -0.033236,
          -0.78323,
          2.76107
        ],
        [
          0.616496,
          0.637845,
          0.46161,
          -23.329692
        ]
      ],
      "boundingbox": [
        [
          -5.390254,
          -4.621414,
          -1.416374
        ],
        [
          5.283924,
          4.549797,
          2.212608
        ]
      ]
    },
    {
      "name": "Bone026",
      "parent": "Bone025",
      "initpos": [
        5.255437,
        -0.000012,
        0.000005
      ],
      "initquaternion": [
        -0.074522,
        -0.129507,
        0.061368,
        0.986867
      ],
      "initscale": [
        1,
        1,
        0.999999
      ],
      "offmtx": [
        [
          0.703477,
          -0.5853,
          0.403167,
          -18.737815
        ],
        [
          0.459484,
          -0.058226,
          -0.886275,
          7.93225
        ],
        [
          0.542211,
          0.808723,
          0.227975,
          -18.232757
        ]
      ],
      "boundingbox": [
        [
          0.03617,
          -4.943843,
          -0.567951
        ],
        [
          5.269874,
          4.853057,
          0.664871
        ]
      ]
    },
    {
      "name": "Bone027",
      "parent": "Bone026",
      "initpos": [
        5.193189,
        -0.000001,
        0.000005
      ],
      "initquaternion": [
        -0.090729,
        -0.118941,
        0.087957,
        0.984827
      ],
      "initscale": [
        1,
        0.999999,
        0.999999
      ],
      "offmtx": [
        [
          0.88058,
          -0.394471,
          0.26262,
          -25.318634
        ],
        [
          0.229878,
          -0.129043,
          -0.964626,
          14.948139
        ],
        [
          0.414407,
          0.909801,
          -0.022952,
          -10.176773
        ]
      ],
      "boundingbox": [
        [
          0.082893,
          -5.221939,
          -0.572437
        ],
        [
          5.316604,
          5.108348,
          0.660385
        ]
      ]
    },
    {
      "name": "Bone028",
      "parent": "Bone027",
      "initpos": [
        5.282424,
        0.000007,
        0.000004
      ],
      "initquaternion": [
        -0.065123,
        -0.098935,
        0.020608,
        0.992746
      ],
      "initscale": [
        0.999999,
        0.999999,
        0.999999
      ],
      "offmtx": [
        [
          0.955254,
          -0.217082,
          0.200907,
          -31.143486
        ],
        [
          0.147774,
          -0.23813,
          -0.959925,
          17.023847
        ],
        [
          0.256225,
          0.946661,
          -0.195396,
          -1.926088
        ]
      ],
      "boundingbox": [
        [
          0.036804,
          -5.840892,
          -0.577981
        ],
        [
          5.2705,
          5.70623,
          0.654829
        ]
      ]
    },
    {
      "name": "Bone029",
      "parent": "Bone028",
      "initpos": [
        5.232686,
        0.000007,
        0.000002
      ],
      "initquaternion": [
        -0.064639,
        -0.078563,
        -0.001314,
        0.99481
      ],
      "initscale": [
        0.999999,
        0.999999,
        0.999999
      ],
      "offmtx": [
        [
          0.984667,
          -0.068063,
          0.160612,
          -36.100036
        ],
        [
          0.12584,
          -0.360465,
          -0.924244,
          16.66423
        ],
        [
          0.120802,
          0.930286,
          -0.346373,
          5.986512
        ]
      ],
      "boundingbox": [
        [
          0.038818,
          -6.280311,
          -0.582714
        ],
        [
          5.272544,
          6.133228,
          0.650074
        ]
      ]
    },
    {
      "name": "Bone030",
      "parent": "Bone029",
      "initpos": [
        5.260452,
        0.000005,
        0.000005
      ],
      "initquaternion": [
        -0.063513,
        -0.059761,
        -0.009517,
        0.996144
      ],
      "initscale": [
        0.999999,
        0.999999,
        0.999999
      ],
      "offmtx": [
        [
          0.990554,
          0.04842,
          0.128285,
          -40.52703
        ],
        [
          0.135798,
          -0.475956,
          -0.868921,
          14.677839
        ],
        [
          0.018984,
          0.878134,
          -0.478036,
          12.897513
        ]
      ],
      "boundingbox": [
        [
          0.012275,
          -6.985641,
          -0.586308
        ],
        [
          5.246002,
          6.821706,
          0.646507
        ]
      ]
    },
    {
      "name": "Bone031",
      "parent": "Bone030",
      "initpos": [
        4.45016,
        -9.5367431640625e-7,
        0.000001
      ],
      "initquaternion": [
        -0.058599,
        -0.041023,
        -0.015915,
        0.997311
      ],
      "initscale": [
        0.999999,
        0.999999,
        0.999999
      ],
      "offmtx": [
        [
          0.984649,
          0.134546,
          0.111186,
          -44.118972
        ],
        [
          0.16881,
          -0.57217,
          -0.802573,
          11.43489
        ],
        [
          -0.044365,
          0.809023,
          -0.5861,
          18.09674
        ]
      ],
      "boundingbox": [
        [
          0.049507,
          -9.877872,
          -1.209126
        ],
        [
          2.625137,
          9.746143,
          1.264752
        ]
      ]
    },
    {
      "name": "Bone010",
      "parent": "root",
      "initpos": [
        -12.395581,
        32.830856,
        10.325218
      ],
      "initquaternion": [
        -0.006558,
        -0.030424,
        -0.729186,
        0.683606
      ],
      "initscale": [
        0.999999,
        0.999999,
        0.999999
      ],
      "offmtx": [
        [
          -0.065276,
          -0.996554,
          0.05116,
          31.380355
        ],
        [
          0.997352,
          -0.063511,
          0.035403,
          14.082359
        ],
        [
          -0.032032,
          0.053336,
          0.998062,
          -12.453351
        ]
      ],
      "boundingbox": [
        [
          0.043375,
          -3.660072,
          -0.586661
        ],
        [
          5.27709,
          3.732532,
          0.646164
        ]
      ]
    },
    {
      "name": "Bone009",
      "parent": "Bone010",
      "initpos": [
        5.275087,
        0.000015,
        -0.000003
      ],
      "initquaternion": [
        0.025018,
        -0.05827,
        -0.007238,
        0.997961
      ],
      "initscale": [
        0.999999,
        0.999999,
        0.999999
      ],
      "offmtx": [
        [
          -0.085858,
          -0.982396,
          0.16591,
          24.236875
        ],
        [
          0.99362,
          -0.072209,
          0.086626,
          13.731929
        ],
        [
          -0.073121,
          0.172289,
          0.982328,
          -16.090118
        ]
      ],
      "boundingbox": [
        [
          0.002215,
          -3.660041,
          -0.586237
        ],
        [
          5.235912,
          3.732559,
          0.646578
        ]
      ]
    },
    {
      "name": "Bone008",
      "parent": "Bone009",
      "initpos": [
        5.227554,
        -9.5367431640625e-7,
        -0.000007
      ],
      "initquaternion": [
        0.047591,
        -0.062425,
        -0.019212,
        0.996729
      ],
      "initscale": [
        1,
        0.999999,
        0.999999
      ],
      "offmtx": [
        [
          -0.138049,
          -0.949694,
          0.281109,
          16.266771
        ],
        [
          0.978495,
          -0.086857,
          0.18709,
          12.709554
        ],
        [
          -0.153262,
          0.300891,
          0.941262,
          -19.56199
        ]
      ],
      "boundingbox": [
        [
          0.008895,
          -3.6599,
          -0.585407
        ],
        [
          5.242598,
          3.732711,
          0.647413
        ]
      ]
    },
    {
      "name": "Bone007",
      "parent": "Bone008",
      "initpos": [
        5.225219,
        -0.000006,
        0.000007
      ],
      "initquaternion": [
        0.135444,
        -0.04594,
        -0.045302,
        0.988681
      ],
      "initscale": [
        0.999999,
        0.999999,
        0.999999
      ],
      "offmtx": [
        [
          -0.248771,
          -0.909285,
          0.333636,
          8.11596
        ],
        [
          0.886244,
          -0.074729,
          0.45715,
          7.722179
        ],
        [
          -0.390748,
          0.409408,
          0.824439,
          -23.251222
        ]
      ],
      "boundingbox": [
        [
          0.01851,
          -3.658954,
          -0.582977
        ],
        [
          5.25231,
          3.733654,
          0.649848
        ]
      ]
    },
    {
      "name": "Bone018",
      "parent": "Bone007",
      "initpos": [
        5.223386,
        0.000005,
        -0.000005
      ],
      "initquaternion": [
        0.106122,
        -0.055309,
        -0.051329,
        0.991485
      ],
      "initscale": [
        0.999999,
        0.999999,
        0.999999
      ],
      "offmtx": [
        [
          -0.385148,
          -0.850003,
          0.359379,
          -0.31386
        ],
        [
          0.754764,
          -0.06605,
          0.652661,
          2.743055
        ],
        [
          -0.531028,
          0.522618,
          0.666991,
          -24.515197
        ]
      ],
      "boundingbox": [
        [
          0.030204,
          -4.09863,
          -0.581558
        ],
        [
          5.264017,
          4.187263,
          0.651279
        ]
      ]
    },
    {
      "name": "Bone017",
      "parent": "Bone018",
      "initpos": [
        5.226856,
        0.000007,
        0.000003
      ],
      "initquaternion": [
        0.104901,
        -0.068458,
        -0.01435,
        0.992019
      ],
      "initscale": [
        0.999999,
        0.999999,
        0.999999
      ],
      "offmtx": [
        [
          -0.484238,
          -0.769446,
          0.416491,
          -8.859966
        ],
        [
          0.620842,
          0.033236,
          0.78323,
          -2.547124
        ],
        [
          -0.616496,
          0.637846,
          0.46161,
          -23.542144
        ]
      ],
      "boundingbox": [
        [
          0.038162,
          -4.53437,
          -0.580684
        ],
        [
          5.271883,
          4.636837,
          0.65216
        ]
      ]
    },
    {
      "name": "Bone016",
      "parent": "Bone017",
      "initpos": [
        5.255436,
        0.000013,
        0.000005
      ],
      "initquaternion": [
        0.074522,
        -0.129507,
        -0.061368,
        0.986867
      ],
      "initscale": [
        0.999999,
        0.999999,
        0.999999
      ],
      "offmtx": [
        [
          -0.703476,
          -0.5853,
          0.403167,
          -18.980243
        ],
        [
          0.459484,
          0.058227,
          0.886275,
          -7.773908
        ],
        [
          -0.542212,
          0.808723,
          0.227975,
          -18.419609
        ]
      ],
      "boundingbox": [
        [
          0.01868,
          -4.841641,
          -0.581428
        ],
        [
          5.252395,
          4.955265,
          0.651399
        ]
      ]
    },
    {
      "name": "Bone015",
      "parent": "Bone016",
      "initpos": [
        5.193187,
        4.76837158203125e-7,
        0.000005
      ],
      "initquaternion": [
        0.090729,
        -0.118941,
        -0.087957,
        0.984827
      ],
      "initscale": [
        0.999999,
        0.999999,
        0.999999
      ],
      "offmtx": [
        [
          -0.88058,
          -0.394472,
          0.26262,
          -25.622091
        ],
        [
          0.229878,
          0.129043,
          0.964626,
          -14.868927
        ],
        [
          -0.414407,
          0.909801,
          -0.022952,
          -10.319582
        ]
      ],
      "boundingbox": [
        [
          0.061012,
          -5.102642,
          -0.582729
        ],
        [
          5.294723,
          5.227652,
          0.650094
        ]
      ]
    },
    {
      "name": "Bone014",
      "parent": "Bone015",
      "initpos": [
        5.282426,
        -0.000011,
        0.000005
      ],
      "initquaternion": [
        0.065123,
        -0.098935,
        -0.020608,
        0.992746
      ],
      "initscale": [
        0.999999,
        0.999999,
        0.999999
      ],
      "offmtx": [
        [
          -0.955254,
          -0.217082,
          0.200907,
          -31.472684
        ],
        [
          0.147774,
          0.23813,
          0.959925,
          -16.972925
        ],
        [
          -0.256225,
          0.946661,
          -0.195396,
          -2.014391
        ]
      ],
      "boundingbox": [
        [
          0.013053,
          -5.702555,
          -0.584346
        ],
        [
          5.246753,
          5.844565,
          0.648463
        ]
      ]
    },
    {
      "name": "Bone013",
      "parent": "Bone014",
      "initpos": [
        5.232688,
        -0.000009,
        0.000004
      ],
      "initquaternion": [
        0.064639,
        -0.078563,
        0.001314,
        0.99481
      ],
      "initscale": [
        0.999999,
        0.999999,
        0.999999
      ],
      "offmtx": [
        [
          -0.984667,
          -0.068063,
          0.160612,
          -36.439365
        ],
        [
          0.125839,
          0.360465,
          0.924244,
          -16.620868
        ],
        [
          -0.120802,
          0.930285,
          -0.346373,
          5.944886
        ]
      ],
      "boundingbox": [
        [
          0.014343,
          -6.130099,
          -0.585716
        ],
        [
          5.248062,
          6.283441,
          0.647074
        ]
      ]
    },
    {
      "name": "Bone012",
      "parent": "Bone013",
      "initpos": [
        5.260452,
        0,
        0.000006
      ],
      "initquaternion": [
        0.063513,
        -0.059761,
        0.009517,
        0.996144
      ],
      "initscale": [
        0.999999,
        0.999999,
        0.999999
      ],
      "offmtx": [
        [
          -0.990554,
          0.04842,
          0.128285,
          -40.868385
        ],
        [
          0.135799,
          0.475956,
          0.868921,
          -14.631031
        ],
        [
          -0.018984,
          0.878135,
          -0.478036,
          12.890968
        ]
      ],
      "boundingbox": [
        [
          -0.012344,
          -6.818331,
          -0.586779
        ],
        [
          5.221382,
          6.989014,
          0.646034
        ]
      ]
    },
    {
      "name": "Bone019",
      "parent": "Bone012",
      "initpos": [
        4.45016,
        -0.000002,
        -0.000001
      ],
      "initquaternion": [
        0.058599,
        -0.041023,
        0.015914,
        0.997311
      ],
      "initscale": [
        1,
        0.999999,
        0.999999
      ],
      "offmtx": [
        [
          -0.984649,
          0.134546,
          0.111186,
          -44.458297
        ],
        [
          0.16881,
          0.57217,
          0.802573,
          -11.376714
        ],
        [
          0.044365,
          0.809023,
          -0.586099,
          18.11202
        ]
      ],
      "boundingbox": [
        [
          0.025032,
          -9.741944,
          -1.208009
        ],
        [
          2.600662,
          9.882064,
          1.265861
        ]
      ]
    }
  ],
  "boundingbox": [
    [
      -46.608482,
      -8.146626,
      9.612818
    ],
    [
      46.288726,
      33.054538,
      33.202484
    ]
  ]
}
