{"skeleton":[{"name":"root","parent":"root","initpos":[0.0,0.0,-0.0],"initquaternion":[0.707106,0.0,0.0,0.707106],"initscale":[1.0,0.999999,0.999999],"offmtx":[[1.0,0.0,0.0,0.0],[0.0,1.0,0.0,0.0],[0.0,0.0,1.0,0.0]],"boundingbox":[[0.0,0.0,0.0],[0.0,0.0,0.0]]},{"name":"Bone001","parent":"root","initpos":[-0.070846,-5.364088337955764e-07,-12.197314],"initquaternion":[-0.499999,0.5,0.499999,0.5],"initscale":[1.0,0.999999,0.999999],"offmtx":[[1.0,0.0,0.0,0.0],[0.0,1.0,0.0,0.0],[0.0,0.0,1.0,0.0]],"boundingbox":[[0.0,0.0,0.0],[0.0,0.0,0.0]]},{"name":"Bone017","parent":"Bone001","initpos":[10.107073,-0.070829,5.201755],"initquaternion":[0.042574,0.705825,0.705822,-0.042573],"initscale":[0.999999,0.999999,0.999999],"offmtx":[[-0.0,-0.992749,0.120198,21.517431],[2.939662522294384e-07,0.120198,0.992749,-7.845002],[-1.0,0.0,2.904127143210644e-07,-3e-06]],"boundingbox":[[-1.218249,-0.445061,-7.8036],[8.886446,0.836742,7.803599]]},{"name":"Bone019","parent":"Bone017","initpos":[7.555919,-1.9e-05,4.222238203510642e-07],"initquaternion":[0.0,-0.0,0.106181,0.994346],"initscale":[1.0,1.0,1.0],"offmtx":[[-0.0,-0.944982,0.327118,11.990138],[3.0493069402837136e-07,0.327118,0.944982,-10.616221],[-1.0,1.0296516705921022e-07,2.870409616662073e-07,-4e-06]],"boundingbox":[[-0.181245,-0.327973,-4.8967],[5.649582,0.338906,4.896698]]},{"name":"Bone020","parent":"Bone019","initpos":[5.552645,9.5367431640625e-07,-0.0],"initquaternion":[0.0,0.0,0.187295,0.982303],"initscale":[0.999999,0.999999,1.0],"offmtx":[[1.0903786318294806e-07,-0.758316,0.651886,2.079476],[2.8478945068854955e-07,0.651886,0.758316,-12.24015],[-1.0,1.0296516705921022e-07,2.8704090482278843e-07,-4e-06]],"boundingbox":[[-0.703725,-0.505426,-5.2279],[7.561837,0.429834,5.227899]]},{"name":"Bone015","parent":"Bone017","initpos":[0.571277,-2.913245,6.960178],"initquaternion":[-0.02784,-0.148386,0.064186,0.986451],"initscale":[0.999999,0.999999,0.999999],"offmtx":[[-0.289177,-0.924637,0.247833,17.173147],[0.073976,0.236535,0.968802,-6.848011],[-0.954412,0.29849,7.450578323187074e-07,-13.026721]],"boundingbox":[[-1.418801,-0.327845,-1.910988],[10.935957,0.914871,5.736598]]},{"name":"Bone021","parent":"Bone015","initpos":[10.450664,-9.5367431640625e-07,1e-06],"initquaternion":[-0.0,0.0,0.137681,0.990476],"initscale":[0.999999,0.999999,1.0],"offmtx":[[-0.258038,-0.825069,0.502668,4.599891],[0.150042,0.479752,0.864478,-8.421876],[-0.954412,0.29849,7.525082423853746e-07,-13.02672]],"boundingbox":[[0.445958,-1.000539,-7.273109],[14.175386,0.841933,7.347315]]},{"name":"Bone011","parent":"Bone017","initpos":[0.507375,-2.836317,-6.153996],"initquaternion":[0.033339,0.177695,0.06386,0.981445],"initscale":[1.0,1.0,1.0],"offmtx":[[0.344538,-0.905467,0.247833,16.704391],[-0.088137,0.231631,0.968802,-6.799003],[-0.934625,-0.355633,1.7136328267497447e-07,13.383486]],"boundingbox":[[-0.976753,-0.564725,-6.030121],[11.383691,2.72492,2.227433]]},{"name":"Bone022","parent":"Bone011","initpos":[10.450666,-9.5367431640625e-07,-0.0],"initquaternion":[0.0,0.0,0.137681,0.990476],"initscale":[0.999999,0.999999,1.0],"offmtx":[[0.307437,-0.807964,0.502668,4.162275],[-0.178765,0.469806,0.864478,-8.246878],[-0.934625,-0.355633,1.937149676223271e-07,13.383486]],"boundingbox":[[0.835299,-1.405306,-6.758915],[14.752168,0.833406,7.275981]]}],"boundingbox":[[-20.4064,1.5025,1.884898],[20.4064,23.602598,13.174798]]}