{"skeleton":[{"name":"root","parent":"root","initpos":[0.0,0.0,-0.0],"initquaternion":[0.707106,0.0,0.0,0.707106],"initscale":[1.0,0.999999,0.999999],"offmtx":[[1.0,0.0,0.0,0.0],[0.0,1.0,0.0,0.0],[0.0,0.0,1.0,0.0]],"boundingbox":[[0.0,0.0,0.0],[0.0,0.0,0.0]]},{"name":"Bone003","parent":"root","initpos":[-6.182648,-1e-06,-24.434547],"initquaternion":[0.5,0.499999,0.5,-0.499999],"initscale":[1.0,1.0,1.0],"offmtx":[[1.0,0.0,0.0,0.0],[0.0,1.0,0.0,0.0],[0.0,0.0,1.0,0.0]],"boundingbox":[[0.0,0.0,0.0],[0.0,0.0,0.0]]},{"name":"Bone114","parent":"Bone003","initpos":[2.287801,0.796323,-6e-06],"initquaternion":[1.5698697097832337e-07,-4.982333621228463e-07,0.975576,-0.219659],"initscale":[0.999999,0.999999,1.0],"offmtx":[[1.0,0.0,0.0,0.0],[0.0,1.0,0.0,0.0],[0.0,0.0,1.0,0.0]],"boundingbox":[[0.0,0.0,0.0],[0.0,0.0,0.0]]},{"name":"Bone115","parent":"Bone114","initpos":[3.694856,-0.339256,0.0],"initquaternion":[0.999925,0.012204,-2.3602449061854713e-07,1.9760247482736304e-07],"initscale":[0.999999,0.999999,0.999999],"offmtx":[[-0.450512,0.892769,0.0,-25.884025],[0.89277,0.450512,4.777454591931019e-07,-5.597975],[3.839445525954943e-07,2.9959474545648845e-07,-0.999999,-1.1e-05]],"boundingbox":[[-0.157046,-1.542127,-5.775012],[3.279379,0.995004,3.824726]]},{"name":"Bone116","parent":"Bone115","initpos":[-0.931879,0.789072,-3.834365],"initquaternion":[-0.126155,-0.147182,-0.675715,0.711218],"initscale":[1.0,0.999999,0.999999],"offmtx":[[-0.844536,-0.377456,-0.379848,6.273026],[-0.400654,0.916022,-0.019457,-25.18625],[0.355293,0.135754,-0.924844,2.099415]],"boundingbox":[[-0.104668,-1.122026,-0.851271],[3.917795,0.909655,0.475729]]},{"name":"Bone117","parent":"Bone116","initpos":[0.444109,-1.440773,-0.091165],"initquaternion":[0.032339,0.000967,0.013156,0.999389],"initscale":[0.999999,0.999999,0.999999],"offmtx":[[-0.855188,-0.353325,-0.379227,5.198598],[-0.354546,0.93247,-0.06925,-23.698856],[0.378086,0.075231,-0.922707,3.736515]],"boundingbox":[[-0.051363,-0.989685,-0.888453],[4.511325,0.69401,0.446761]]},{"name":"Bone118","parent":"Bone117","initpos":[1.353647,-1.163608,-0.084582],"initquaternion":[-0.001337,0.004076,0.005845,0.999973],"initscale":[1.0,1.0,0.999999],"offmtx":[[-0.86233,-0.343013,-0.372461,3.550157],[-0.345507,0.936339,-0.062384,-22.588655],[0.370149,0.074892,-0.925947,3.790903]],"boundingbox":[[0.06683,-0.96598,-0.856697],[3.106523,0.878386,0.466516]]},{"name":"Bone119","parent":"Bone115","initpos":[-0.939283,0.808622,4.03773],"initquaternion":[0.708204,-0.677724,-0.162439,-0.112918],"initscale":[0.999999,0.999999,0.999999],"offmtx":[[-0.837137,-0.390396,0.383134,6.748288],[0.399102,-0.914925,-0.060239,24.975149],[0.374056,0.10248,0.921726,3.207822]],"boundingbox":[[0.068587,-0.983464,-0.482298],[4.101018,1.09165,0.84886]]},{"name":"Bone120","parent":"Bone119","initpos":[0.542966,1.321945,-0.104363],"initquaternion":[0.018364,-0.002189,-0.034116,0.999246],"initscale":[0.999999,0.999999,0.999999],"offmtx":[[-0.861256,-0.326709,0.389228,4.586548],[0.354678,-0.934988,-7.748601547064027e-07,24.126838],[0.363924,0.13805,0.921141,2.410421]],"boundingbox":[[0.061894,-0.488775,-0.474885],[4.574226,1.088341,0.842911]]},{"name":"Bone121","parent":"Bone120","initpos":[1.198294,1.273078,-0.198764],"initquaternion":[0.00579,-0.008757,0.013377,0.999855],"initscale":[0.999999,0.999999,0.999999],"offmtx":[[-0.844933,-0.34902,0.405304,4.041673],[0.381783,-0.924251,-1e-06,22.782669],[0.374603,0.154737,0.914181,2.279798]],"boundingbox":[[0.27811,-0.919588,-0.443651],[3.321389,0.990372,0.907319]]},{"name":"Bone122","parent":"Bone115","initpos":[0.949863,-1.226099,1.636682],"initquaternion":[-0.610526,-0.362618,-0.324647,0.624795],"initscale":[0.999999,0.999999,0.999999],"offmtx":[[-0.203949,0.486511,-0.849535,-15.673272],[-0.343204,0.77717,0.527462,-22.095136],[0.91685,0.39914,0.008469,-2.829004]],"boundingbox":[[0.232388,-1.347503,-0.473057],[2.779605,1.446742,0.552989]]},{"name":"Bone123","parent":"Bone115","initpos":[1.066537,-1.145458,-1.811116],"initquaternion":[-0.631708,0.336459,0.358718,0.599215],"initscale":[1.0,0.999999,1.0],"offmtx":[[-0.228273,0.463043,0.856435,-15.485246],[0.335661,-0.788298,0.51567,22.355482],[0.913905,0.405186,0.024522,-3.142829]],"boundingbox":[[0.205294,-1.327118,-0.539542],[2.745151,1.432966,0.565868]]},{"name":"Bone124","parent":"Bone115","initpos":[2.450393,-1.480857,0.136123],"initquaternion":[-0.0,1.1449375136862727e-07,-0.782902,0.622144],"initscale":[0.999999,0.999999,1.0],"offmtx":[[-0.76794,-0.640521,-4.848600383411394e-07,10.410661],[-0.640521,0.76794,2.782024068892497e-07,-26.672235],[1.9414885343849164e-07,5.242060865384701e-07,-0.999999,-0.136142]],"boundingbox":[[-0.419938,-0.912107,-2.107762],[6.004644,1.41151,1.622918]]},{"name":"Bone125","parent":"Bone124","initpos":[0.446626,-1.137256,-1.995372],"initquaternion":[0.0,-0.0,0.147369,0.989081],"initscale":[0.999999,0.999999,1.0],"offmtx":[[-0.921309,-0.388829,-4.250322263033013e-07,2.087263],[-0.388829,0.921309,4.0732572870183503e-07,-27.330577],[2.3320596653775283e-07,5.405383376455575e-07,-0.999999,1.85923]],"boundingbox":[[-0.136697,-0.960632,-0.868157],[3.158835,0.815426,0.381844]]},{"name":"Bone126","parent":"Bone125","initpos":[0.446577,-1.24201,-1.344859],"initquaternion":[-0.010062,-0.222524,-0.007494,0.974846],"initscale":[0.999999,0.999999,0.999999],"offmtx":[[-0.826024,-0.359614,-0.434005,3.132982],[-0.406294,0.913596,0.016283,-26.101194],[0.39065,0.189784,-0.900762,1.575727]],"boundingbox":[[-0.242474,-1.46311,-0.843565],[3.305949,0.641659,0.516734]]},{"name":"Bone127","parent":"Bone125","initpos":[2.950502,-1.19219,0.175609],"initquaternion":[-0.001367,-0.075605,0.012607,0.997057],"initscale":[0.999999,0.999999,0.999999],"offmtx":[[-0.92034,-0.360907,-0.150731,-1.261876],[-0.365732,0.930708,0.004633,-26.116245],[0.138614,0.059391,-0.988563,1.773099]],"boundingbox":[[2.23284,-0.737879,0.281208],[3.031651,0.047365,2.096151]]},{"name":"Bone128","parent":"Bone127","initpos":[1.395908,-0.270799,-0.287092],"initquaternion":[-0.051364,0.055495,-0.699482,0.710638],"initscale":[0.999999,0.999999,1.0],"offmtx":[[0.350635,-0.936511,-3.883613999278168e-07,25.786701],[-0.936512,-0.350635,2.6169266220676946e-07,-3.355449],[-3.812517661572201e-07,2.719462486311386e-07,-1.0,1.755766]],"boundingbox":[[0.490868,-0.826865,-0.480337],[5.013176,0.720532,0.216455]]},{"name":"Bone129","parent":"Bone128","initpos":[4.70401,0.318678,-0.0],"initquaternion":[0.02121,0.045376,-0.422928,0.904777],"initscale":[0.999999,0.999999,0.999999],"offmtx":[[0.938677,-0.329959,0.100051,16.082931],[-0.331623,-0.943411,-1.2293459406009788e-07,13.818978],[0.09439,-0.033179,-0.994982,3.38187]],"boundingbox":[[-0.016871,-0.573014,-0.409279],[1.246446,0.444193,0.10895]]},{"name":"Bone130","parent":"Bone124","initpos":[0.414703,-1.177326,1.940479],"initquaternion":[0.987703,0.156336,0.0,1.923130525938177e-07],"initscale":[1.0,0.999999,0.999999],"offmtx":[[-0.928212,-0.372049,-3.755924637971475e-07,1.633782],[0.372049,-0.928212,-7.400425943160371e-07,27.335693],[-0.0,-8.266561621894652e-07,0.999999,2.07663]],"boundingbox":[[-0.079627,-0.827887,-0.438208],[3.185198,0.93059,0.811794]]},{"name":"Bone131","parent":"Bone130","initpos":[0.425486,1.368927,-1.24482],"initquaternion":[0.009231,-0.223621,-0.004198,0.974623],"initscale":[0.999999,0.999999,0.999999],"offmtx":[[-0.839927,-0.323398,0.435816,2.215228],[0.368209,-0.92953,0.019871,26.032327],[0.398677,0.177162,0.899816,2.043402]],"boundingbox":[[-0.055655,-0.701589,-0.554027],[3.476716,1.361426,0.787819]]},{"name":"Bone132","parent":"Bone130","initpos":[3.065948,1.21928,-0.071389],"initquaternion":[0.992273,0.011702,0.123505,-0.001456],"initscale":[0.999999,0.999999,0.999999],"offmtx":[[-0.891135,-0.38182,0.245135,-0.26441],[-0.393836,0.91918,1e-06,-26.142923],[-0.225324,-0.096542,-0.969488,-2.282487]],"boundingbox":[[0.086065,-1.463054,-0.88743],[2.938425,1.066568,0.310035]]},{"name":"Bone133","parent":"Bone132","initpos":[1.474765,-0.230699,0.182944],"initquaternion":[0.086401,-0.088262,-0.694174,0.70913],"initscale":[0.999999,0.999999,0.999999],"offmtx":[[0.374155,-0.927365,-5.513427936421067e-07,25.857524],[-0.927366,-0.374155,3.310557019631233e-07,-2.842246],[-5.132977776156622e-07,3.874302478834579e-07,-0.999999,-1.963863]],"boundingbox":[[0.47821,-0.941613,-0.637105],[5.00704,0.683521,0.059682]]},{"name":"Bone134","parent":"Bone133","initpos":[4.719839,0.300583,-0.0],"initquaternion":[-0.0265,-0.058393,-0.41241,0.908738],"initscale":[0.999999,0.999999,1.0],"offmtx":[[0.936563,-0.326294,-0.127987,15.89785],[-0.329,-0.94433,-2.123416322774574e-07,13.839779],[-0.120862,0.042108,-0.991775,-4.031732]],"boundingbox":[[-0.093553,-0.597573,-0.558179],[1.186056,0.422935,-0.005748]]},{"name":"Bone135","parent":"Bone114","initpos":[0.409059,1.91448,-0.0],"initquaternion":[0.728998,0.684514,-1.332799683950725e-07,-1.4194132802458626e-07],"initscale":[0.999999,0.999999,0.999999],"offmtx":[[-0.92866,-0.370929,-0.0,1.276399],[-0.370929,0.92866,4.3217960410402156e-07,-22.852628],[-0.0,4.382811766845407e-07,-0.999999,-1.8e-05]],"boundingbox":[[0.065122,-0.514997,-1.98519],[5.068347,0.501254,1.764808]]},{"name":"Bone136","parent":"Bone114","initpos":[1.873474,1.605286,-0.143066],"initquaternion":[0.72292,0.690931,-1.345292446330859e-07,-1.4075784804390423e-07],"initscale":[0.999999,0.999999,0.999999],"offmtx":[[-0.921959,-0.387286,-1.098439383895311e-07,1.922777],[-0.387286,0.921958,4.303352909573732e-07,-24.303382],[-0.0,4.392929895402631e-07,-0.999999,-0.143084]],"boundingbox":[[-0.003077,-1.246,-1.878257],[5.053376,1.608028,1.371743]]},{"name":"Bone101","parent":"Bone003","initpos":[4.268627,-0.095129,1e-06],"initquaternion":[0.0,0.0,0.0,1.0],"initscale":[1.0,1.0,1.0],"offmtx":[[0.0,-0.999999,0.0,20.165914],[1.0,0.0,-4e-06,6.277775],[4e-06,0.0,0.999999,2.9e-05]],"boundingbox":[[2.057873,-2.307674,-2.400012],[7.084832,2.442348,2.400009]]},{"name":"Bone102","parent":"Bone101","initpos":[2.553636,-2.571798,-1.1e-05],"initquaternion":[0.0,0.0,0.0,1.0],"initscale":[1.0,1.0,1.0],"offmtx":[[0.0,-0.999999,0.0,17.612279],[1.0,0.0,-0.0,8.849575],[0.0,0.0,0.999999,-1e-06]],"boundingbox":[[-0.022501,-0.485863,-1.501578],[3.977496,0.514136,1.498421]]},{"name":"Bone103","parent":"Bone102","initpos":[2.503958,-0.230692,1.454831],"initquaternion":[-0.5,-0.5,-0.499999,0.5],"initscale":[1.0,1.0,1.0],"offmtx":[[0.0,0.0,0.999999,-1.454832],[0.0,-0.999999,0.0,15.108318],[1.0,0.0,-0.0,9.080268]],"boundingbox":[[-0.505507,-9.529758,-4.975021],[1.008553,0.991262,0.037939]]},{"name":"Bone104","parent":"Bone102","initpos":[2.498803,-0.211817,-1.493429],"initquaternion":[0.5,-0.499999,-0.5,-0.499999],"initscale":[1.0,1.0,1.0],"offmtx":[[3.458830519775802e-07,0.0,-0.999999,-1.493424],[-2.0954756507762795e-07,0.999999,-0.0,-15.113474],[1.0,2.0954755086677324e-07,3.4588302355587075e-07,9.061391]],"boundingbox":[[-0.035705,-0.996416,-0.030101],[0.642212,0.989405,0.019063]]},{"name":"Bone105","parent":"Bone102","initpos":[3.513888,0.219919,-2.261627],"initquaternion":[-0.0,-0.0,0.203203,0.979136],"initscale":[0.999999,0.999999,1.0],"offmtx":[[0.397927,-0.917416,0.0,16.368078],[0.917416,0.397927,-1.3442377166938968e-07,2.306856],[0.0,1.1183210801846144e-07,0.999999,2.261624]],"boundingbox":[[-0.008327,-0.718579,-0.845547],[3.255557,0.811743,0.85892]]},{"name":"Bone106","parent":"Bone105","initpos":[3.166625,3e-06,-7.152557373046875e-07],"initquaternion":[0.0,0.0,0.209142,0.977885],"initscale":[0.999999,0.999999,1.0],"offmtx":[[0.738371,-0.674394,0.0,12.990161],[0.674394,0.738371,-1.4949392834751052e-07,-3.294795],[0.0,1.151535116150626e-07,0.999999,2.261624]],"boundingbox":[[-0.024148,-0.294432,-0.399419],[1.274398,0.7419,0.22558]]},{"name":"Bone107","parent":"Bone102","initpos":[3.59835,-0.38931,-0.0],"initquaternion":[0.0,-0.0,0.157915,0.987452],"initscale":[1.0,1.0,1.0],"offmtx":[[0.311868,-0.950125,0.0,16.196302],[0.950125,0.311868,-0.0,4.4076],[0.0,0.0,0.999999,-2e-06]],"boundingbox":[[0.023762,-0.764054,-1.462552],[3.774144,0.736905,1.462547]]},{"name":"Bone108","parent":"Bone107","initpos":[3.209279,0.251991,-0.0],"initquaternion":[-0.0,-0.0,0.344519,0.938779],"initscale":[1.0,1.0,1.0],"offmtx":[[0.852428,-0.522843,-0.0,12.592144],[0.522844,0.852428,-0.0,-5.231601],[0.0,0.0,0.999999,-2e-06]],"boundingbox":[[0.015332,-0.742921,-0.366823],[2.527786,0.793257,0.363662]]},{"name":"Bone109","parent":"Bone107","initpos":[2.96455,0.734517,0.0],"initquaternion":[-0.0,-0.0,0.710075,0.704125],"initscale":[0.999999,0.999999,1.0],"offmtx":[[0.947467,0.31985,-0.0,3.561631],[-0.31985,0.947467,-1.6154906745668995e-07,-13.262187],[-0.0,1.664991629013457e-07,0.999999,-3e-06]],"boundingbox":[[-0.002381,-0.577567,-1.360318],[2.257743,0.690749,1.383176]]},{"name":"Bone110","parent":"Bone102","initpos":[3.513888,0.219919,2.287052],"initquaternion":[-0.0,-0.0,0.203203,0.979136],"initscale":[0.999999,0.999999,1.0],"offmtx":[[0.397927,-0.917416,0.0,16.368078],[0.917416,0.397927,-1.3442377166938968e-07,2.306855],[0.0,1.1183210801846144e-07,0.999999,-2.287055]],"boundingbox":[[-0.008326,-0.718581,-0.884353],[3.255558,0.811741,0.820114]]},{"name":"Bone111","parent":"Bone110","initpos":[3.166626,3e-06,-7.152557373046875e-07],"initquaternion":[0.0,0.0,0.209142,0.977885],"initscale":[0.999999,0.999999,1.0],"offmtx":[[0.738371,-0.674394,0.0,12.99016],[0.674394,0.738371,-1.4949392834751052e-07,-3.294795],[0.0,1.151535116150626e-07,0.999999,-2.287055]],"boundingbox":[[-0.024149,-0.294434,-0.251013],[1.274397,0.741899,0.373986]]},{"name":"Bone112","parent":"Bone102","initpos":[2.96377,0.201897,0.993185],"initquaternion":[0.286344,0.646534,0.646534,-0.286344],"initscale":[1.0,1.0,0.999999],"offmtx":[[4.5157923977967585e-07,0.672027,0.740526,-10.579674],[-4.4332028892313247e-07,-0.740526,0.672027,10.180151],[1.0,-6.317638963082572e-07,-0.0,8.647687]],"boundingbox":[[-0.011695,-0.814746,-0.312761],[3.243828,0.821329,0.312241]]},{"name":"Bone113","parent":"Bone102","initpos":[2.961229,0.222208,-0.985378],"initquaternion":[-0.287152,0.646176,0.646176,0.287151],"initscale":[0.999999,0.999999,0.999999],"offmtx":[[-3.1201705041894456e-07,0.670174,-0.742203,-10.550111],[-2.0617407869849558e-07,0.742203,0.670174,-10.213687],[1.0,3.621289863531274e-07,-0.0,8.627362]],"boundingbox":[[-0.005574,-0.820354,-0.333072],[3.245905,0.807606,0.291934]]},{"name":"Bone184","parent":"Bone101","initpos":[7.321538,2.618869,-0.000442],"initquaternion":[-1e-06,2e-05,-0.221825,0.975086],"initscale":[0.999999,0.999999,1.0],"offmtx":[[-0.432598,-0.901586,-3.8e-05,9.997472],[0.901586,-0.432598,-1.7e-05,8.855284],[-8.333441314789525e-07,-4.1e-05,0.999999,0.000989]],"boundingbox":[[0.001878,-0.523839,-2.379857],[2.812928,0.507096,2.361144]]}],"boundingbox":[[-14.179737,9.624995,-4.673298],[-3.230478,29.006433,5.775002]]}