{
  "skeleton": [
    {
      "name": "root",
      "parent": "root",
      "initpos": [
        0,
        0,
        0
      ],
      "initquaternion": [
        0.707106,
        0,
        0,
        0.707106
      ],
      "initscale": [
        1,
        0.999999,
        0.999999
      ],
      "offmtx": [
        [
          1,
          0,
          0,
          0
        ],
        [
          0,
          1,
          0,
          0
        ],
        [
          0,
          0,
          1,
          0
        ]
      ],
      "boundingbox": [
        [
          0,
          0,
          0
        ],
        [
          0,
          0,
          0
        ]
      ]
    },
    {
      "name": "Bone001",
      "parent": "root",
      "initpos": [
        -0.070846,
        -5.364088337955764e-7,
        -12.197314
      ],
      "initquaternion": [
        -0.499999,
        0.5,
        0.499999,
        0.5
      ],
      "initscale": [
        1,
        0.999999,
        0.999999
      ],
      "offmtx": [
        [
          1,
          0,
          0,
          0
        ],
        [
          0,
          1,
          0,
          0
        ],
        [
          0,
          0,
          1,
          0
        ]
      ],
      "boundingbox": [
        [
          0,
          0,
          0
        ],
        [
          0,
          0,
          0
        ]
      ]
    },
    {
      "name": "Bone044",
      "parent": "Bone001",
      "initpos": [
        8.500815,
        -3.620774,
        2.927998
      ],
      "initquaternion": [
        -0.179004,
        0.83481,
        0.394212,
        -0.340066
      ],
      "initscale": [
        0.999999,
        0.999999,
        0.999999
      ],
      "offmtx": [
        [
          0.566987,
          -0.704624,
          0.426648,
          11.322427
        ],
        [
          -0.625105,
          -0.030752,
          0.779934,
          0.571956
        ],
        [
          -0.536441,
          -0.708913,
          -0.4579,
          17.918231
        ]
      ],
      "boundingbox": [
        [
          -0.580001,
          -2.070132,
          -2.44482
        ],
        [
          8.685775,
          2.277002,
          2.889968
        ]
      ]
    },
    {
      "name": "Bone048",
      "parent": "Bone044",
      "initpos": [
        6.330812,
        -0.086027,
        1.247817
      ],
      "initquaternion": [
        -0.700649,
        -0.028179,
        0.022685,
        0.712588
      ],
      "initscale": [
        1,
        1,
        0.999999
      ],
      "offmtx": [
        [
          0.516118,
          -0.710923,
          0.477711,
          5.165364
        ],
        [
          0.529684,
          0.703219,
          0.474252,
          -16.620523
        ],
        [
          -0.673094,
          0.008266,
          0.73951,
          0.573654
        ]
      ],
      "boundingbox": [
        [
          -0.473922,
          -3.452591,
          -2.69026
        ],
        [
          19.068353,
          4.639104,
          3.291532
        ]
      ]
    },
    {
      "name": "Bone047",
      "parent": "Bone001",
      "initpos": [
        7.370591,
        3.48159,
        3.476845
      ],
      "initquaternion": [
        0.15235,
        -0.253914,
        0.878082,
        0.375883
      ],
      "initscale": [
        1,
        1,
        1
      ],
      "offmtx": [
        [
          -0.582743,
          -0.671002,
          0.458437,
          9.466034
        ],
        [
          0.588477,
          -0.73748,
          -0.331385,
          17.673658
        ],
        [
          0.560449,
          0.076667,
          0.824632,
          -2.376394
        ]
      ],
      "boundingbox": [
        [
          -1.525198,
          -3.045992,
          -2.867959
        ],
        [
          7.661763,
          2.67557,
          1.480986
        ]
      ]
    },
    {
      "name": "Bone049",
      "parent": "Bone047",
      "initpos": [
        5.152517,
        1.19996,
        -0.06694
      ],
      "initquaternion": [
        -0.01359,
        -0.011185,
        0.009163,
        0.999803
      ],
      "initscale": [
        0.999999,
        0.999999,
        0.999999
      ],
      "offmtx": [
        [
          -0.559141,
          -0.682763,
          0.470312,
          4.567506
        ],
        [
          0.583317,
          -0.727092,
          -0.362047,
          16.450347
        ],
        [
          0.589153,
          0.071905,
          0.804815,
          -1.961278
        ]
      ],
      "boundingbox": [
        [
          -0.464925,
          -4.246213,
          -3.479682
        ],
        [
          19.267055,
          3.30522,
          2.542213
        ]
      ]
    },
    {
      "name": "Bone045",
      "parent": "Bone001",
      "initpos": [
        4.920012,
        -2.434345,
        2.688585
      ],
      "initquaternion": [
        0.112368,
        0.5518,
        0.809878,
        -0.164273
      ],
      "initscale": [
        1,
        0.999999,
        0.999999
      ],
      "offmtx": [
        [
          0.142073,
          -0.920775,
          0.363301,
          14.448654
        ],
        [
          0.337063,
          0.390092,
          0.856864,
          -9.777738
        ],
        [
          -0.9307,
          0.000718,
          0.365781,
          1.203992
        ]
      ],
      "boundingbox": [
        [
          -1.422358,
          -2.875102,
          -2.088429
        ],
        [
          12.879196,
          2.483305,
          1.822052
        ]
      ]
    },
    {
      "name": "Bone046",
      "parent": "Bone001",
      "initpos": [
        4.920008,
        1.732007,
        2.68857
      ],
      "initquaternion": [
        0.171558,
        0.751917,
        0.630879,
        -0.084727
      ],
      "initscale": [
        1,
        1,
        1
      ],
      "offmtx": [
        [
          -0.151088,
          -0.926778,
          0.343881,
          14.667017
        ],
        [
          -0.145113,
          0.3649,
          0.919668,
          -8.980344
        ],
        [
          -0.97781,
          0.089048,
          -0.18962,
          -2.777309
        ]
      ],
      "boundingbox": [
        [
          -1.375164,
          -2.556822,
          -1.848641
        ],
        [
          12.942988,
          2.848987,
          2.054852
        ]
      ]
    }
  ],
  "boundingbox": [
    [
      -18.859622,
      4.022371,
      1.370043
    ],
    [
      18.859607,
      22.061227,
      15.938427
    ]
  ]
}
