{"skeleton":[{"name":"root","parent":"root","initpos":[0.0,0.0,-0.0],"initquaternion":[0.707106,0.0,0.0,0.707106],"initscale":[1.0,0.999999,0.999999],"offmtx":[[1.0,0.0,0.0,0.0],[0.0,1.0,0.0,0.0],[0.0,0.0,1.0,0.0]],"boundingbox":[[0.0,0.0,0.0],[0.0,0.0,0.0]]},{"name":"Bone001","parent":"root","initpos":[-0.070846,-5.591194280896161e-07,-12.19731],"initquaternion":[-0.499999,0.5,0.499999,0.5],"initscale":[0.999999,0.999999,0.999999],"offmtx":[[1.0,0.0,0.0,0.0],[0.0,1.0,0.0,0.0],[0.0,0.0,1.0,0.0]],"boundingbox":[[0.0,0.0,0.0],[0.0,0.0,0.0]]},{"name":"Bone134","parent":"Bone001","initpos":[19.993251,-0.070805,11.616718],"initquaternion":[0.0,0.0,0.0,1.0],"initscale":[1.0,1.0,1.0],"offmtx":[[1.0,0.0,0.0,0.0],[0.0,1.0,0.0,0.0],[0.0,0.0,1.0,0.0]],"boundingbox":[[0.0,0.0,0.0],[0.0,0.0,0.0]]},{"name":"Bone135","parent":"Bone134","initpos":[0.233192,-7.481744,-0.864566],"initquaternion":[0.0,0.0,0.0,1.0],"initscale":[1.0,1.0,1.0],"offmtx":[[5.339555855243816e-07,0.999999,0.0,-32.423755],[-1.0,5.33955812898057e-07,1e-06,7.481706],[1e-06,-0.0,1.0,-10.75218]],"boundingbox":[[-1.565114,-3.469085,-0.313753],[5.374941,2.441272,0.210436]]},{"name":"Bone136","parent":"Bone134","initpos":[-5.477207,-3.220258,1.197268],"initquaternion":[0.0,0.0,0.0,1.0],"initscale":[1.0,1.0,1.0],"offmtx":[[5.339555855243816e-07,0.999999,0.0,-26.713352],[-1.0,5.33955812898057e-07,3e-06,3.220183],[3e-06,-0.0,1.0,-12.814008]],"boundingbox":[[-1.108275,-3.152405,-0.322475],[7.439622,3.546815,0.177542]]},{"name":"Bone137","parent":"Bone134","initpos":[-8.5881,-0.066749,-1.305539],"initquaternion":[0.0,0.0,0.0,1.0],"initscale":[1.0,1.0,1.0],"offmtx":[[5.339555855243816e-07,0.999999,0.0,-23.602462],[-1.0,5.33955812898057e-07,-3e-06,0.06677],[-3e-06,0.0,1.0,-10.311184]],"boundingbox":[[-0.535029,-1.530441,-0.267506],[4.321891,2.037904,2.665719]]},{"name":"Bone138","parent":"Bone134","initpos":[-5.860738,3.768593,1.122564],"initquaternion":[0.0,0.0,0.0,1.0],"initscale":[1.0,1.0,1.0],"offmtx":[[3.171051048411755e-07,0.999999,-0.0,-26.329816],[-1.0,3.171051901063038e-07,2e-06,-3.768643],[2e-06,-0.0,1.0,-12.739274]],"boundingbox":[[-1.891579,-1.866993,-0.262268],[5.971521,2.931759,0.266766]]},{"name":"Bone139","parent":"Bone134","initpos":[-3.38907,8.157932,-1.106803],"initquaternion":[0.0,0.0,0.0,1.0],"initscale":[1.0,1.0,1.0],"offmtx":[[4.0575275761511875e-07,0.999999,-0.0,-28.801483],[-1.0,4.057528997236659e-07,-1e-06,-8.157941],[-1e-06,0.0,1.0,-10.509919]],"boundingbox":[[-0.105046,-2.71421,-0.294178],[6.826068,2.884482,0.205832]]},{"name":"Bone152","parent":"Bone134","initpos":[2.788959,11.12269,6e-06],"initquaternion":[-0.0,-9.345328066956426e-07,0.854669,0.519173],"initscale":[0.999999,0.999999,1.0],"offmtx":[[-0.887441,-0.460919,-3.828027956842561e-07,6.251991],[0.460919,-0.887441,-7.86226905802323e-07,36.168968],[0.0,-8.74172258136241e-07,1.0,-11.61669]],"boundingbox":[[-0.292783,-1.688655,-0.121392],[6.610962,1.618096,0.128236]]},{"name":"Bone165","parent":"Bone134","initpos":[2.855327,-10.600303,9.5367431640625e-07],"initquaternion":[-2.10950943824173e-07,-1.1109975872614086e-07,0.884792,-0.465985],"initscale":[1.0,1.0,1.0],"offmtx":[[0.824601,-0.565714,4.563671609503217e-07,11.084962],[0.565714,0.8246,1e-06,-34.895629],[-9.454645919504401e-07,-5.714261988032376e-07,1.0,-11.61671]],"boundingbox":[[-0.628166,-1.507061,-0.121426],[6.520602,1.715903,0.128203]]},{"name":"Bone166","parent":"Bone134","initpos":[-1.1012,-12.908481,-0.002147],"initquaternion":[-0.0,-3.9380657312904077e-07,0.878051,-0.478567],"initscale":[0.999999,0.999999,1.0],"offmtx":[[0.840412,-0.541947,4.851268045058532e-07,6.000361],[0.541947,0.840412,3.567579653918074e-07,-33.1236],[-6.010505444464798e-07,-0.0,1.0,-11.614586]],"boundingbox":[[0.031017,-0.836333,-0.089747],[8.076509,1.272205,0.120653]]},{"name":"Bone167","parent":"Bone166","initpos":[8.0167,3e-06,9.5367431640625e-07],"initquaternion":[2.3841860752327193e-07,0.0,0.000145,1.0],"initscale":[0.999999,0.999999,1.0],"offmtx":[[0.84057,-0.541702,4.852311690228817e-07,-2.026009],[0.541702,0.84057,8.334536687470973e-07,-33.123035],[-8.59354145177349e-07,-4.377259301691083e-07,1.0,-11.614572]],"boundingbox":[[0.00577,-0.942403,-0.089751],[4.812535,1.366537,0.120648]]},{"name":"Bone168","parent":"Bone134","initpos":[-2.731348,-10.295842,-0.002143],"initquaternion":[-1.1424769041923355e-07,-3.264904080424458e-07,0.911505,-0.411286],"initscale":[1.0,1.0,1.0],"offmtx":[[0.74978,-0.661686,3.254527882745606e-07,11.773155],[0.661686,0.74978,6.254964546315023e-07,-28.900577],[-6.579006708307134e-07,-2.536373528982949e-07,1.0,-11.614582]],"boundingbox":[[0.431486,-1.779885,-0.498713],[9.340659,1.795908,0.515606]]},{"name":"Bone169","parent":"Bone168","initpos":[9.212399,3e-06,-9.5367431640625e-07],"initquaternion":[0.0,0.0,0.001575,0.999998],"initscale":[1.0,1.0,1.0],"offmtx":[[0.751861,-0.65932,3.299678041912557e-07,2.46968],[0.65932,0.751861,6.244675319067028e-07,-28.908487],[-6.598147024305945e-07,-2.519585962090787e-07,1.0,-11.614578]],"boundingbox":[[0.048833,-1.915004,-0.119297],[5.012199,1.259118,0.130342]]},{"name":"Bone170","parent":"Bone169","initpos":[4.923757,-1e-06,-0.0],"initquaternion":[0.0,0.0,0.007953,0.999968],"initscale":[0.999999,0.999999,1.0],"offmtx":[[0.762254,-0.647277,3.422428562771529e-07,-2.913621],[0.647277,0.762254,6.19139711943717e-07,-28.865798],[-6.616311907237105e-07,-2.5041595108632464e-07,1.0,-11.61458]],"boundingbox":[[-2.441278,-1.813898,-0.119307],[5.559471,1.68699,0.130323]]},{"name":"Bone171","parent":"Bone170","initpos":[5.991516,1e-06,9.5367431640625e-07],"initquaternion":[0.0,0.0,-0.007593,0.999971],"initscale":[0.999999,0.999999,1.0],"offmtx":[[0.752336,-0.658779,3.3280093703069724e-07,-8.465728],[0.658779,0.752336,6.242661356736789e-07,-28.997718],[-6.616315317842236e-07,-2.504158942429058e-07,1.0,-11.61458]],"boundingbox":[[-0.950606,-1.318916,-0.119316],[6.57938,2.257863,0.130316]]},{"name":"Bone172","parent":"Bone134","initpos":[-5.648185,-6.502727,-0.002143],"initquaternion":[-1.405190630521247e-07,-2.7998231644232874e-07,0.921134,-0.389245],"initscale":[1.0,1.0,1.0],"offmtx":[[0.717094,-0.696976,2.7034451477447874e-07,13.836345],[0.696976,0.717094,7.575829954475921e-07,-23.565635],[-7.218797577479563e-07,-3.5483475357978023e-07,1.0,-11.614577]],"boundingbox":[[0.002945,-3.145883,-0.501386],[8.610404,2.530771,0.512932]]},{"name":"Bone173","parent":"Bone172","initpos":[8.4902,0.0,-9.5367431640625e-07],"initquaternion":[-0.0,0.0,-0.014405,0.999896],"initscale":[0.999999,0.999999,1.0],"offmtx":[[0.696718,-0.717344,2.491617863142892e-07,6.022794],[0.717344,0.696718,6.895631941006286e-07,-23.401847],[-6.682498110421875e-07,-3.016965877122857e-07,1.0,-11.614577]],"boundingbox":[[-0.08012,-2.885839,-0.138834],[7.207652,2.6923,0.149903]]},{"name":"Bone174","parent":"Bone173","initpos":[6.95775,0.0,9.5367431640625e-07],"initquaternion":[0.0,0.0,0.010441,0.999945],"initscale":[0.999999,0.999999,1.0],"offmtx":[[0.711546,-0.702639,2.635065925460367e-07,-1.423429],[0.702639,0.711546,6.842093398518045e-07,-23.377223],[-6.682493562948366e-07,-3.0169647402544797e-07,1.0,-11.614579]],"boundingbox":[[-2.88171,-3.063982,-0.09974],[7.586283,3.054098,0.214093]]},{"name":"Bone175","parent":"Bone174","initpos":[6.990326,-1e-06,-1e-06],"initquaternion":[0.0,0.0,0.005948,0.999982],"initscale":[0.999999,0.999999,1.0],"offmtx":[[0.719854,-0.694124,2.716275844250049e-07,-8.691276],[0.694124,0.719854,6.810258810219239e-07,-23.275472],[-6.682491289211612e-07,-3.0169644560373854e-07,1.0,-11.614578]],"boundingbox":[[0.127589,-4.366856,-0.099746],[7.160512,2.651461,0.149888]]},{"name":"Bone176","parent":"Bone175","initpos":[7.077105,-3e-06,-0.0],"initquaternion":[0.0,0.0,0.003906,0.999992],"initscale":[1.0,1.0,1.0],"offmtx":[[0.725256,-0.688479,2.7693982929122285e-07,-15.949745],[0.688479,0.725256,6.788827704440337e-07,-23.151569],[-6.682489015474857e-07,-3.0169647402544797e-07,1.0,-11.614579]],"boundingbox":[[0.082581,-4.383117,-0.09976],[8.089818,1.652348,0.149885]]},{"name":"Bone177","parent":"Bone134","initpos":[-6.059896,6.94808,-0.002134],"initquaternion":[1.033049983334422e-07,-9.098434929910582e-07,0.92528,0.379283],"initscale":[1.0,1.0,1.0],"offmtx":[[-0.701886,-0.712288,-2.877295628422871e-07,13.735815],[0.712288,-0.701886,-3.8937380963943724e-07,23.289815],[0.0,-4.782427822647151e-07,1.0,-11.614566]],"boundingbox":[[-0.558566,-2.684984,-0.501373],[8.055783,3.138336,0.512946]]},{"name":"Bone178","parent":"Bone177","initpos":[7.869049,-3e-06,-3e-06],"initquaternion":[2.4151282218554115e-07,2.3528367876224365e-07,-0.013063,0.999914],"initscale":[0.999999,0.999999,1.0],"offmtx":[[-0.720255,-0.693708,-7.542965931861545e-07,5.256319],[0.693708,-0.720255,0.0,23.435123],[-5.988384828015114e-07,-4.655842928968923e-07,1.0,-11.614572]],"boundingbox":[[0.032097,-2.748129,-0.138806],[7.134108,2.786865,0.149927]]},{"name":"Bone179","parent":"Bone178","initpos":[7.05052,3e-06,-0.0],"initquaternion":[-0.0,-0.0,0.013397,0.99991],"initscale":[0.999999,0.999999,1.0],"offmtx":[[-0.70141,-0.712757,-6.832785857113777e-07,-1.165672],[0.712757,-0.70141,0.0,23.474788],[-4.988224873159197e-07,-4.6775946316301997e-07,1.0,-11.614568]],"boundingbox":[[-2.992609,-3.053353,-0.099699],[7.492345,3.118762,0.21413]]},{"name":"Bone180","parent":"Bone179","initpos":[7.090099,-3e-06,9.5367431640625e-07],"initquaternion":[0.0,0.0,-0.00297,0.999995],"initscale":[0.999999,0.999999,1.0],"offmtx":[[-0.705633,-0.708577,-6.834299028923851e-07,-8.395107],[0.708577,-0.705633,0.0,23.425323],[-4.988226010027574e-07,-4.6775946316301997e-07,1.0,-11.614567]],"boundingbox":[[-0.051994,-2.817301,-0.099696],[7.069659,4.249213,0.149935]]},{"name":"Bone181","parent":"Bone180","initpos":[6.811137,-1e-06,-9.5367431640625e-07],"initquaternion":[0.0,0.0,-0.007419,0.999972],"initscale":[0.999999,0.999999,1.0],"offmtx":[[-0.71607,-0.698027,-6.837004207227437e-07,-15.552173],[0.698027,-0.71607,0.0,23.197086],[-4.988222599422443e-07,-4.677585536683182e-07,1.0,-11.614567]],"boundingbox":[[0.150105,-1.856807,-0.099696],[8.197086,4.184149,0.14994]]},{"name":"Bone182","parent":"Bone134","initpos":[-3.662004,11.067372,-0.002132],"initquaternion":[-0.0,-0.0,0.904664,0.426124],"initscale":[0.999999,0.999999,1.0],"offmtx":[[-0.770999,-0.636835,-1e-06,9.635053],[0.636835,-0.770999,5.283892505758558e-07,29.043603],[-1e-06,-2.8516831207525684e-07,1.0,-11.614584]],"boundingbox":[[-0.762261,-1.841408,-0.49869],[8.103174,1.672127,0.515626]]},{"name":"Bone183","parent":"Bone182","initpos":[8.05277,-9e-06,3e-06],"initquaternion":[-1.9474748569336953e-07,-1.7638728877500398e-07,0.017951,0.999838],"initscale":[0.999999,0.999999,1.0],"offmtx":[[-0.747641,-0.664101,-7.221019586722832e-07,2.623867],[0.664101,-0.747641,1.7132182961177023e-07,28.968101],[-6.536487830999249e-07,-3.514618924782553e-07,1.0,-11.614577]],"boundingbox":[[0.011085,-1.199016,-0.119264],[4.993527,1.983404,0.13037]]},{"name":"Bone184","parent":"Bone183","initpos":[4.885744,0.0,-0.0],"initquaternion":[0.0,0.0,-0.0097,0.999952],"initscale":[1.0,1.0,1.0],"offmtx":[[-0.760385,-0.649472,-7.2524619554315e-07,-2.823455],[0.649472,-0.760385,1.5728059565844887e-07,28.918766],[-6.536158139169856e-07,-3.5143330023856834e-07,1.0,-11.614574]],"boundingbox":[[-2.439212,-1.652548,-0.119262],[5.570145,1.858412,0.130364]]},{"name":"Bone185","parent":"Bone184","initpos":[6.059157,-3e-06,-0.0],"initquaternion":[0.0,0.0,-0.001774,0.999998],"initscale":[0.999999,0.999999,1.0],"offmtx":[[-0.762685,-0.64677,-7.257993388520845e-07,-8.985169],[0.64677,-0.762685,1.547063561702089e-07,28.887079],[-6.536157002301479e-07,-3.514331012866023e-07,1.0,-11.614577]],"boundingbox":[[-0.993144,-2.160354,-0.119263],[6.506869,1.341503,0.130363]]},{"name":"Bone186","parent":"Bone134","initpos":[-1.299892,12.880831,-0.002128],"initquaternion":[-0.0,-0.0,0.866612,0.498981],"initscale":[1.0,1.0,1.0],"offmtx":[[-0.864847,-0.502035,-4.5634448042619624e-07,4.368246],[0.502034,-0.864847,-1.5948944565025158e-07,33.182342],[-3.1459887850360246e-07,-3.67035028148166e-07,1.0,-11.61457]],"boundingbox":[[-0.067349,-1.161759,-0.089716],[8.012285,0.853485,0.120681]]},{"name":"Bone187","parent":"Bone186","initpos":[7.977441,-7e-06,1e-06],"initquaternion":[-0.0,2.3840946994369006e-07,0.008704,0.999962],"initscale":[0.999999,0.999999,1.0],"offmtx":[[-0.855976,-0.517014,-9.358885222354729e-07,-3.03098],[0.517014,-0.855975,-1.5152087939895864e-07,33.240146],[-7.227600349324348e-07,-6.135667831586034e-07,1.0,-11.614575]],"boundingbox":[[0.000698,-1.081379,-0.089715],[4.791727,1.169796,0.120683]]},{"name":"Bone147","parent":"Bone134","initpos":[14.379478,8.06773,-0.002037],"initquaternion":[0.340302,0.940316,9.469289921071322e-07,0.0],"initscale":[1.0,0.999999,0.999999],"offmtx":[[-0.639982,-0.768388,-5.543805627894471e-07,30.620704],[-0.768388,0.639982,2.1257702087496e-07,-36.003211],[1.9145227270200849e-07,5.620256615657127e-07,-1.0,11.614656]],"boundingbox":[[0.151187,-0.979964,-0.866596],[5.162523,1.227856,0.791729]]},{"name":"Bone148","parent":"Bone147","initpos":[4.520181,0.008396,-0.0],"initquaternion":[-0.0,0.0,-0.237125,0.971478],"initscale":[0.999999,0.999999,1.0],"offmtx":[[-0.213996,-0.976834,-5.025421501159144e-07,39.756759],[-0.976834,0.213997,0.0,-19.93671],[0.0,4.953360530635109e-07,-1.0,11.614657]],"boundingbox":[[0.044618,-0.950294,-0.730986],[8.543796,1.736518,0.680457]]},{"name":"Bone150","parent":"Bone148","initpos":[10.704629,-0.934944,3e-06],"initquaternion":[-0.0,0.0,-0.423192,0.906039],"initscale":[1.0,1.0,1.0],"offmtx":[[0.611746,-0.791053,-2.351274162037953e-07,33.217796],[-0.791053,-0.611746,-1.6210685771511635e-07,10.083206],[-0.0,2.851667773029476e-07,-1.0,11.614661]],"boundingbox":[[-0.399517,-1.310029,-0.774858],[6.993052,1.380575,0.716445]]},{"name":"Bone151","parent":"Bone150","initpos":[7.931354,-0.971843,-9.5367431640625e-07],"initquaternion":[-0.0,0.0,-0.161104,0.986937],"initscale":[0.999999,0.999999,1.0],"offmtx":[[0.831545,-0.555455,-0.0,20.458335],[-0.555455,-0.831545,-1.410344339092262e-07,18.522266],[0.0,1.6391128099257912e-07,-1.0,11.614664]],"boundingbox":[[-0.677114,-2.391776,-0.845399],[5.471722,1.052183,0.733768]]},{"name":"Bone203","parent":"Bone148","initpos":[3.004062,1.120506,-0.223011],"initquaternion":[0.400347,0.916363,-4.5470289933291497e-07,-6.366256570800033e-07],"initscale":[1.0,0.999999,0.999999],"offmtx":[[-0.571329,0.82072,-2.3259096337824303e-07,-40.421661],[-0.82072,-0.571329,8.747293236410769e-07,12.659183],[5.850225193171354e-07,6.906512908244622e-07,1.0,-11.837703]],"boundingbox":[[-0.482076,-2.380468,-0.792078],[7.185253,1.364689,0.646125]]},{"name":"Bone204","parent":"Bone203","initpos":[6.820133,-3e-06,-0.0],"initquaternion":[-1.958752164910038e-07,-2.0055517779837828e-07,-0.217909,0.975969],"initscale":[0.999999,0.999999,1.0],"offmtx":[[-0.167981,0.985789,-1.0574084541303819e-07,-48.139823],[-0.985789,-0.167981,3.977104938712728e-07,-8.6371],[3.742966612207965e-07,1.7104645166909904e-07,1.0,-11.837681]],"boundingbox":[[-0.606309,-2.218098,-0.792072],[7.003091,1.468516,0.646128]]},{"name":"Bone208","parent":"Bone204","initpos":[0.494251,3.317337,-0.197479],"initquaternion":[-1.468358021838867e-07,0.0,0.713204,0.700955],"initscale":[0.999999,0.999999,1.0],"offmtx":[[-0.982731,-0.185032,0.0,-11.110189],[0.185032,-0.982731,0.0,48.833862],[0.0,0.0,1.0,-11.640203]],"boundingbox":[[0.235394,-1.065017,-0.571107],[7.826882,2.603788,0.867093]]},{"name":"Bone209","parent":"Bone208","initpos":[7.520933,-7e-06,9.5367431640625e-07],"initquaternion":[1.9485352709125436e-07,-0.0,0.001941,0.999998],"initscale":[1.0,1.0,1.0],"offmtx":[[-0.982006,-0.188848,2.2479531480712467e-07,-18.441318],[0.188848,-0.982006,4.0051878613667213e-07,48.905868],[1.4511317658616463e-07,4.3576417851909355e-07,1.0,-11.640221]],"boundingbox":[[0.44741,-4.290307,-0.118402],[2.960586,0.605709,0.391681]]},{"name":"Bone210","parent":"Bone209","initpos":[4.093914,0.0,-1e-06],"initquaternion":[-0.0,0.0,0.013367,0.99991],"initscale":[0.999999,0.999999,1.0],"offmtx":[[-0.976607,-0.215032,1.479996285524976e-07,-21.219804],[0.215032,-0.976606,3.0694349106852314e-07,49.490821],[0.0,3.315877847853699e-07,1.0,-11.640217]],"boundingbox":[[0.315601,-1.213018,-0.346343],[6.821009,1.035461,0.628458]]},{"name":"Bone205","parent":"Bone204","initpos":[3.818691,0.366672,-0.197481],"initquaternion":[-0.0,0.0,0.568528,0.822663],"initscale":[1.0,1.0,1.0],"offmtx":[[-0.981513,0.191394,1.8375126842329337e-07,-26.792259],[-0.191394,-0.981512,1.5212087589588918e-07,45.419506],[2.0946941958754905e-07,1.1413975897767159e-07,1.0,-11.640205]],"boundingbox":[[-0.843029,-0.797777,-0.571107],[6.642187,2.774372,0.867093]]},{"name":"Bone206","parent":"Bone205","initpos":[6.301485,3e-06,3e-06],"initquaternion":[1.925045012285409e-07,-0.0,-0.045729,0.998953],"initscale":[0.999999,0.999999,1.0],"offmtx":[[-0.959921,0.280268,2.5650544444033585e-07,-37.105037],[-0.280268,-0.959921,5.576868034040672e-07,42.205993],[4.025270925467339e-07,4.634452750451601e-07,1.0,-11.640221]],"boundingbox":[[1.672359,-0.427028,-0.229351],[3.298901,1.080175,0.280732]]},{"name":"Bone207","parent":"Bone206","initpos":[4.413616,-7e-06,-9.5367431640625e-07],"initquaternion":[-1.640164128957622e-07,0.0,0.014747,0.999891],"initscale":[1.0,1.0,1.0],"offmtx":[[-0.967769,0.251835,1.2184625575173413e-07,-40.255821],[-0.251835,-0.967769,2.2403790467251383e-07,43.412124],[1.743399877796037e-07,1.8613197028116701e-07,1.0,-11.64021]],"boundingbox":[[0.145723,-1.520128,-0.399607],[8.577293,1.853477,0.681394]]},{"name":"Bone211","parent":"Bone203","initpos":[4.613803,3.684946,-0.197481],"initquaternion":[-1.4075004628466559e-07,0.0,0.663084,0.748544],"initscale":[0.999999,0.999999,1.0],"offmtx":[[-0.88365,-0.468146,5.144726173966774e-07,3.475684],[0.468146,-0.88365,2.489786368187197e-07,45.789192],[3.380558837307035e-07,4.608588710652839e-07,1.0,-11.640219]],"boundingbox":[[0.407094,-1.895256,-0.591014],[8.769577,2.091859,1.014189]]},{"name":"Bone212","parent":"Bone211","initpos":[8.029664,1.1e-05,1e-06],"initquaternion":[-0.0,0.0,-0.047794,0.998857],"initscale":[0.999999,0.999999,1.0],"offmtx":[[-0.924311,-0.381637,4.0092533026836463e-07,-8.90509],[0.381637,-0.924311,2.0954058754796279e-07,45.145195],[2.9061158102194895e-07,3.46689063235317e-07,1.0,-11.640216]],"boundingbox":[[2.877046,-4.650043,-0.187501],[6.541477,3.703152,0.460762]]},{"name":"Bone213","parent":"Bone212","initpos":[4.710325,7e-06,-3e-06],"initquaternion":[-0.0,1.631147057423732e-07,-0.004476,0.999989],"initscale":[0.999999,0.999999,1.0],"offmtx":[[-0.927691,-0.373347,0.0,-14.018995],[0.373347,-0.92769,1.2569852003707638e-07,45.021484],[0.0,1.4393552305591584e-07,1.0,-11.640213]],"boundingbox":[[1.530326,-1.690562,-0.346346],[16.283691,1.646823,0.628457]]},{"name":"Bone214","parent":"Bone203","initpos":[0.835227,3.223564,-0.197482],"initquaternion":[-1.5690719123995223e-07,0.0,0.803296,0.595579],"initscale":[0.999999,0.999999,1.0],"offmtx":[[-0.619297,-0.785155,5.787620125374815e-07,21.016532],[0.785155,-0.619297,-1.1907738439731475e-07,36.735111],[4.5192084030531987e-07,3.8067418017817545e-07,1.0,-11.640211]],"boundingbox":[[-0.050324,-3.834542,-0.566712],[7.816638,3.95914,0.834991]]},{"name":"Bone215","parent":"Bone214","initpos":[6.936296,7e-06,-1e-06],"initquaternion":[1.9002982298843563e-07,-0.0,-0.057662,0.998336],"initscale":[0.999999,0.999999,1.0],"offmtx":[[-0.705576,-0.708633,7.396155297101359e-07,9.757207],[0.708633,-0.705576,3.3776652230699256e-07,38.111915],[2.825029810082924e-07,7.624367981406976e-07,1.0,-11.640228]],"boundingbox":[[1.607235,-3.68541,-0.048541],[3.996485,2.947018,0.321805]]},{"name":"Bone216","parent":"Bone215","initpos":[4.454916,0.0,-9.5367431640625e-07],"initquaternion":[-0.0,2.3738466836675798e-07,0.024498,0.999699],"initscale":[0.999999,0.999999,1.0],"offmtx":[[-0.670019,-0.742342,2.784365733532468e-07,7.162717],[0.742342,-0.670019,2.225646369424794e-07,37.806449],[0.0,3.5581837209974765e-07,1.0,-11.640218]],"boundingbox":[[-1.196119,-5.397925,-0.346351],[11.323008,5.090172,0.628455]]},{"name":"Bone140","parent":"Bone147","initpos":[0.444103,-0.011146,-0.002053],"initquaternion":[-0.176058,0.984379,1.2698002649358386e-07,4.6169293455022853e-07],"initscale":[0.999999,0.999999,0.999999],"offmtx":[[0.866645,0.498923,1e-06,-15.830344],[-0.498923,0.866645,-4.7469933406318887e-07,-44.220516],[-1e-06,-2.87103148366441e-07,1.0,-11.616731]],"boundingbox":[[-3.837557,-2.954278,-0.988395],[8.831964,5.433383,1.101714]]},{"name":"Bone160","parent":"Bone134","initpos":[14.33295,-8.247733,-0.002044],"initquaternion":[-0.343312,0.939221,9.365087407786632e-07,-0.0],"initscale":[1.0,0.999999,0.999999],"offmtx":[[0.644891,-0.764273,1.9476183865663188e-07,30.237817],[-0.764273,-0.644891,2.5792792257561814e-07,36.306137],[-0.0,-3.1518703735855524e-07,-1.0,11.614715]],"boundingbox":[[-0.006553,-1.119252,-0.866573],[5.018483,1.120475,0.791752]]},{"name":"Bone161","parent":"Bone160","initpos":[4.522821,-0.103408,-0.0],"initquaternion":[-0.0,-0.0,0.243925,0.969793],"initscale":[0.999999,0.999999,1.0],"offmtx":[[0.20656,-0.978433,2.8868925028291414e-07,39.880825],[-0.978433,-0.20656,3.0986717547420994e-07,19.910682],[-2.4355273353648954e-07,-3.4646970448193315e-07,-1.0,11.614718]],"boundingbox":[[0.008306,-1.51453,-0.730957],[8.509488,1.170747,0.680487]]},{"name":"Bone188","parent":"Bone161","initpos":[2.988113,-0.956741,-0.222976],"initquaternion":[-0.396858,0.917879,-1.7871781210487825e-07,0.0],"initscale":[1.0,0.999999,0.999999],"offmtx":[[0.571329,0.82072,-4.2357322627140093e-07,-40.474441],[-0.82072,0.571329,1.5303487543860683e-07,-12.583371],[3.6759900012839353e-07,2.602018867037259e-07,1.0,-11.837692]],"boundingbox":[[-0.534851,-1.288886,-0.792077],[7.132477,2.456272,0.646126]]},{"name":"Bone189","parent":"Bone188","initpos":[6.820137,1e-06,-9.5367431640625e-07],"initquaternion":[0.0,-0.0,0.217909,0.975969],"initscale":[1.0,1.0,1.0],"offmtx":[[0.167981,0.985789,-2.9967486625537276e-07,-48.155349],[-0.985789,0.167981,3.1874873229753575e-07,8.728174],[3.645591846179741e-07,2.4187261260522064e-07,1.0,-11.83769]],"boundingbox":[[-0.621837,-1.377461,-0.792073],[6.987565,2.309151,0.646129]]},{"name":"Bone190","parent":"Bone189","initpos":[3.818679,-0.366672,-0.197478],"initquaternion":[-0.0,0.0,-0.568528,0.822663],"initscale":[0.999999,0.999999,1.0],"offmtx":[[0.981512,0.191394,-4.0400766465609195e-07,-26.882936],[-0.191394,0.981512,-3.165821738093655e-07,-45.401805],[3.359467939390015e-07,3.880545023093873e-07,1.0,-11.640218]],"boundingbox":[[-0.933692,-2.756694,-0.571105],[6.551522,0.815458,0.867096]]},{"name":"Bone191","parent":"Bone190","initpos":[6.301492,3e-06,-0.0],"initquaternion":[0.0,0.0,0.045729,0.998953],"initscale":[0.999999,0.999999,1.0],"offmtx":[[0.959921,0.280267,-4.163659923506202e-07,-37.193679],[-0.280267,0.959921,-2.783462775823864e-07,-42.180099],[3.216672439521062e-07,3.838848101622716e-07,1.0,-11.640219]],"boundingbox":[[1.583694,-1.054285,-0.229347],[3.210227,0.452922,0.280736]]},{"name":"Bone192","parent":"Bone191","initpos":[4.413612,-7e-06,1e-06],"initquaternion":[0.0,0.0,-0.014747,0.999891],"initscale":[0.999999,0.999999,1.0],"offmtx":[[0.967769,0.251835,-4.079751931840292e-07,-40.345203],[-0.251835,0.967769,-2.9050499961158494e-07,-43.388851],[3.216666755179176e-07,3.838848101622716e-07,1.0,-11.640218]],"boundingbox":[[0.056331,-1.830215,-0.399603],[8.487905,1.54339,0.681399]]},{"name":"Bone193","parent":"Bone189","initpos":[0.494251,-3.317332,-0.197478],"initquaternion":[-0.0,0.0,-0.713204,0.700955],"initscale":[0.999999,0.999999,1.0],"offmtx":[[0.982731,-0.185033,-3.133973223157227e-07,-11.20095],[0.185032,0.982731,-3.495282214771578e-07,-48.850952],[3.7266011077008443e-07,2.8550383035508275e-07,1.0,-11.640216]],"boundingbox":[[0.144621,-2.620882,-0.571107],[7.736114,1.047925,0.867093]]},{"name":"Bone194","parent":"Bone193","initpos":[7.520936,0.0,1e-06],"initquaternion":[0.0,0.0,-0.001941,0.999998],"initscale":[0.999999,0.999999,1.0],"offmtx":[[0.982005,-0.188848,-3.1203734351947787e-07,-18.532012],[0.188848,0.982005,-3.5074259585599066e-07,-48.92329],[3.726599970832467e-07,2.8550383035508275e-07,1.0,-11.640214]],"boundingbox":[[0.356703,-0.623155,-0.118401],[2.869876,4.272857,0.391683]]},{"name":"Bone195","parent":"Bone194","initpos":[4.09391,7e-06,-1e-06],"initquaternion":[0.0,0.0,-0.013367,0.99991],"initscale":[0.999999,0.999999,1.0],"offmtx":[[0.976606,-0.215032,-3.025491253083601e-07,-21.309999],[0.215032,0.976606,-3.5895885730496957e-07,-49.510673],[3.726595139141864e-07,2.8550383035508275e-07,1.0,-11.640215]],"boundingbox":[[0.225393,-1.055324,-0.346343],[6.730803,1.193153,0.62846]]},{"name":"Bone197","parent":"Bone188","initpos":[4.613811,-3.684947,-0.197478],"initquaternion":[-0.0,0.0,-0.663084,0.748544],"initscale":[0.999999,0.999999,1.0],"offmtx":[[0.88365,-0.468146,-2.0298355707382143e-07,3.394086],[0.468146,0.88365,-5.422224944595655e-07,-45.832439],[4.3320639520061377e-07,3.8410902902796806e-07,1.0,-11.640219]],"boundingbox":[[0.325468,-2.135096,-0.59101],[8.687955,1.852025,1.014192]]},{"name":"Bone198","parent":"Bone197","initpos":[8.029664,-1.1e-05,1e-06],"initquaternion":[0.0,0.0,0.047794,0.998857],"initscale":[0.999999,0.999999,1.0],"offmtx":[[0.924311,-0.381637,-2.5382936996720673e-07,-8.990462],[0.381637,0.924311,-5.20365290412883e-07,-45.180442],[4.332085552505305e-07,3.8410902902796806e-07,1.0,-11.640219]],"boundingbox":[[2.791673,-3.738401,-0.187495],[6.456101,4.614797,0.460769]]},{"name":"Bone199","parent":"Bone198","initpos":[4.710325,-3e-06,-1e-06],"initquaternion":[0.0,0.0,0.004476,0.999989],"initscale":[0.999999,0.999999,1.0],"offmtx":[[0.927691,-0.373347,-2.584777121228399e-07,-14.10469],[0.373347,0.927691,-5.18072226896038e-07,-45.055984],[4.332087826242059e-07,3.8410902902796806e-07,1.0,-11.640218]],"boundingbox":[[1.444636,-1.681314,-0.346343],[16.198019,1.656074,0.628459]]},{"name":"Bone200","parent":"Bone188","initpos":[0.835231,-3.223563,-0.197479],"initquaternion":[-0.0,0.0,-0.803296,0.595579],"initscale":[1.0,1.0,1.0],"offmtx":[[0.619297,-0.785156,-0.0,20.959356],[0.785156,0.619297,-6.253470132833172e-07,-36.807617],[5.054387770542235e-07,3.689641516757547e-07,1.0,-11.640217]],"boundingbox":[[-0.10753,-4.031658,-0.566708],[7.759435,3.762025,0.834993]]},{"name":"Bone201","parent":"Bone200","initpos":[6.936298,0.0,9.5367431640625e-07],"initquaternion":[0.0,-0.0,0.057662,0.998336],"initscale":[0.999999,0.999999,1.0],"offmtx":[[0.705576,-0.708633,-0.0,9.692033],[0.708633,0.705576,-6.185068741615396e-07,-38.177368],[4.922086986880458e-07,3.8225653042900376e-07,1.0,-11.640219]],"boundingbox":[[1.542057,-3.012471,-0.048536],[3.931307,3.619957,0.321809]]},{"name":"Bone202","parent":"Bone201","initpos":[4.454916,0.0,2e-06],"initquaternion":[0.0,0.0,-0.024498,0.999699],"initscale":[0.999999,0.999999,1.0],"offmtx":[[0.670019,-0.742343,-0.0,7.100843],[0.742343,0.670019,-6.215055918801227e-07,-37.875015],[4.922067660118046e-07,3.8225653042900376e-07,1.0,-11.64022]],"boundingbox":[[-1.258003,-5.158743,-0.34635],[11.261125,5.32936,0.628457]]},{"name":"Bone163","parent":"Bone161","initpos":[10.683668,1.447572,1e-06],"initquaternion":[0.0,-0.0,0.422461,0.90638],"initscale":[1.0,1.0,1.0],"offmtx":[[-0.616476,-0.787372,1.6646259837216348e-07,32.914756],[-0.787372,0.616476,-5.344549549590738e-07,-10.487064],[3.181950205544126e-07,-4.6054734070821723e-07,-1.0,11.614715]],"boundingbox":[[-0.636089,-1.589202,-0.774819],[6.755632,1.101979,0.716485]]},{"name":"Bone164","parent":"Bone163","initpos":[7.361845,0.706618,2e-06],"initquaternion":[-1.6942438207934174e-07,2.1639534963924234e-07,0.143141,0.989702],"initscale":[0.999999,0.999999,1.0],"offmtx":[[-0.814303,-0.580438,4.850400614486716e-07,21.334238],[-0.580438,0.814303,-2.863154691112868e-07,-17.974998],[-2.2878157324157655e-07,-5.146836201674887e-07,-1.0,11.614718]],"boundingbox":[[-0.374285,-1.020432,-0.845361],[5.788334,2.448229,0.733806]]},{"name":"Bone153","parent":"Bone160","initpos":[0.130586,-0.027194,-0.00204],"initquaternion":[0.180414,0.98359,9.029172929331253e-07,1.211764413255878e-07],"initscale":[0.999999,0.999999,0.999999],"offmtx":[[-0.874156,0.485643,0.0,-15.252319],[-0.485643,-0.874156,-1e-06,44.653396],[-7.227546916510619e-07,-1e-06,1.0,-11.616666]],"boundingbox":[[-4.007102,-5.197574,-0.988397],[8.698371,3.165237,1.101715]]}],"boundingbox":[[-45.00193,-0.776807,10.043684],[45.001941,55.276599,13.006049]]}