{
  "skeleton": [
    {
      "name": "root",
      "parent": "root",
      "initpos": [
        0,
        0,
        0
      ],
      "initquaternion": [
        0.707106,
        0,
        0,
        0.707106
      ],
      "initscale": [
        1,
        0.999999,
        0.999999
      ],
      "offmtx": [
        [
          1,
          0,
          0,
          0
        ],
        [
          0,
          1,
          0,
          0
        ],
        [
          0,
          0,
          1,
          0
        ]
      ],
      "boundingbox": [
        [
          0,
          0,
          0
        ],
        [
          0,
          0,
          0
        ]
      ]
    },
    {
      "name": "Bone001",
      "parent": "root",
      "initpos": [
        -0.070846,
        -5.364088337955764e-7,
        -12.197314
      ],
      "initquaternion": [
        -0.499999,
        0.5,
        0.499999,
        0.5
      ],
      "initscale": [
        1,
        0.999999,
        0.999999
      ],
      "offmtx": [
        [
          1.179319824018421e-7,
          0.999999,
          0,
          -12.197314
        ],
        [
          -0.999999,
          1.179319824018421e-7,
          0.000003,
          -0.070848
        ],
        [
          0.000003,
          0,
          0.999999,
          7.701070217080996e-7
        ]
      ],
      "boundingbox": [
        [
          -1.11833,
          -4.820852,
          -2.130012
        ],
        [
          12.247683,
          4.679148,
          2.210016
        ]
      ]
    },
    {
      "name": "Bone029",
      "parent": "Bone001",
      "initpos": [
        6.020615,
        -0.062159,
        2.868989
      ],
      "initquaternion": [
        1,
        0,
        0,
        -7.907536883067223e-7
      ],
      "initscale": [
        1,
        0.999999,
        0.999999
      ],
      "offmtx": [
        [
          0,
          0.999999,
          0,
          -18.217931
        ],
        [
          0.999999,
          0,
          -0.000004,
          0.008693
        ],
        [
          -0.000004,
          0,
          -1,
          2.868989
        ]
      ],
      "boundingbox": [
        [
          0.017066,
          -2.111324,
          -0.741014
        ],
        [
          5.767066,
          2.128684,
          1.278998
        ]
      ]
    },
    {
      "name": "Bone030",
      "parent": "Bone029",
      "initpos": [
        1.44684,
        1.679483,
        -0.1553
      ],
      "initquaternion": [
        -6.321722594293533e-7,
        0.000002,
        0.924304,
        0.381655
      ],
      "initscale": [
        0.999999,
        0.999999,
        1
      ],
      "offmtx": [
        [
          0.705531,
          -0.708678,
          -7.327021194214467e-7,
          12.757197
        ],
        [
          -0.708678,
          -0.705531,
          2.076468916811791e-7,
          15.058182
        ],
        [
          -6.64099218283809e-7,
          3.7274872966008843e-7,
          -1,
          3.024276
        ]
      ],
      "boundingbox": [
        [
          -0.02412,
          -0.538315,
          -0.535719
        ],
        [
          1.178436,
          0.61435,
          1.414281
        ]
      ]
    },
    {
      "name": "Bone031",
      "parent": "Bone029",
      "initpos": [
        1.456193,
        -1.606904,
        -0.168711
      ],
      "initquaternion": [
        9.612110716261668e-7,
        0.000001,
        0.926043,
        -0.377417
      ],
      "initscale": [
        0.999999,
        0.999999,
        1
      ],
      "offmtx": [
        [
          -0.699009,
          -0.715112,
          3.988832304457901e-7,
          12.939908
        ],
        [
          -0.715112,
          0.699009,
          0.000001,
          -14.907721
        ],
        [
          -0.000001,
          5.48474588413228e-7,
          -1,
          3.037696
        ]
      ],
      "boundingbox": [
        [
          0.016261,
          -0.58157,
          -0.522292
        ],
        [
          1.229279,
          0.58202,
          1.427708
        ]
      ]
    },
    {
      "name": "Bone032",
      "parent": "Bone029",
      "initpos": [
        1.22966,
        0,
        -1.158472
      ],
      "initquaternion": [
        0,
        0,
        0,
        1
      ],
      "initscale": [
        1,
        1,
        1
      ],
      "offmtx": [
        [
          1.179319824018421e-7,
          0.999999,
          0,
          -19.447589
        ],
        [
          0.999999,
          -1.179319824018421e-7,
          -0.000004,
          0.008693
        ],
        [
          -0.000004,
          0,
          -1,
          4.027461
        ]
      ],
      "boundingbox": [
        [
          -0.012592,
          -2.46133,
          -0.892547
        ],
        [
          6.266788,
          2.478675,
          1.117464
        ]
      ]
    },
    {
      "name": "Bone033",
      "parent": "Bone032",
      "initpos": [
        1.463794,
        -1.928247,
        -0.056585
      ],
      "initquaternion": [
        9.612110716261668e-7,
        0.000001,
        0.926043,
        -0.377417
      ],
      "initscale": [
        0.999999,
        0.999999,
        1
      ],
      "offmtx": [
        [
          -0.699009,
          -0.715112,
          2.7666425239658565e-7,
          13.600072
        ],
        [
          -0.715112,
          0.699009,
          0.000001,
          -16.002367
        ],
        [
          -9.56905864768487e-7,
          5.484752705342544e-7,
          -1,
          4.084041
        ]
      ],
      "boundingbox": [
        [
          -0.027031,
          -0.594202,
          -0.585947
        ],
        [
          1.08713,
          0.668243,
          0.564054
        ]
      ]
    },
    {
      "name": "Bone034",
      "parent": "Bone032",
      "initpos": [
        1.492078,
        1.997111,
        -0.056603
      ],
      "initquaternion": [
        -6.321720320556778e-7,
        0.000002,
        0.924304,
        0.381655
      ],
      "initscale": [
        0.999999,
        0.999999,
        1
      ],
      "offmtx": [
        [
          0.705531,
          -0.708678,
          -6.093434876675019e-7,
          13.436588
        ],
        [
          -0.708678,
          -0.705531,
          0,
          16.182765
        ],
        [
          -4.89253579871729e-7,
          3.727495254679525e-7,
          -1,
          4.084049
        ]
      ],
      "boundingbox": [
        [
          -0.037323,
          -0.601917,
          -0.585946
        ],
        [
          1.065455,
          0.650527,
          0.564054
        ]
      ]
    },
    {
      "name": "Bone035",
      "parent": "Bone032",
      "initpos": [
        1.819229,
        0,
        -1.081665
      ],
      "initquaternion": [
        0,
        0,
        0,
        1
      ],
      "initscale": [
        1,
        1,
        1
      ],
      "offmtx": [
        [
          2.9277751423251175e-7,
          0.999999,
          0,
          -21.266819
        ],
        [
          0.999999,
          -2.9277751423251175e-7,
          -0.000004,
          0.008697
        ],
        [
          -0.000004,
          0,
          -1,
          5.109126
        ]
      ],
      "boundingbox": [
        [
          -0.031821,
          -2.66749,
          -0.610879
        ],
        [
          6.279664,
          2.684824,
          0.509136
        ]
      ]
    },
    {
      "name": "Bone036",
      "parent": "Bone035",
      "initpos": [
        1.529447,
        -2.225695,
        0.017837
      ],
      "initquaternion": [
        8.712279964129266e-7,
        0.000001,
        0.926043,
        -0.377417
      ],
      "initscale": [
        0.999999,
        0.999999,
        1
      ],
      "offmtx": [
        [
          -0.699008,
          -0.715112,
          1.5444496170857747e-7,
          14.740066
        ],
        [
          -0.715112,
          0.699008,
          4.6581402557421825e-7,
          -17.532621
        ],
        [
          -4.4106803898102953e-7,
          2.151626006252627e-7,
          -1,
          5.091292
        ]
      ],
      "boundingbox": [
        [
          -0.051976,
          -0.711269,
          -0.563703
        ],
        [
          1.163888,
          0.702304,
          0.486297
        ]
      ]
    },
    {
      "name": "Bone037",
      "parent": "Bone035",
      "initpos": [
        1.513225,
        2.244443,
        0.017816
      ],
      "initquaternion": [
        -8.525434509465413e-7,
        0.000002,
        0.924304,
        0.381655
      ],
      "initscale": [
        0.999999,
        0.999999,
        1
      ],
      "offmtx": [
        [
          0.705531,
          -0.708678,
          0,
          14.566313
        ],
        [
          -0.708678,
          -0.705531,
          0,
          17.656494
        ],
        [
          0,
          0,
          -1,
          5.091299
        ]
      ],
      "boundingbox": [
        [
          -0.058157,
          -0.702205,
          -0.563701
        ],
        [
          1.144955,
          0.70046,
          0.486299
        ]
      ]
    },
    {
      "name": "Bone007",
      "parent": "Bone001",
      "initpos": [
        5.722496,
        -0.064288,
        -2.679865
      ],
      "initquaternion": [
        0,
        0,
        0,
        1
      ],
      "initscale": [
        1,
        1,
        1
      ],
      "offmtx": [
        [
          0,
          0.999999,
          0,
          -17.919809
        ],
        [
          -0.999999,
          0,
          0,
          -0.006569
        ],
        [
          0,
          0,
          1,
          2.679866
        ]
      ],
      "boundingbox": [
        [
          -0.01481,
          -2.081567,
          -0.960132
        ],
        [
          5.415188,
          2.068432,
          1.429868
        ]
      ]
    },
    {
      "name": "Bone023",
      "parent": "Bone007",
      "initpos": [
        0.267057,
        3.600741,
        2.384185791015625e-7
      ],
      "initquaternion": [
        0,
        0,
        0,
        1
      ],
      "initscale": [
        1,
        1,
        1
      ],
      "offmtx": [
        [
          1.6292067073209182e-7,
          0.999999,
          0,
          -18.186866
        ],
        [
          -0.999999,
          1.6292067073209182e-7,
          0,
          -3.607312
        ],
        [
          0,
          0,
          1,
          2.679866
        ]
      ],
      "boundingbox": [
        [
          0.03247,
          -0.823109,
          -0.825131
        ],
        [
          2.53247,
          0.72689,
          1.524868
        ]
      ]
    },
    {
      "name": "Bone024",
      "parent": "Bone007",
      "initpos": [
        0.267061,
        -3.483358,
        0
      ],
      "initquaternion": [
        0,
        0,
        0,
        1
      ],
      "initscale": [
        1,
        1,
        1
      ],
      "offmtx": [
        [
          1.6292067073209182e-7,
          0.999999,
          0,
          -18.186868
        ],
        [
          -0.999999,
          1.6292067073209182e-7,
          0,
          3.476787
        ],
        [
          0,
          0,
          1,
          2.679866
        ]
      ],
      "boundingbox": [
        [
          0.032469,
          -0.857409,
          -0.825132
        ],
        [
          2.532469,
          0.692591,
          1.524867
        ]
      ]
    },
    {
      "name": "Bone027",
      "parent": "Bone007",
      "initpos": [
        1.983337,
        0.054202,
        0.095318
      ],
      "initquaternion": [
        0,
        -2.50507696364366e-7,
        0.493479,
        0.869757
      ],
      "initscale": [
        0.999999,
        0.999999,
        1
      ],
      "offmtx": [
        [
          -0.858415,
          0.512955,
          4.1243174564442597e-7,
          -10.261594
        ],
        [
          -0.512955,
          -0.858415,
          -2.1333269728529558e-7,
          17.053989
        ],
        [
          2.4460746317345183e-7,
          -3.9468721979574184e-7,
          1,
          2.584556
        ]
      ],
      "boundingbox": [
        [
          0.028968,
          -0.660057,
          -0.100449
        ],
        [
          0.046998,
          0.539805,
          0.14955
        ]
      ]
    },
    {
      "name": "Bone028",
      "parent": "Bone027",
      "initpos": [
        3.318943,
        -0.000001,
        -2.384185791015625e-7
      ],
      "initquaternion": [
        0,
        2.377022383370786e-7,
        0.009414,
        0.999955
      ],
      "initscale": [
        0.999999,
        0.999999,
        1
      ],
      "offmtx": [
        [
          -0.867921,
          0.496701,
          0,
          -13.25703
        ],
        [
          -0.496701,
          -0.867921,
          -3.709837130827509e-7,
          17.306673
        ],
        [
          -2.4371678364332183e-7,
          -2.8796290507671074e-7,
          1,
          2.584552
        ]
      ],
      "boundingbox": [
        [
          0.01618,
          -0.623441,
          -0.10045
        ],
        [
          3.320721,
          0.589102,
          0.149549
        ]
      ]
    },
    {
      "name": "Bone025",
      "parent": "Bone007",
      "initpos": [
        2.117107,
        -0.033774,
        0.095318
      ],
      "initquaternion": [
        0,
        0,
        -0.511491,
        0.859288
      ],
      "initscale": [
        0.999999,
        0.999999,
        1
      ],
      "offmtx": [
        [
          0.879037,
          0.476752,
          0,
          -9.576563
        ],
        [
          -0.476752,
          0.879037,
          -1.6292068494294654e-7,
          -17.600231
        ],
        [
          -1.3564842049618164e-7,
          1.1176988579109093e-7,
          1,
          2.584545
        ]
      ],
      "boundingbox": [
        [
          -0.014809,
          -0.67172,
          -0.10045
        ],
        [
          0.017157,
          0.527852,
          0.14955
        ]
      ]
    },
    {
      "name": "Bone026",
      "parent": "Bone025",
      "initpos": [
        3.266702,
        0,
        0
      ],
      "initquaternion": [
        0,
        0,
        0.018658,
        0.999825
      ],
      "initscale": [
        0.999999,
        0.999999,
        1
      ],
      "offmtx": [
        [
          0.860638,
          0.509217,
          0,
          -13.490986
        ],
        [
          -0.509217,
          0.860638,
          -1.652680197139489e-7,
          -17.108802
        ],
        [
          -1.4089194166899688e-7,
          1.0866745725479632e-7,
          1,
          2.584546
        ]
      ],
      "boundingbox": [
        [
          0.027466,
          -0.620473,
          -0.10045
        ],
        [
          3.340089,
          0.614688,
          0.14955
        ]
      ]
    },
    {
      "name": "Bone008",
      "parent": "Bone007",
      "initpos": [
        -1.179645,
        -0.012871,
        -0.693853
      ],
      "initquaternion": [
        0,
        0,
        0,
        1
      ],
      "initscale": [
        1,
        1,
        1
      ],
      "offmtx": [
        [
          1.6292067073209182e-7,
          0.999999,
          0,
          -16.740165
        ],
        [
          -0.999999,
          1.6292067073209182e-7,
          -1.6292052862354467e-7,
          0.0063
        ],
        [
          -1.6292050020183524e-7,
          0,
          1,
          3.37372
        ]
      ],
      "boundingbox": [
        [
          -0.025167,
          -1.273696,
          -0.276278
        ],
        [
          3.704832,
          1.286303,
          0.323722
        ]
      ]
    },
    {
      "name": "Bone015",
      "parent": "Bone008",
      "initpos": [
        2.606388,
        -1.493301,
        -0.213031
      ],
      "initquaternion": [
        0,
        0,
        0,
        1
      ],
      "initscale": [
        1,
        1,
        1
      ],
      "offmtx": [
        [
          3.1391644483846903e-7,
          0.999999,
          0,
          -19.346553
        ],
        [
          -0.999999,
          3.1391644483846903e-7,
          -2.183351170970127e-7,
          1.499597
        ],
        [
          -2.1833510288615798e-7,
          0,
          1,
          3.586751
        ]
      ],
      "boundingbox": [
        [
          0.048445,
          -0.870394,
          -0.253246
        ],
        [
          4.238444,
          0.769605,
          0.346754
        ]
      ]
    },
    {
      "name": "Bone016",
      "parent": "Bone015",
      "initpos": [
        0.906627,
        0.017617,
        0.71912
      ],
      "initquaternion": [
        -1.585437274798096e-7,
        0,
        -0.234154,
        0.972199
      ],
      "initscale": [
        0.999999,
        0.999999,
        1
      ],
      "offmtx": [
        [
          0.455289,
          0.890343,
          0,
          -18.707023
        ],
        [
          -0.890343,
          0.455289,
          -5.205486104387091e-7,
          -7.901578
        ],
        [
          -5.087248950985668e-7,
          1.484959284425713e-7,
          1,
          2.867629
        ]
      ],
      "boundingbox": [
        [
          -0.045493,
          -0.579358,
          -0.427366
        ],
        [
          4.78769,
          0.565408,
          0.222633
        ]
      ]
    },
    {
      "name": "Bone017",
      "parent": "Bone015",
      "initpos": [
        -0.027027,
        0.093919,
        0.71912
      ],
      "initquaternion": [
        0,
        0,
        -0.34439,
        0.938826
      ],
      "initscale": [
        1,
        1,
        1
      ],
      "offmtx": [
        [
          0.646645,
          0.76279,
          1.4118462843271118e-7,
          -15.645727
        ],
        [
          -0.76279,
          0.646645,
          -1.665446802689985e-7,
          -11.420653
        ],
        [
          -2.1833513130786741e-7,
          0,
          1,
          2.867632
        ]
      ],
      "boundingbox": [
        [
          0.066088,
          -0.504507,
          -0.077367
        ],
        [
          4.871077,
          0.515669,
          0.572633
        ]
      ]
    },
    {
      "name": "Bone018",
      "parent": "Bone017",
      "initpos": [
        1.670989,
        -0.131251,
        0
      ],
      "initquaternion": [
        0,
        0,
        -0.203233,
        0.97913
      ],
      "initscale": [
        0.999999,
        0.999999,
        1
      ],
      "offmtx": [
        [
          0.896806,
          0.442423,
          1.9580373589178635e-7,
          -11.393235
        ],
        [
          -0.442423,
          0.896806,
          -1.1005619171555736e-7,
          -17.248579
        ],
        [
          -2.2428945101182762e-7,
          0,
          1,
          2.867631
        ]
      ],
      "boundingbox": [
        [
          -0.054479,
          -0.564803,
          0.022632
        ],
        [
          2.698493,
          0.509461,
          0.672633
        ]
      ]
    },
    {
      "name": "Bone019",
      "parent": "Bone015",
      "initpos": [
        0.154439,
        -0.877989,
        0.096611
      ],
      "initquaternion": [
        0,
        0,
        -0.707106,
        0.707106
      ],
      "initscale": [
        1,
        1,
        1
      ],
      "offmtx": [
        [
          0.999999,
          0,
          2.183351170970127e-7,
          -2.377593
        ],
        [
          0,
          0.999999,
          -2.821299744937278e-7,
          -19.500995
        ],
        [
          -2.1833510288615798e-7,
          2.821299176503089e-7,
          1,
          3.490135
        ]
      ],
      "boundingbox": [
        [
          -0.043425,
          -0.181656,
          -0.124858
        ],
        [
          1.156574,
          0.218343,
          0.025142
        ]
      ]
    },
    {
      "name": "Bone020",
      "parent": "Bone019",
      "initpos": [
        1.143554,
        0,
        0
      ],
      "initquaternion": [
        0,
        -1.0991351473421673e-7,
        0.556954,
        0.830542
      ],
      "initscale": [
        1,
        1,
        1
      ],
      "offmtx": [
        [
          0.379602,
          0.925149,
          0,
          -19.377975
        ],
        [
          -0.925149,
          0.379602,
          -3.0908998382983555e-7,
          -4.145037
        ],
        [
          -3.18807849453151e-7,
          0,
          1,
          3.49014
        ]
      ],
      "boundingbox": [
        [
          -0.101524,
          -0.098681,
          -0.114858
        ],
        [
          2.199795,
          0.30898,
          0.035142
        ]
      ]
    },
    {
      "name": "Bone009",
      "parent": "Bone008",
      "initpos": [
        2.606389,
        1.597046,
        -0.213031
      ],
      "initquaternion": [
        0,
        0,
        0,
        1
      ],
      "initscale": [
        1,
        1,
        1
      ],
      "offmtx": [
        [
          3.1391644483846903e-7,
          0.999999,
          0,
          -19.346553
        ],
        [
          -0.999999,
          3.1391644483846903e-7,
          -2.183351170970127e-7,
          -1.59075
        ],
        [
          -2.1833510288615798e-7,
          0,
          1,
          3.586751
        ]
      ],
      "boundingbox": [
        [
          0.048444,
          -0.860743,
          -0.253245
        ],
        [
          4.238443,
          0.779257,
          0.346755
        ]
      ]
    },
    {
      "name": "Bone010",
      "parent": "Bone009",
      "initpos": [
        0.821859,
        -0.023427,
        0.719119
      ],
      "initquaternion": [
        -1.8008938695857069e-7,
        0,
        0.227699,
        0.973731
      ],
      "initscale": [
        1,
        1,
        1
      ],
      "offmtx": [
        [
          -0.443436,
          0.896305,
          0,
          -18.772071
        ],
        [
          -0.896305,
          -0.443436,
          -5.655899713019608e-7,
          7.53861
        ],
        [
          -5.498745849763509e-7,
          -1.640239020161971e-7,
          1,
          2.867634
        ]
      ],
      "boundingbox": [
        [
          -0.001775,
          -0.626994,
          -0.427366
        ],
        [
          4.820038,
          0.465117,
          0.222635
        ]
      ]
    },
    {
      "name": "Bone011",
      "parent": "Bone009",
      "initpos": [
        -0.02333,
        -0.058353,
        0.71912
      ],
      "initquaternion": [
        -1.3932394438143092e-7,
        0,
        0.330449,
        0.943823
      ],
      "initscale": [
        1,
        1,
        1
      ],
      "offmtx": [
        [
          -0.623771,
          0.781606,
          0,
          -16.059013
        ],
        [
          -0.781606,
          -0.623771,
          -4.964927029504906e-7,
          10.855559
        ],
        [
          -4.184828412689967e-7,
          -2.7157969384461467e-7,
          1,
          2.867636
        ]
      ],
      "boundingbox": [
        [
          -0.025758,
          -0.590031,
          -0.327365
        ],
        [
          4.785074,
          0.5276,
          0.322634
        ]
      ]
    },
    {
      "name": "Bone012",
      "parent": "Bone011",
      "initpos": [
        1.512865,
        0.211796,
        0.000001
      ],
      "initquaternion": [
        2.43038812186569e-7,
        -2.417443454305612e-7,
        0.182958,
        0.98312
      ],
      "initscale": [
        1,
        1,
        1
      ],
      "offmtx": [
        [
          -0.863187,
          0.504882,
          3.4014641414614744e-7,
          -12.566473
        ],
        [
          -0.504882,
          -0.863187,
          0,
          16.252515
        ],
        [
          2.6518796403252054e-7,
          -2.20327081024152e-7,
          1,
          2.867635
        ]
      ],
      "boundingbox": [
        [
          -0.015003,
          -0.481338,
          -0.227367
        ],
        [
          2.690035,
          0.433893,
          0.422632
        ]
      ]
    },
    {
      "name": "Bone013",
      "parent": "Bone009",
      "initpos": [
        0.215299,
        0.929228,
        0.09661
      ],
      "initquaternion": [
        0,
        0,
        0.718415,
        0.695614
      ],
      "initscale": [
        1,
        1,
        1
      ],
      "offmtx": [
        [
          -0.99948,
          -0.03224,
          0,
          -1.887987
        ],
        [
          0.03224,
          -0.99948,
          0,
          19.632926
        ],
        [
          0,
          0,
          1,
          3.490142
        ]
      ],
      "boundingbox": [
        [
          -0.190782,
          -0.190102,
          -0.124856
        ],
        [
          1.021489,
          0.248377,
          0.025143
        ]
      ]
    },
    {
      "name": "Bone014",
      "parent": "Bone013",
      "initpos": [
        0.992807,
        -0.00031,
        2.384185791015625e-7
      ],
      "initquaternion": [
        0,
        0,
        -0.565881,
        0.824486
      ],
      "initscale": [
        0.999999,
        0.999999,
        1
      ],
      "offmtx": [
        [
          -0.389454,
          0.921046,
          1.2129397930493724e-7,
          -19.356042
        ],
        [
          -0.921046,
          -0.389454,
          -1.1877784089620036e-7,
          4.371133
        ],
        [
          0,
          -1.5797579067111656e-7,
          1,
          3.490144
        ]
      ],
      "boundingbox": [
        [
          -0.126885,
          -0.305242,
          -0.114855
        ],
        [
          2.175989,
          0.111627,
          0.035144
        ]
      ]
    },
    {
      "name": "Bone021",
      "parent": "Bone008",
      "initpos": [
        1.232192,
        2.015934,
        0.044897
      ],
      "initquaternion": [
        2.6648558559827507e-7,
        0,
        0.506277,
        0.86237
      ],
      "initscale": [
        1,
        1,
        1
      ],
      "offmtx": [
        [
          -0.873197,
          0.487365,
          2.471519735536276e-7,
          -10.513916
        ],
        [
          -0.487365,
          -0.873197,
          3.100135472777765e-7,
          14.714001
        ],
        [
          3.6690261140392977e-7,
          1.502498037098121e-7,
          1,
          3.328821
        ]
      ],
      "boundingbox": [
        [
          -0.156846,
          -0.944551,
          -0.196174
        ],
        [
          2.414353,
          0.899817,
          -0.036174
        ]
      ]
    },
    {
      "name": "Bone022",
      "parent": "Bone008",
      "initpos": [
        1.106084,
        -1.798095,
        0.044897
      ],
      "initquaternion": [
        0,
        0,
        -0.49697,
        0.867767
      ],
      "initscale": [
        0.999999,
        0.999999,
        1
      ],
      "offmtx": [
        [
          0.862509,
          0.506041,
          1.4051983043827931e-7,
          -10.587252
        ],
        [
          -0.506041,
          0.862509,
          -1.6292071336465597e-7,
          -14.479454
        ],
        [
          -2.0364426234209532e-7,
          0,
          1,
          3.328822
        ]
      ],
      "boundingbox": [
        [
          0.073261,
          -0.901614,
          -0.196175
        ],
        [
          2.645514,
          0.921057,
          -0.036175
        ]
      ]
    },
    {
      "name": "Bone006",
      "parent": "Bone001",
      "initpos": [
        11.908757,
        -0.135254,
        -0.000003
      ],
      "initquaternion": [
        -0.000001,
        2.4808156240396784e-7,
        -0.005678,
        0.999983
      ],
      "initscale": [
        0.999999,
        0.999999,
        1
      ],
      "offmtx": [
        [
          0.011356,
          0.999935,
          -1.983603681310342e-7,
          -24.105253
        ],
        [
          -0.999935,
          0.011356,
          -2.8257778694751323e-7,
          -0.209359
        ],
        [
          -2.8030680709889566e-7,
          2.0155670199528686e-7,
          1,
          -0.000003
        ]
      ],
      "boundingbox": [
        [
          -0.146949,
          -5.023652,
          -4.685529
        ],
        [
          12.670003,
          5.292913,
          6.269952
        ]
      ]
    },
    {
      "name": "Bone002",
      "parent": "Bone001",
      "initpos": [
        12.237225,
        -6.226036,
        0.000015
      ],
      "initquaternion": [
        0,
        9.099630915443413e-7,
        1,
        -1.947072689745255e-7
      ],
      "initscale": [
        0.999999,
        0.999999,
        1
      ],
      "offmtx": [
        [
          2.884360412735987e-7,
          -0.999999,
          0,
          24.434537
        ],
        [
          0.999999,
          2.884360412735987e-7,
          -0.000001,
          -6.155196
        ],
        [
          0.000001,
          0,
          0.999999,
          -0.000007
        ]
      ],
      "boundingbox": [
        [
          -0.010458,
          -2.155196,
          -1.999998
        ],
        [
          12.434541,
          1.844813,
          2.210002
        ]
      ]
    },
    {
      "name": "Bone003",
      "parent": "Bone001",
      "initpos": [
        12.237229,
        6.1118,
        -0.000024
      ],
      "initquaternion": [
        1.5672503650421277e-7,
        8.662170785100898e-7,
        1,
        1.947070700225595e-7
      ],
      "initscale": [
        0.999999,
        0.999999,
        1
      ],
      "offmtx": [
        [
          3.2596585697319824e-7,
          -0.999999,
          0,
          24.434545
        ],
        [
          1,
          3.2596588539490767e-7,
          -0.000001,
          6.182639
        ],
        [
          0.000001,
          0,
          0.999999,
          0.000011
        ]
      ],
      "boundingbox": [
        [
          -0.010453,
          -1.81736,
          -2.000001
        ],
        [
          12.434545,
          2.18265,
          2.210004
        ]
      ]
    },
    {
      "name": "Bone004",
      "parent": "Bone001",
      "initpos": [
        -0.005172,
        1.998803,
        -0.000006
      ],
      "initquaternion": [
        0,
        8.662514687785006e-7,
        1,
        0
      ],
      "initscale": [
        0.999999,
        0.999999,
        1
      ],
      "offmtx": [
        [
          2.1348354550809745e-7,
          -0.999999,
          0,
          12.192142
        ],
        [
          1,
          2.1348354550809745e-7,
          -0.000001,
          2.069648
        ],
        [
          0.000001,
          0,
          1,
          0.000003
        ]
      ],
      "boundingbox": [
        [
          -0.858664,
          -3.309417,
          -2.200003
        ],
        [
          12.182142,
          2.069654,
          2.34
        ]
      ]
    },
    {
      "name": "Bone005",
      "parent": "Bone001",
      "initpos": [
        -0.005174,
        -2.049863,
        0.000006
      ],
      "initquaternion": [
        0,
        8.662514687785006e-7,
        1,
        0
      ],
      "initscale": [
        0.999999,
        0.999999,
        1
      ],
      "offmtx": [
        [
          2.1348354550809745e-7,
          -0.999999,
          0,
          12.19214
        ],
        [
          1,
          2.1348354550809745e-7,
          -0.000001,
          -1.979019
        ],
        [
          0.000001,
          0,
          1,
          -0.000002
        ]
      ],
      "boundingbox": [
        [
          -0.858664,
          -1.979023,
          -2.199996
        ],
        [
          12.182141,
          3.40005,
          2.340006
        ]
      ]
    }
  ],
  "boundingbox": [
    [
      -7.999999,
      0.009999,
      -4.685534
    ],
    [
      7.999999,
      36.765693,
      6.269946
    ]
  ]
}
