{
  "skeleton": [
    {
      "name": "root",
      "parent": "root",
      "initpos": [
        0,
        0,
        0
      ],
      "initquaternion": [
        0.707106,
        0,
        0,
        0.707106
      ],
      "initscale": [
        1,
        0.999999,
        0.999999
      ],
      "offmtx": [
        [
          1,
          0,
          0,
          0
        ],
        [
          0,
          1,
          0,
          0
        ],
        [
          0,
          0,
          1,
          0
        ]
      ],
      "boundingbox": [
        [
          0,
          0,
          0
        ],
        [
          0,
          0,
          0
        ]
      ]
    },
    {
      "name": "Bone001",
      "parent": "root",
      "initpos": [
        -0.070846,
        -5.591194280896161e-7,
        -12.197314
      ],
      "initquaternion": [
        -0.499999,
        0.5,
        0.499999,
        0.5
      ],
      "initscale": [
        1,
        1,
        1
      ],
      "offmtx": [
        [
          1,
          0,
          0,
          0
        ],
        [
          0,
          1,
          0,
          0
        ],
        [
          0,
          0,
          1,
          0
        ]
      ],
      "boundingbox": [
        [
          0,
          0,
          0
        ],
        [
          0,
          0,
          0
        ]
      ]
    },
    {
      "name": "Bone091",
      "parent": "Bone001",
      "initpos": [
        10.711522,
        -0.07081,
        11.454636
      ],
      "initquaternion": [
        1,
        0,
        0,
        0.000001
      ],
      "initscale": [
        1,
        0.999999,
        0.999999
      ],
      "offmtx": [
        [
          1,
          0,
          0,
          0
        ],
        [
          0,
          1,
          0,
          0
        ],
        [
          0,
          0,
          1,
          0
        ]
      ],
      "boundingbox": [
        [
          0,
          0,
          0
        ],
        [
          0,
          0,
          0
        ]
      ]
    },
    {
      "name": "Bone092",
      "parent": "Bone091",
      "initpos": [
        18.065196,
        -5.108373,
        0.056049
      ],
      "initquaternion": [
        0.388798,
        0.921322,
        -4.7461210783694696e-7,
        3.1727043392493215e-7
      ],
      "initscale": [
        1,
        1,
        0.999999
      ],
      "offmtx": [
        [
          0.716418,
          -0.69767,
          0.000001,
          32.246109
        ],
        [
          0.69767,
          0.716418,
          0.000001,
          -25.790599
        ],
        [
          -0.000001,
          -1.8578209903807874e-7,
          0.999999,
          -11.398594
        ]
      ],
      "boundingbox": [
        [
          -0.007644,
          -1.315392,
          -0.393863
        ],
        [
          5.425569,
          1.250662,
          0.418962
        ]
      ]
    },
    {
      "name": "Bone093",
      "parent": "Bone092",
      "initpos": [
        1.782363,
        -0.065172,
        -0.000001
      ],
      "initquaternion": [
        0,
        -1.6171263439446193e-7,
        0.992586,
        -0.121542
      ],
      "initscale": [
        1,
        1,
        1
      ],
      "offmtx": [
        [
          -0.863588,
          0.504197,
          -0.000001,
          -23.356552
        ],
        [
          -0.504197,
          -0.863588,
          -0.000001,
          32.315765
        ],
        [
          -0.000001,
          -3.910432155862509e-7,
          0.999999,
          -11.398588
        ]
      ],
      "boundingbox": [
        [
          -0.01447,
          -1.006128,
          -0.331266
        ],
        [
          5.001642,
          1.034511,
          0.356379
        ]
      ]
    },
    {
      "name": "Bone094",
      "parent": "Bone093",
      "initpos": [
        4.04433,
        0.694572,
        0.000003
      ],
      "initquaternion": [
        0,
        0,
        -0.250996,
        0.967988
      ],
      "initscale": [
        0.999999,
        0.999999,
        1
      ],
      "offmtx": [
        [
          -0.509776,
          0.860306,
          -5.916893996982253e-7,
          -39.313869
        ],
        [
          -0.860306,
          -0.509776,
          -0.000002,
          14.322283
        ],
        [
          -0.000002,
          -5.108194613967498e-7,
          0.999999,
          -11.398588
        ]
      ],
      "boundingbox": [
        [
          -0.017459,
          -0.785331,
          -0.233684
        ],
        [
          3.48939,
          0.730697,
          0.258802
        ]
      ]
    },
    {
      "name": "Bone095",
      "parent": "Bone092",
      "initpos": [
        3.314363,
        0.839872,
        0.000003
      ],
      "initquaternion": [
        1.331075907273771e-7,
        -1.0361564761751652e-7,
        0.921322,
        0.388798
      ],
      "initscale": [
        1,
        1,
        1
      ],
      "offmtx": [
        [
          5.150839115231065e-7,
          1,
          0,
          -39.263397
        ],
        [
          -1,
          5.150838546796876e-7,
          -0.000001,
          -2.147949
        ],
        [
          -0.000001,
          0,
          0.999999,
          -11.398607
        ]
      ],
      "boundingbox": [
        [
          -0.013015,
          -0.506723,
          -0.292038
        ],
        [
          2.9945,
          0.516077,
          0.317127
        ]
      ]
    },
    {
      "name": "Bone096",
      "parent": "Bone095",
      "initpos": [
        2.678245,
        -0.172939,
        0.000001
      ],
      "initquaternion": [
        3.3199899007740896e-7,
        -1.6191793861253245e-7,
        0.403564,
        0.914951
      ],
      "initscale": [
        1,
        1,
        1
      ],
      "offmtx": [
        [
          -0.738483,
          0.674271,
          -4.088427942861017e-7,
          -29.738567
        ],
        [
          -0.674271,
          -0.738483,
          -0.000001,
          29.641532
        ],
        [
          -0.000001,
          -6.045119675945898e-7,
          0.999999,
          -11.398582
        ]
      ],
      "boundingbox": [
        [
          0.005065,
          -0.39075,
          -0.222899
        ],
        [
          2.005602,
          0.398087,
          0.247984
        ]
      ]
    },
    {
      "name": "Bone097",
      "parent": "Bone092",
      "initpos": [
        1.110347,
        -0.485307,
        -0.007694
      ],
      "initquaternion": [
        0.726562,
        -0.687099,
        0,
        3.618633854785003e-7
      ],
      "initscale": [
        0.999999,
        0.999999,
        0.999999
      ],
      "offmtx": [
        [
          -0.656617,
          -0.754224,
          -8.652612564219453e-7,
          27.002868
        ],
        [
          -0.754224,
          0.656617,
          -5.065638220003166e-7,
          -29.675556
        ],
        [
          9.502080047241179e-7,
          3.19982348173653e-7,
          -0.999999,
          11.390893
        ]
      ],
      "boundingbox": [
        [
          -0.118344,
          -1.09874,
          -0.329073
        ],
        [
          3.454316,
          1.031329,
          0.288573
        ]
      ]
    },
    {
      "name": "Bone098",
      "parent": "Bone097",
      "initpos": [
        3.0466,
        0.781047,
        -0.000004
      ],
      "initquaternion": [
        -3.4407099747113534e-7,
        0,
        -0.601578,
        0.798813
      ],
      "initscale": [
        0.999999,
        0.999999,
        1
      ],
      "offmtx": [
        [
          0.54352,
          -0.839395,
          0,
          35.888687
        ],
        [
          -0.839395,
          -0.54352,
          -3.198348395017092e-7,
          14.61195
        ],
        [
          2.5179116391882417e-7,
          1.9959209396347433e-7,
          -0.999999,
          11.390895
        ]
      ],
      "boundingbox": [
        [
          -0.007756,
          -1.331586,
          -0.426649
        ],
        [
          6.531427,
          1.272124,
          0.386163
        ]
      ]
    },
    {
      "name": "Bone099",
      "parent": "Bone098",
      "initpos": [
        6.171119,
        -1.357633,
        -9.5367431640625e-7
      ],
      "initquaternion": [
        -1.1363659524477043e-7,
        -1.2466179555303825e-7,
        0.539216,
        0.842167
      ],
      "initscale": [
        0.999999,
        0.999999,
        1
      ],
      "offmtx": [
        [
          -0.534897,
          -0.844916,
          -3.9074396340765816e-7,
          26.940464
        ],
        [
          -0.844916,
          0.534897,
          2.1986029707932175e-7,
          -20.306974
        ],
        [
          0,
          4.477490165299969e-7,
          -0.999999,
          11.390886
        ]
      ],
      "boundingbox": [
        [
          0.020587,
          -0.984403,
          -0.63336
        ],
        [
          5.068984,
          1.139924,
          0.592867
        ]
      ]
    },
    {
      "name": "Bone102",
      "parent": "Bone099",
      "initpos": [
        5.420114,
        0.199634,
        0.000001
      ],
      "initquaternion": [
        0,
        0,
        -0.62551,
        0.780215
      ],
      "initscale": [
        0.999999,
        0.999999,
        1
      ],
      "offmtx": [
        [
          0.708369,
          -0.705841,
          -2.9957408287373255e-7,
          24.695888
        ],
        [
          -0.705841,
          -0.708369,
          -1.5873312975145382e-7,
          16.545673
        ],
        [
          -1.001686484869424e-7,
          3.2389368698204635e-7,
          -0.999999,
          11.390886
        ]
      ],
      "boundingbox": [
        [
          -0.059264,
          -1.05821,
          -0.753915
        ],
        [
          4.960114,
          0.990748,
          0.713409
        ]
      ]
    },
    {
      "name": "Bone103",
      "parent": "Bone102",
      "initpos": [
        4.681781,
        -0.672723,
        -0.000005
      ],
      "initquaternion": [
        -4.633172352441761e-7,
        0,
        0.61196,
        0.790888
      ],
      "initscale": [
        0.999999,
        0.999999,
        1
      ],
      "offmtx": [
        [
          -0.505436,
          -0.862863,
          0,
          21.690862
        ],
        [
          -0.862863,
          0.505436,
          0.000001,
          -15.051387
        ],
        [
          -9.574631576469983e-7,
          4.4844063040727633e-7,
          -0.999999,
          11.390887
        ]
      ],
      "boundingbox": [
        [
          0.002784,
          -0.684738,
          -0.8495
        ],
        [
          5.506206,
          0.827836,
          0.809013
        ]
      ]
    },
    {
      "name": "Bone104",
      "parent": "Bone103",
      "initpos": [
        5.206146,
        -0.471493,
        -0.007684
      ],
      "initquaternion": [
        0.867593,
        0.497273,
        0.000001,
        -1.668950631028565e-7
      ],
      "initscale": [
        0.999998,
        0.999998,
        1
      ],
      "offmtx": [
        [
          -1,
          -7.152544299060537e-7,
          -0.000001,
          -4.248429
        ],
        [
          7.152569310164836e-7,
          -1,
          -0.000001,
          21.593299
        ],
        [
          -0.000001,
          -0.000001,
          0.999999,
          -11.39856
        ]
      ],
      "boundingbox": [
        [
          -0.054309,
          -3.045931,
          -0.393851
        ],
        [
          2.945715,
          0.454071,
          0.418967
        ]
      ]
    },
    {
      "name": "Bone100",
      "parent": "Bone099",
      "initpos": [
        4.067184,
        0.125053,
        -0.009282
      ],
      "initquaternion": [
        0.876041,
        0.482235,
        6.511689889521222e-7,
        0
      ],
      "initscale": [
        1,
        0.999999,
        0.999999
      ],
      "offmtx": [
        [
          -1,
          -4.768367034557741e-7,
          -0.000001,
          -5.028465
        ],
        [
          4.768378971675702e-7,
          -1,
          -0.000001,
          30.255081
        ],
        [
          -0.000001,
          -0.000001,
          0.999999,
          -11.400159
        ]
      ],
      "boundingbox": [
        [
          0.023038,
          -3.35635,
          -0.395445
        ],
        [
          3.023078,
          1.143654,
          0.417373
        ]
      ]
    },
    {
      "name": "Bone101",
      "parent": "Bone100",
      "initpos": [
        0.383672,
        0.199941,
        -0.000001
      ],
      "initquaternion": [
        2.887652783556405e-7,
        0,
        0.561165,
        0.827703
      ],
      "initscale": [
        1,
        1,
        1
      ],
      "offmtx": [
        [
          -0.370185,
          -0.928957,
          -0.000001,
          25.91645
        ],
        [
          0.928957,
          -0.370185,
          0.000001,
          16.153633
        ],
        [
          -0.000001,
          -5.65161087706656e-7,
          0.999999,
          -11.400173
        ]
      ],
      "boundingbox": [
        [
          -0.000628,
          -1.633742,
          -0.106295
        ],
        [
          9.52021,
          0.99456,
          0.107018
        ]
      ]
    },
    {
      "name": "Bone105",
      "parent": "Bone091",
      "initpos": [
        9.915241,
        -2.346991,
        0.054454
      ],
      "initquaternion": [
        0.755176,
        0.655521,
        -2.3246133196153096e-7,
        4.596153928559943e-7
      ],
      "initscale": [
        0.999999,
        0.999999,
        0.999999
      ],
      "offmtx": [
        [
          0.990069,
          0.140582,
          0.000001,
          -2.290817
        ],
        [
          -0.140582,
          0.990069,
          0,
          -32.828044
        ],
        [
          -0.000001,
          -1.4986451901677356e-7,
          0.999999,
          -11.400187
        ]
      ],
      "boundingbox": [
        [
          0.00646,
          -2.948459,
          -0.291032
        ],
        [
          0.542904,
          2.055063,
          0.31295
        ]
      ]
    },
    {
      "name": "Bone106",
      "parent": "Bone105",
      "initpos": [
        0.510888,
        1.644741,
        9.5367431640625e-7
      ],
      "initquaternion": [
        0,
        0,
        0.458854,
        0.888511
      ],
      "initscale": [
        0.999999,
        0.999999,
        1
      ],
      "offmtx": [
        [
          0.458525,
          0.888681,
          8.554130204174726e-7,
          -29.730869
        ],
        [
          -0.888681,
          0.458525,
          -0.000001,
          -17.671962
        ],
        [
          -0.000001,
          0,
          0.999999,
          -11.400189
        ]
      ],
      "boundingbox": [
        [
          -0.007756,
          -0.754237,
          -0.349035
        ],
        [
          1.011257,
          0.758378,
          0.370955
        ]
      ]
    },
    {
      "name": "Bone107",
      "parent": "Bone105",
      "initpos": [
        -0.7906,
        0.137691,
        9.5367431640625e-7
      ],
      "initquaternion": [
        1.5139423226173676e-7,
        1.892984045070989e-7,
        -0.755176,
        0.655521
      ],
      "initscale": [
        1,
        1,
        1
      ],
      "offmtx": [
        [
          6.135130661277799e-7,
          -1,
          0,
          32.849254
        ],
        [
          1,
          6.13513009284361e-7,
          0.000001,
          3.149063
        ],
        [
          -0.000001,
          0,
          0.999999,
          -11.400191
        ]
      ],
      "boundingbox": [
        [
          -0.008226,
          -0.722182,
          -0.106295
        ],
        [
          3.491776,
          0.777833,
          0.107011
        ]
      ]
    },
    {
      "name": "Bone108",
      "parent": "Bone107",
      "initpos": [
        3.426523,
        0,
        -9.5367431640625e-7
      ],
      "initquaternion": [
        0,
        0,
        0,
        1
      ],
      "initscale": [
        1,
        1,
        1
      ],
      "offmtx": [
        [
          6.502457381429849e-7,
          -1,
          0,
          29.422733
        ],
        [
          1,
          6.502456812995661e-7,
          0.000001,
          3.149063
        ],
        [
          -0.000001,
          0,
          0.999999,
          -11.400189
        ]
      ],
      "boundingbox": [
        [
          0.065253,
          -2.22217,
          -0.106295
        ],
        [
          6.065251,
          2.277833,
          0.107017
        ]
      ]
    },
    {
      "name": "Bone109",
      "parent": "Bone108",
      "initpos": [
        6.086261,
        -2.384185791015625e-7,
        0.000001
      ],
      "initquaternion": [
        0,
        0,
        0,
        1
      ],
      "initscale": [
        1,
        1,
        1
      ],
      "offmtx": [
        [
          5.251246761872608e-7,
          -0.999999,
          0,
          23.336467
        ],
        [
          1,
          5.251246193438419e-7,
          0.000001,
          3.149072
        ],
        [
          -0.000001,
          0,
          0.999999,
          -11.400185
        ]
      ],
      "boundingbox": [
        [
          -0.215271,
          -2.222153,
          -0.106295
        ],
        [
          5.78473,
          2.25409,
          0.10702
        ]
      ]
    },
    {
      "name": "Bone110",
      "parent": "Bone109",
      "initpos": [
        5.799007,
        -0.001276,
        -0.000001
      ],
      "initquaternion": [
        0,
        0,
        0,
        1
      ],
      "initscale": [
        1,
        1,
        1
      ],
      "offmtx": [
        [
          2.403043311005604e-7,
          -0.999999,
          0,
          17.537458
        ],
        [
          1,
          2.4030430267885095e-7,
          8.360108267879696e-7,
          3.150356
        ],
        [
          -8.360108836313884e-7,
          0,
          0.999999,
          -11.400181
        ]
      ],
      "boundingbox": [
        [
          -0.070319,
          -2.255942,
          -0.106292
        ],
        [
          6.429684,
          2.244057,
          0.107017
        ]
      ]
    },
    {
      "name": "Bone111",
      "parent": "Bone110",
      "initpos": [
        6.370264,
        0.000028,
        0
      ],
      "initquaternion": [
        0,
        0,
        0,
        1
      ],
      "initscale": [
        1,
        1,
        1
      ],
      "offmtx": [
        [
          2.0427643221410108e-7,
          -0.999999,
          0,
          11.167196
        ],
        [
          1,
          2.0427641800324636e-7,
          -1.1766350382913515e-7,
          3.150341
        ],
        [
          1.176634967237078e-7,
          0,
          0.999999,
          -11.400177
        ]
      ],
      "boundingbox": [
        [
          0.009856,
          -2.255464,
          -0.106291
        ],
        [
          11.509862,
          2.24455,
          0.107016
        ]
      ]
    },
    {
      "name": "Bone112",
      "parent": "Bone091",
      "initpos": [
        18.249084,
        4.963405,
        0.05605
      ],
      "initquaternion": [
        -0.374111,
        0.927383,
        1.6421540749433916e-7,
        -1.133793574581432e-7
      ],
      "initscale": [
        1,
        0.999999,
        0.999999
      ],
      "offmtx": [
        [
          -0.693889,
          -0.720081,
          -7.762188829474326e-7,
          33.08113
        ],
        [
          0.720081,
          -0.693889,
          -3.4043566188302066e-7,
          24.984987
        ],
        [
          -2.934683607236366e-7,
          -7.951655334181851e-7,
          0.999999,
          -11.398565
        ]
      ],
      "boundingbox": [
        [
          0.017559,
          -1.111485,
          -0.393859
        ],
        [
          5.484182,
          1.480711,
          0.418954
        ]
      ]
    },
    {
      "name": "Bone113",
      "parent": "Bone112",
      "initpos": [
        1.777053,
        0.24703,
        0.000007
      ],
      "initquaternion": [
        1.956714186235331e-7,
        -3.0965927066972654e-7,
        0.989476,
        0.144695
      ],
      "initscale": [
        1,
        1,
        1
      ],
      "offmtx": [
        [
          0.871026,
          0.491236,
          0.000001,
          -22.909648
        ],
        [
          -0.491236,
          0.871026,
          0,
          -32.665874
        ],
        [
          -9.820199693422182e-7,
          -5.449623472486564e-7,
          0.999999,
          -11.398581
        ]
      ],
      "boundingbox": [
        [
          -0.051814,
          -0.998612,
          -0.331284
        ],
        [
          4.961674,
          1.035352,
          0.356352
        ]
      ]
    },
    {
      "name": "Bone114",
      "parent": "Bone113",
      "initpos": [
        4.018705,
        -0.582965,
        -0.000004
      ],
      "initquaternion": [
        0,
        0,
        0.255236,
        0.966878
      ],
      "initscale": [
        0.999999,
        0.999999,
        1
      ],
      "offmtx": [
        [
          0.515081,
          0.857141,
          9.729300245453487e-7,
          -39.25484
        ],
        [
          -0.857141,
          0.515081,
          -5.610297080238524e-7,
          -14.611886
        ],
        [
          -9.820197419685428e-7,
          -5.449623472486564e-7,
          0.999999,
          -11.398576
        ]
      ],
      "boundingbox": [
        [
          -0.045624,
          -0.761791,
          -0.233705
        ],
        [
          3.456785,
          0.743789,
          0.258777
        ]
      ]
    },
    {
      "name": "Bone115",
      "parent": "Bone112",
      "initpos": [
        3.321889,
        -0.726636,
        0.000004
      ],
      "initquaternion": [
        -1.3785286512302264e-7,
        4.585639601373259e-7,
        0.927383,
        -0.374111
      ],
      "initscale": [
        0.999999,
        0.999999,
        1
      ],
      "offmtx": [
        [
          0.000001,
          0.999999,
          0,
          -39.270092
        ],
        [
          -1,
          0.000001,
          5.727829375246074e-7,
          2.135094
        ],
        [
          5.727829375246074e-7,
          0,
          0.999999,
          -11.398602
        ]
      ],
      "boundingbox": [
        [
          -0.019715,
          -0.528863,
          -0.292037
        ],
        [
          2.987798,
          0.493929,
          0.317126
        ]
      ]
    },
    {
      "name": "Bone116",
      "parent": "Bone115",
      "initpos": [
        2.640056,
        0.111333,
        -0.000003
      ],
      "initquaternion": [
        -6.089657631491718e-7,
        -2.552915532305633e-7,
        -0.398538,
        0.917151
      ],
      "initscale": [
        0.999999,
        0.999999,
        1
      ],
      "offmtx": [
        [
          0.731039,
          0.682335,
          0.000001,
          -30.076263
        ],
        [
          -0.682335,
          0.731039,
          1.2249554970367171e-7,
          -29.257064
        ],
        [
          -7.477316330550821e-7,
          -8.654784551254124e-7,
          0.999999,
          -11.398564
        ]
      ],
      "boundingbox": [
        [
          -0.012964,
          -0.362355,
          -0.222899
        ],
        [
          1.995034,
          0.445604,
          0.247984
        ]
      ]
    },
    {
      "name": "Bone117",
      "parent": "Bone112",
      "initpos": [
        1.226316,
        0.562473,
        -0.007689
      ],
      "initquaternion": [
        0.726283,
        0.687395,
        3.606243410558818e-7,
        0
      ],
      "initscale": [
        1,
        1,
        0.999999
      ],
      "offmtx": [
        [
          0.680846,
          -0.732425,
          0,
          26.136768
        ],
        [
          -0.732425,
          -0.680846,
          -1.9206996171305946e-7,
          30.464012
        ],
        [
          1.5174654777183605e-7,
          1.1886208994837943e-7,
          -0.999999,
          11.390902
        ]
      ],
      "boundingbox": [
        [
          0.026335,
          -0.996396,
          -0.32906
        ],
        [
          3.536263,
          1.021015,
          0.288585
        ]
      ]
    },
    {
      "name": "Bone118",
      "parent": "Bone117",
      "initpos": [
        3.198345,
        -0.679496,
        0
      ],
      "initquaternion": [
        0,
        0,
        0.61796,
        0.786209
      ],
      "initscale": [
        0.999999,
        0.999999,
        1
      ],
      "offmtx": [
        [
          -0.550842,
          -0.834609,
          -1.827913536089909e-7,
          35.681114
        ],
        [
          -0.834609,
          0.550842,
          1.0574244413419365e-7,
          -14.931412
        ],
        [
          0,
          2.1080680312479672e-7,
          -0.999999,
          11.390899
        ]
      ],
      "boundingbox": [
        [
          -0.075393,
          -1.27844,
          -0.426639
        ],
        [
          6.44259,
          1.268671,
          0.386172
        ]
      ]
    },
    {
      "name": "Bone119",
      "parent": "Bone118",
      "initpos": [
        6.221075,
        1.222005,
        0.000003
      ],
      "initquaternion": [
        0,
        0,
        -0.560024,
        0.828476
      ],
      "initscale": [
        0.999999,
        0.999999,
        1
      ],
      "offmtx": [
        [
          0.569137,
          -0.822241,
          -1.6625618570742517e-7,
          25.970405
        ],
        [
          -0.822241,
          -0.569137,
          0,
          21.315843
        ],
        [
          -1.313289459403677e-7,
          1.1129557009326163e-7,
          -0.999999,
          11.3909
        ]
      ],
      "boundingbox": [
        [
          -0.083502,
          -1.093436,
          -0.633352
        ],
        [
          4.948011,
          0.986711,
          0.592872
        ]
      ]
    },
    {
      "name": "Bone122",
      "parent": "Bone119",
      "initpos": [
        5.244213,
        -0.131151,
        0
      ],
      "initquaternion": [
        -2.777336192139046e-7,
        0,
        0.639626,
        0.768686
      ],
      "initscale": [
        1,
        1,
        1
      ],
      "offmtx": [
        [
          -0.705101,
          -0.709106,
          3.3952159128602943e-7,
          24.856893
        ],
        [
          -0.709106,
          0.705101,
          4.974426133230736e-7,
          -16.482828
        ],
        [
          -5.92137098465173e-7,
          1.0999058730476463e-7,
          -0.999999,
          11.390903
        ]
      ],
      "boundingbox": [
        [
          0.020938,
          -1.042304,
          -0.753902
        ],
        [
          5.049273,
          1.029634,
          0.71342
        ]
      ]
    },
    {
      "name": "Bone123",
      "parent": "Bone122",
      "initpos": [
        4.566158,
        0.526914,
        0.000001
      ],
      "initquaternion": [
        3.3353981621075945e-7,
        0,
        -0.595934,
        0.803032
      ],
      "initscale": [
        0.999999,
        0.999999,
        1
      ],
      "offmtx": [
        [
          0.474407,
          -0.880304,
          0,
          22.158906
        ],
        [
          -0.880304,
          -0.474407,
          0,
          14.49234
        ],
        [
          0,
          0,
          -0.999999,
          11.390902
        ]
      ],
      "boundingbox": [
        [
          -0.080128,
          -0.800669,
          -0.849498
        ],
        [
          5.472744,
          0.906566,
          0.809017
        ]
      ]
    },
    {
      "name": "Bone124",
      "parent": "Bone123",
      "initpos": [
        5.020694,
        0.479563,
        -0.007695
      ],
      "initquaternion": [
        0.858605,
        -0.512636,
        -4.531977992883185e-7,
        -6.361964892676042e-7
      ],
      "initscale": [
        0.999999,
        0.999999,
        0.999999
      ],
      "offmtx": [
        [
          1,
          -1.4901161193847656e-7,
          0.000001,
          -4.205023
        ],
        [
          1.4901075928719365e-7,
          0.999999,
          6.357249731081538e-7,
          -21.73464
        ],
        [
          -0.000001,
          -6.357246888910595e-7,
          0.999999,
          -11.398576
        ]
      ],
      "boundingbox": [
        [
          -0.010876,
          -0.595428,
          -0.393869
        ],
        [
          2.98914,
          2.904573,
          0.418946
        ]
      ]
    },
    {
      "name": "Bone120",
      "parent": "Bone119",
      "initpos": [
        3.937374,
        -0.04071,
        -0.009294
      ],
      "initquaternion": [
        0.885758,
        -0.464145,
        -2.7665984703162394e-7,
        -4.99376142215624e-7
      ],
      "initscale": [
        0.999999,
        0.999999,
        0.999999
      ],
      "offmtx": [
        [
          1,
          0,
          8.223448730859673e-7,
          -5.020432
        ],
        [
          0,
          1,
          7.391286089841742e-7,
          -30.271326
        ],
        [
          -8.223448730859673e-7,
          -7.391285521407553e-7,
          0.999999,
          -11.400172
        ]
      ],
      "boundingbox": [
        [
          0.031084,
          -1.159906,
          -0.395468
        ],
        [
          3.031131,
          3.340096,
          0.417349
        ]
      ]
    },
    {
      "name": "Bone121",
      "parent": "Bone120",
      "initpos": [
        0.479244,
        -0.197462,
        -0.000001
      ],
      "initquaternion": [
        0,
        0,
        -0.563855,
        0.825873
      ],
      "initscale": [
        0.999999,
        0.999999,
        1
      ],
      "offmtx": [
        [
          0.364135,
          -0.931346,
          -3.889396680278878e-7,
          26.006553
        ],
        [
          0.931346,
          0.364135,
          8.392598260797968e-7,
          -16.073047
        ],
        [
          -6.400148890861601e-7,
          -6.678412773908349e-7,
          0.999999,
          -11.400174
        ]
      ],
      "boundingbox": [
        [
          -0.009577,
          -1.040607,
          -0.106316
        ],
        [
          9.506009,
          1.55225,
          0.10699
        ]
      ]
    },
    {
      "name": "Bone125",
      "parent": "Bone091",
      "initpos": [
        9.968933,
        2.308667,
        0.054452
      ],
      "initquaternion": [
        0.74433,
        -0.667811,
        -2.892461452574935e-7,
        3.223888711545442e-7
      ],
      "initscale": [
        0.999999,
        0.999999,
        1
      ],
      "offmtx": [
        [
          -0.994144,
          0.108056,
          -3.784312525567657e-7,
          -1.257514
        ],
        [
          -0.108056,
          -0.994144,
          -0.000001,
          32.934738
        ],
        [
          -5.291076945468376e-7,
          -0.000001,
          0.999999,
          -11.400146
        ]
      ],
      "boundingbox": [
        [
          -0.068339,
          -2.018865,
          -0.29104
        ],
        [
          0.558923,
          2.992254,
          0.312948
        ]
      ]
    },
    {
      "name": "Bone126",
      "parent": "Bone125",
      "initpos": [
        0.378559,
        -1.620395,
        0
      ],
      "initquaternion": [
        0,
        0,
        -0.460698,
        0.887556
      ],
      "initscale": [
        0.999999,
        0.999999,
        1
      ],
      "offmtx": [
        [
          -0.483776,
          0.875191,
          9.393216373609903e-7,
          -29.200483
        ],
        [
          -0.875191,
          -0.483776,
          -0.000001,
          18.54899
        ],
        [
          -6.821312013016723e-7,
          -0.000001,
          0.999999,
          -11.400143
        ]
      ],
      "boundingbox": [
        [
          0.001969,
          -0.741082,
          -0.349043
        ],
        [
          1.025683,
          0.77464,
          0.370946
        ]
      ]
    },
    {
      "name": "Bone127",
      "parent": "Bone125",
      "initpos": [
        -0.825896,
        -0.058029,
        -0.000002
      ],
      "initquaternion": [
        0,
        -2.5129446612481843e-7,
        0.74433,
        0.66781
      ],
      "initscale": [
        0.999999,
        0.999999,
        1
      ],
      "offmtx": [
        [
          0.000001,
          -0.999999,
          0,
          32.846199
        ],
        [
          1,
          0.000001,
          2.0326682204085955e-7,
          -3.136032
        ],
        [
          -2.0326683625171427e-7,
          0,
          0.999999,
          -11.400188
        ]
      ],
      "boundingbox": [
        [
          -0.011273,
          -0.76474,
          -0.106299
        ],
        [
          3.488729,
          0.73526,
          0.107005
        ]
      ]
    },
    {
      "name": "Bone128",
      "parent": "Bone127",
      "initpos": [
        3.443147,
        -0.000002,
        0.000001
      ],
      "initquaternion": [
        0,
        0,
        0,
        1
      ],
      "initscale": [
        1,
        1,
        1
      ],
      "offmtx": [
        [
          0.000001,
          -0.999999,
          0,
          29.403047
        ],
        [
          1,
          0.000001,
          0.000001,
          -3.136051
        ],
        [
          -0.000001,
          0,
          0.999999,
          -11.400183
        ]
      ],
      "boundingbox": [
        [
          0.045573,
          -2.26476,
          -0.106299
        ],
        [
          6.04558,
          2.235243,
          0.10701
        ]
      ]
    },
    {
      "name": "Bone129",
      "parent": "Bone128",
      "initpos": [
        6.088459,
        -2.384185791015625e-7,
        -9.5367431640625e-7
      ],
      "initquaternion": [
        0,
        0,
        0,
        1
      ],
      "initscale": [
        1,
        1,
        1
      ],
      "offmtx": [
        [
          7.819129450581386e-7,
          -0.999999,
          0,
          23.31459
        ],
        [
          1,
          7.819128882147197e-7,
          0.000001,
          -3.136027
        ],
        [
          -0.000001,
          0,
          0.999999,
          -11.400174
        ]
      ],
      "boundingbox": [
        [
          -0.237148,
          -2.241014,
          -0.106291
        ],
        [
          5.762862,
          2.235232,
          0.107017
        ]
      ]
    },
    {
      "name": "Bone130",
      "parent": "Bone129",
      "initpos": [
        5.747686,
        -0.000014,
        0.000001
      ],
      "initquaternion": [
        0,
        0,
        0,
        1
      ],
      "initscale": [
        1,
        1,
        1
      ],
      "offmtx": [
        [
          9.021165396916331e-7,
          -0.999999,
          0,
          17.566902
        ],
        [
          0.999999,
          9.021164828482142e-7,
          0.000001,
          -3.136011
        ],
        [
          -0.000001,
          0,
          0.999999,
          -11.400168
        ]
      ],
      "boundingbox": [
        [
          -0.040874,
          -2.229693,
          -0.106288
        ],
        [
          6.459136,
          2.27031,
          0.107022
        ]
      ]
    },
    {
      "name": "Bone131",
      "parent": "Bone130",
      "initpos": [
        6.428925,
        -0.00001,
        -0.000002
      ],
      "initquaternion": [
        0,
        0,
        0,
        1
      ],
      "initscale": [
        1,
        1,
        1
      ],
      "offmtx": [
        [
          8.142428669088986e-7,
          -0.999999,
          0,
          11.137977
        ],
        [
          1,
          8.142428100654797e-7,
          0.000001,
          -3.135997
        ],
        [
          -0.000001,
          0,
          0.999999,
          -11.400163
        ]
      ],
      "boundingbox": [
        [
          -0.019362,
          -2.230218,
          -0.106287
        ],
        [
          11.480648,
          2.2698,
          0.107027
        ]
      ]
    }
  ],
  "boundingbox": [
    [
      -10.123689,
      -0.342666,
      10.581885
    ],
    [
      10.12368,
      44.517253,
      12.240403
    ]
  ]
}
