{"skeleton":[{"name":"root","parent":"root","initpos":[0.0,0.0,-0.0],"initquaternion":[-1.1920928955078125e-07,-0.0,0.0,1.0],"initscale":[1.0,0.999999,0.999999],"offmtx":[[1.0,0.0,0.0,0.0],[0.0,1.0,0.0,0.0],[0.0,0.0,1.0,0.0]],"boundingbox":[[0.0,0.0,0.0],[0.0,0.0,0.0]]},{"name":"body","parent":"root","initpos":[0.0,0.0,-0.0],"initquaternion":[9.497071005171165e-07,9.497069299868599e-07,0.707106,0.707106],"initscale":[1.0,1.0,1.0],"offmtx":[[1.0,0.0,0.0,0.0],[0.0,1.0,0.0,0.0],[0.0,0.0,1.0,0.0]],"boundingbox":[[0.0,0.0,0.0],[0.0,0.0,0.0]]},{"name":"back_bianshen_001","parent":"body","initpos":[13.253767,0.023797,8.719453],"initquaternion":[0.0,0.0,0.0,1.0],"initscale":[1.0,1.0,1.0],"offmtx":[[1.0,0.0,0.0,0.0],[0.0,1.0,0.0,0.0],[0.0,0.0,1.0,0.0]],"boundingbox":[[0.0,0.0,0.0],[0.0,0.0,0.0]]},{"name":"back_bianshen_002","parent":"back_bianshen_001","initpos":[5.048435,-9.506999,0.109588],"initquaternion":[0.0,0.0,0.0,1.0],"initscale":[1.0,1.0,1.0],"offmtx":[[1.2208641919642105e-07,0.999999,0.0,-30.284858],[-0.999999,1.220863765638569e-07,-1.7881407643471903e-07,9.506997],[-1.7881409064557374e-07,0.0,0.999999,-9.106818]],"boundingbox":[[-0.019309,-2.252193,-2.427463],[3.226418,2.389095,2.213816]]},{"name":"back_bianshen_003","parent":"back_bianshen_001","initpos":[4.58324,-13.172489,-0.002216],"initquaternion":[0.0,0.0,0.0,1.0],"initscale":[1.0,1.0,1.0],"offmtx":[[4.012631507066544e-07,0.999999,0.0,-29.819667],[-1.0,4.01263122284945e-07,-1.192095169244567e-07,13.172478],[-1.192095311353114e-07,0.0,0.999999,-8.995013]],"boundingbox":[[-0.583684,-3.924905,-0.433636],[10.131084,2.560567,0.443618]]},{"name":"back_bianshen_004","parent":"back_bianshen_001","initpos":[5.048435,9.50688,0.109591],"initquaternion":[0.0,0.0,0.0,1.0],"initscale":[1.0,1.0,1.0],"offmtx":[[4.012631507066544e-07,0.999999,0.0,-30.284851],[-1.0,4.01263122284945e-07,-1.788141332781379e-07,-9.506891],[-1.788141474889926e-07,0.0,0.999999,-9.106825]],"boundingbox":[[-0.019307,-2.324102,-2.427466],[3.22642,2.317186,2.213813]]},{"name":"back_bianshen_005","parent":"back_bianshen_001","initpos":[-0.770221,4.128571,0.023166],"initquaternion":[0.0,-1.7915940020429844e-07,0.933467,0.358662],"initscale":[1.0,1.0,1.0],"offmtx":[[-0.669599,-0.742721,2.6648368134374323e-07,15.407093],[0.742722,-0.669599,-3.233737970731454e-07,19.448945],[4.1861432009682176e-07,-0.0,0.999999,-9.020399]],"boundingbox":[[-0.126442,-2.177589,-0.124788],[5.646344,2.744788,0.084]]},{"name":"back_bianshen_014","parent":"back_bianshen_005","initpos":[5.656537,0.0,-1e-06],"initquaternion":[2.384184938364342e-07,0.0,0.000867,0.999999],"initscale":[0.999999,0.999999,1.0],"offmtx":[[-0.66831,-0.743882,2.659223810042022e-07,9.784273],[0.743882,-0.66831,1.5300162203857326e-07,19.432003],[0.0,3.000675405928632e-07,0.999999,-9.020406]],"boundingbox":[[-0.020361,-2.20465,-0.124778],[5.758126,2.727703,0.084009]]},{"name":"back_bianshen_015","parent":"back_bianshen_014","initpos":[5.719488,2e-06,-0.0],"initquaternion":[2.1929183446900424e-07,-0.0,-0.001069,0.999999],"initscale":[0.999999,0.999999,1.0],"offmtx":[[-0.6699,-0.74245,2.6559442289908475e-07,4.0232],[0.74245,-0.6699,5.921540946474124e-07,19.440647],[-2.6172341449637315e-07,5.938751428402611e-07,0.999999,-9.020415]],"boundingbox":[[0.026926,-3.248364,-0.272518],[5.657725,2.742873,0.231718]]},{"name":"back_bianshen_016","parent":"back_bianshen_015","initpos":[4.690072,-9.5367431640625e-07,-9.5367431640625e-07],"initquaternion":[3.25618429997121e-07,0.0,0.001595,0.999998],"initscale":[0.999999,0.999999,1.0],"offmtx":[[-0.667527,-0.744584,2.6748301706902566e-07,-0.604817],[0.744584,-0.667527,1e-06,19.442668],[-7.466254601240507e-07,1e-06,0.999999,-9.020428]],"boundingbox":[[0.02219,-3.272805,-0.202649],[6.126749,2.713124,0.161844]]},{"name":"back_bianshen_017","parent":"back_bianshen_016","initpos":[6.039649,-2e-06,9.5367431640625e-07],"initquaternion":[0.0,0.0,0.0,1.0],"initscale":[1.0,1.0,1.0],"offmtx":[[-0.667527,-0.744584,3.124961835965223e-07,-6.644476],[0.744584,-0.667527,1e-06,19.442667],[-7.401272910101397e-07,1e-06,0.999999,-9.020428]],"boundingbox":[[0.061384,-3.87429,-0.177813],[6.033634,4.057416,0.136014]]},{"name":"back_bianshen_018","parent":"back_bianshen_017","initpos":[5.304334,0.0,-9.5367431640625e-07],"initquaternion":[0.0,0.0,0.0,1.0],"initscale":[1.0,1.0,1.0],"offmtx":[[-0.667527,-0.744584,3.124963541267789e-07,-11.94881],[0.744584,-0.667527,1e-06,19.442667],[-7.85615156928543e-07,1e-06,0.999999,-9.020427]],"boundingbox":[[-1.677719,-4.811826,-0.125294],[8.700162,4.031773,0.084019]]},{"name":"back_bianshen_006","parent":"back_bianshen_001","initpos":[3.691761,8.422848,0.023164],"initquaternion":[-0.0,-1.7956359954496293e-07,0.9073,0.420483],"initscale":[0.999999,0.999999,1.0],"offmtx":[[-0.763008,-0.646388,2.6511358441894117e-07,12.272125],[0.646388,-0.763008,-3.079342434375576e-07,27.516885],[4.0132908907253295e-07,-0.0,0.999999,-9.020393]],"boundingbox":[[-0.709887,-3.076395,-0.124784],[5.596359,3.529265,0.084004]]},{"name":"back_bianshen_019","parent":"back_bianshen_006","initpos":[5.579471,-3.6e-05,-9.5367431640625e-07],"initquaternion":[3.8593245221818506e-07,0.0,0.000752,0.999999],"initscale":[1.0,1.0,1.0],"offmtx":[[-0.762035,-0.647535,2.6464979896445584e-07,6.734061],[0.647535,-0.762034,4.635322454760171e-07,27.506813],[-0.0,5.245980219115154e-07,0.999999,-9.020414]],"boundingbox":[[-0.036171,-4.284322,-0.364357],[6.312487,3.48733,0.290242]]},{"name":"back_bianshen_020","parent":"back_bianshen_019","initpos":[6.3008,0.0,-9.5367431640625e-07],"initquaternion":[3.996454722710041e-07,-0.0,-0.001408,0.999998],"initscale":[0.999999,0.999999,1.0],"offmtx":[[-0.763855,-0.645387,2.6334330982535903e-07,0.355788],[0.645387,-0.763855,1e-06,27.507917],[-6.1433388509613e-07,1e-06,0.999999,-9.020433]],"boundingbox":[[-0.037777,-3.160496,-0.124789],[5.648311,3.426922,0.084006]]},{"name":"back_bianshen_021","parent":"back_bianshen_020","initpos":[5.672083,0.0,-1e-06],"initquaternion":[8.662756840749353e-07,0.0,0.000822,0.999999],"initscale":[0.999999,0.999999,1.0],"offmtx":[[-0.762792,-0.646643,2.654226420872874e-07,-5.271007],[0.646643,-0.762792,2e-06,27.516607],[-1e-06,2e-06,0.999999,-9.02048]],"boundingbox":[[-1.081254,-3.169713,-0.124797],[5.078577,3.209387,0.084009]]},{"name":"back_bianshen_022","parent":"back_bianshen_021","initpos":[5.105654,-1e-06,-9.5367431640625e-07],"initquaternion":[0.0,0.0,0.0,1.0],"initscale":[1.0,1.0,1.0],"offmtx":[[-0.762792,-0.646643,1.7799976603782852e-07,-10.376663],[0.646643,-0.762792,3e-06,27.516603],[-2e-06,2e-06,0.999999,-9.020499]],"boundingbox":[[-0.416376,-0.595054,-0.124805],[8.772684,3.397966,0.084001]]},{"name":"back_bianshen_023","parent":"back_bianshen_019","initpos":[4.575512,-4.064002,-0.01859],"initquaternion":[0.0,4.5612358690050314e-07,0.875892,-0.482505],"initscale":[1.0,1.0,1.0],"offmtx":[[-0.140113,0.990135,-0.0,-27.838598],[-0.990135,-0.140113,7.548213147856586e-07,-15.04622],[7.394752969958063e-07,1.6158891469331138e-07,0.999999,-9.001797]],"boundingbox":[[-0.562325,-1.527429,-0.284517],[4.509173,1.469413,0.280915]]},{"name":"back_bianshen_007","parent":"back_bianshen_001","initpos":[-0.770221,-4.085843,0.023167],"initquaternion":[0.0,2.8945532903890125e-07,0.933467,-0.358662],"initscale":[1.0,1.0,1.0],"offmtx":[[0.669599,-0.742721,3.874303899920051e-07,15.4357],[0.742721,0.669599,3.6222178323441767e-07,-19.417215],[-5.284534836391686e-07,0.0,0.999999,-9.020399]],"boundingbox":[[-0.097833,-2.713057,-0.124787],[5.674953,2.20932,0.084001]]},{"name":"back_bianshen_024","parent":"back_bianshen_007","initpos":[5.656538,-1e-06,-1e-06],"initquaternion":[-2.59272781022446e-07,0.0,-0.000867,0.999999],"initscale":[0.999999,0.999999,1.0],"offmtx":[[0.66831,-0.743882,3.8680144598401967e-07,9.812829],[0.743882,0.66831,-1.5565250066629233e-07,-19.400215],[-1.4271634540818923e-07,3.9175904475996504e-07,0.999999,-9.020407]],"boundingbox":[[0.00819,-2.695918,-0.124778],[5.78668,2.236437,0.08401]]},{"name":"back_bianshen_025","parent":"back_bianshen_024","initpos":[5.719489,9.5367431640625e-07,2e-06],"initquaternion":[-2.617582310904254e-07,-0.0,0.001069,0.999999],"initscale":[0.999999,0.999999,1.0],"offmtx":[[0.6699,-0.74245,3.864674908982124e-07,4.051822],[0.74245,0.6699,-6.799965035497735e-07,-19.408922],[2.4596911885055306e-07,7.424632144648058e-07,0.999999,-9.020419]],"boundingbox":[[0.055549,-2.711149,-0.272521],[5.686348,3.280088,0.231717]]},{"name":"back_bianshen_026","parent":"back_bianshen_025","initpos":[4.690069,0.0,-9.5367431640625e-07],"initquaternion":[-4.269530791134457e-07,0.0,-0.001595,0.999998],"initscale":[1.0,1.0,1.0],"offmtx":[[0.667527,-0.744585,3.886359536409145e-07,-0.576291],[0.744585,0.667527,-1e-06,-19.410854],[8.81775918060157e-07,1e-06,0.999999,-9.020434]],"boundingbox":[[0.050711,-2.681308,-0.20265],[6.155272,3.304622,0.161845]]},{"name":"back_bianshen_027","parent":"back_bianshen_026","initpos":[6.039651,4e-06,-9.5367431640625e-07],"initquaternion":[0.0,0.0,0.0,1.0],"initscale":[1.0,1.0,1.0],"offmtx":[[0.667527,-0.744584,3.8863504414621275e-07,-6.615953],[0.744584,0.667527,-1e-06,-19.410856],[5.267301617095654e-07,9.941675216396106e-07,0.999999,-9.020424]],"boundingbox":[[0.089907,-4.025599,-0.177813],[6.06216,3.90611,0.136014]]},{"name":"back_bianshen_028","parent":"back_bianshen_027","initpos":[5.304335,2e-06,-1e-06],"initquaternion":[0.0,0.0,0.0,1.0],"initscale":[1.0,1.0,1.0],"offmtx":[[0.667527,-0.744584,3.886350725679222e-07,-11.920289],[0.744584,0.667527,-1e-06,-19.410854],[8.075200526036497e-07,1e-06,0.999999,-9.020429]],"boundingbox":[[-1.649196,-3.999957,-0.125295],[8.728689,4.843645,0.084019]]},{"name":"back_bianshen_008","parent":"back_bianshen_001","initpos":[3.691761,-8.38012,0.023167],"initquaternion":[0.0,2.98001026521888e-07,0.9073,-0.420482],"initscale":[1.0,1.0,1.0],"offmtx":[[0.763008,-0.646388,3.874304184137145e-07,12.304731],[0.646388,0.763008,3.613282331116352e-07,-27.489269],[-5.291711318022863e-07,-0.0,0.999999,-9.020394]],"boundingbox":[[-0.677285,-3.50165,-0.124786],[5.628964,3.104012,0.084003]]},{"name":"back_bianshen_029","parent":"back_bianshen_008","initpos":[5.579471,3.8e-05,-3e-06],"initquaternion":[-4.211546809074207e-07,0.0,-0.000752,0.999999],"initscale":[1.0,1.0,1.0],"offmtx":[[0.762034,-0.647535,3.8688614267812227e-07,6.766617],[0.647535,0.762034,-4.803985120815923e-07,-27.479143],[0.0,6.1660324490731e-07,0.999999,-9.020414]],"boundingbox":[[-0.003609,-3.459665,-0.364357],[6.345047,4.311985,0.290243]]},{"name":"back_bianshen_030","parent":"back_bianshen_029","initpos":[6.300802,-1e-06,-1e-06],"initquaternion":[-4.0489115349373606e-07,-0.0,0.001408,0.999998],"initscale":[0.999999,0.999999,1.0],"offmtx":[[0.763855,-0.645387,3.855318198020541e-07,0.388427],[0.645387,0.763855,-1e-06,-27.480342],[5.388782824411464e-07,1e-06,0.999999,-9.020435]],"boundingbox":[[-0.005138,-3.399349,-0.12479],[5.680951,3.188069,0.084005]]},{"name":"back_bianshen_031","parent":"back_bianshen_030","initpos":[5.672082,0.0,-1e-06],"initquaternion":[-8.504663924213673e-07,0.0,-0.000822,0.999999],"initscale":[0.999999,0.999999,1.0],"offmtx":[[0.762792,-0.646643,3.8765620047342964e-07,-5.238422],[0.646643,0.762792,-2e-06,-27.488977],[1e-06,2e-06,0.999999,-9.020478]],"boundingbox":[[-1.048658,-3.18176,-0.124796],[5.111169,3.197339,0.084011]]},{"name":"back_bianshen_032","parent":"back_bianshen_031","initpos":[5.105657,1e-06,-0.0],"initquaternion":[0.0,0.0,0.0,1.0],"initscale":[1.0,1.0,1.0],"offmtx":[[0.762792,-0.646643,3.876560015214636e-07,-10.34408],[0.646643,0.762792,-3e-06,-27.488981],[2e-06,2e-06,0.999999,-9.020493]],"boundingbox":[[-0.383783,-3.370342,-0.124805],[8.805274,0.62268,0.084002]]},{"name":"back_bianshen_033","parent":"back_bianshen_029","initpos":[4.595636,4.081098,-0.01859],"initquaternion":[1.5788181428888493e-07,-5.45178579614003e-07,0.875892,0.482505],"initscale":[0.999999,0.999999,1.0],"offmtx":[[0.140113,0.990135,1.8987998373631854e-07,-27.836322],[-0.990135,0.140113,-8.729765568205039e-07,15.030053],[-8.909697726267041e-07,-0.0,0.999999,-9.001787]],"boundingbox":[[-0.560038,-1.485576,-0.284516],[4.511459,1.511264,0.280917]]},{"name":"back_bianshen_009","parent":"back_bianshen_001","initpos":[15.938652,-10.912732,-0.002215],"initquaternion":[-0.0,-0.0,0.369831,0.929098],"initscale":[0.999999,0.999999,1.0],"offmtx":[[-0.687219,0.726449,-0.0,-22.412158],[-0.726449,-0.687219,-0.0,36.223876],[-0.0,-0.0,0.999999,-8.995012]],"boundingbox":[[-2.240917,-2.331752,-0.433634],[11.386871,1.997892,0.443618]]},{"name":"back_bianshen_010","parent":"back_bianshen_001","initpos":[-1.344704,-2.212374,-0.002218],"initquaternion":[-0.0,0.0,-0.51227,0.858824],"initscale":[0.999999,0.999999,1.0],"offmtx":[[0.8799,0.475157,-1.0797258198635973e-07,-13.299005],[-0.475157,0.8799,-2.3576154717375175e-07,-19.971107],[-0.0,2.5875073106362834e-07,0.999999,-8.995021]],"boundingbox":[[-0.137483,-2.458404,-0.433634],[10.95829,2.565403,0.443618]]},{"name":"back_bianshen_011","parent":"back_bianshen_001","initpos":[4.583242,13.185799,-0.00222],"initquaternion":[0.0,0.0,0.0,1.0],"initscale":[1.0,1.0,1.0],"offmtx":[[4.012631507066544e-07,0.999999,0.0,-29.819656],[-1.0,4.01263122284945e-07,-1.0331627464665871e-07,-13.185811],[-1.0331628175208607e-07,0.0,0.999999,-8.995015]],"boundingbox":[[-0.583682,-2.509,-0.433635],[10.131087,3.976477,0.443618]]},{"name":"back_bianshen_012","parent":"back_bianshen_001","initpos":[15.938648,10.926041,-0.002222],"initquaternion":[0.0,0.0,-0.369831,0.929098],"initscale":[0.999999,0.999999,1.0],"offmtx":[[0.68722,0.726449,-1.1539547273287099e-07,-22.402996],[-0.726449,0.68722,-0.0,-36.233554],[0.0,0.0,0.999999,-8.995013]],"boundingbox":[[-2.276346,-1.960431,-0.433629],[11.351441,2.369206,0.443624]]},{"name":"back_bianshen_013","parent":"back_bianshen_001","initpos":[-1.344705,2.225681,-0.002218],"initquaternion":[-1.1752812412169078e-07,-1.2099987145575142e-07,0.51227,0.858824],"initscale":[0.999999,0.999999,1.0],"offmtx":[[-0.8799,0.475157,1.1231137619915899e-07,-13.3107],[-0.475157,-0.8799,-2.1304038000380388e-07,19.964788],[-0.0,-2.408199861747562e-07,0.999999,-8.99501]],"boundingbox":[[-0.092107,-2.540904,-0.433637],[11.003658,2.482901,0.443614]]}],"boundingbox":[[-31.118915,-3.712609,6.679352],[31.118915,50.143623,11.320632]]}