{
  "skeleton": [
    {
      "name": "root",
      "parent": "root",
      "initpos": [
        0,
        0,
        0
      ],
      "initquaternion": [
        0.707106,
        0,
        0,
        0.707106
      ],
      "initscale": [
        1,
        0.999999,
        0.999999
      ],
      "offmtx": [
        [
          1,
          0,
          0,
          0
        ],
        [
          0,
          1,
          0,
          0
        ],
        [
          0,
          0,
          1,
          0
        ]
      ],
      "boundingbox": [
        [
          0,
          0,
          0
        ],
        [
          0,
          0,
          0
        ]
      ]
    },
    {
      "name": "Bone002",
      "parent": "root",
      "initpos": [
        6.155165,
        -0.00234,
        -24.435821
      ],
      "initquaternion": [
        0.501131,
        0.501176,
        0.498817,
        -0.498869
      ],
      "initscale": [
        1,
        0.999999,
        0.999999
      ],
      "offmtx": [
        [
          1,
          0,
          0,
          0
        ],
        [
          0,
          1,
          0,
          0
        ],
        [
          0,
          0,
          1,
          0
        ]
      ],
      "boundingbox": [
        [
          0,
          0,
          0
        ],
        [
          0,
          0,
          0
        ]
      ]
    },
    {
      "name": "Bone057",
      "parent": "Bone002",
      "initpos": [
        4.268634,
        -0.044029,
        0.000005
      ],
      "initquaternion": [
        0,
        0,
        0,
        1
      ],
      "initscale": [
        1,
        1,
        1
      ],
      "offmtx": [
        [
          0.000006,
          -0.999989,
          0.004622,
          20.166906
        ],
        [
          1,
          0.000006,
          0.000065,
          -6.111307
        ],
        [
          -0.000065,
          0.004622,
          0.999989,
          -0.11021
        ]
      ],
      "boundingbox": [
        [
          1.0861,
          -2.211365,
          -2.424188
        ],
        [
          7.106246,
          3.418342,
          2.345695
        ]
      ]
    },
    {
      "name": "Bone058",
      "parent": "Bone057",
      "initpos": [
        4.748773,
        1.996087,
        2.538963
      ],
      "initquaternion": [
        0.030085,
        -0.117853,
        0.971726,
        0.202367
      ],
      "initscale": [
        1,
        1,
        0.999999
      ],
      "offmtx": [
        [
          0.386187,
          0.916768,
          0.101959,
          -17.539733
        ],
        [
          -0.890304,
          0.39937,
          -0.218773,
          1.619493
        ],
        [
          -0.241283,
          -0.006287,
          0.970434,
          -0.449048
        ]
      ],
      "boundingbox": [
        [
          -0.043578,
          -0.882769,
          -0.326251
        ],
        [
          5.722115,
          0.921144,
          0.215518
        ]
      ]
    },
    {
      "name": "Bone059",
      "parent": "Bone057",
      "initpos": [
        4.233524,
        2.946761,
        2.985303
      ],
      "initquaternion": [
        0.082557,
        -0.227943,
        0.845045,
        0.476575
      ],
      "initscale": [
        0.999999,
        1,
        1
      ],
      "offmtx": [
        [
          0.767791,
          0.533769,
          0.354382,
          -16.537889
        ],
        [
          -0.44182,
          0.841663,
          -0.310479,
          -8.482189
        ],
        [
          -0.463995,
          0.08181,
          0.882051,
          0.23214
        ]
      ],
      "boundingbox": [
        [
          -0.054478,
          -0.806449,
          -0.20253
        ],
        [
          2.732051,
          0.723142,
          0.086526
        ]
      ]
    },
    {
      "name": "Bone060",
      "parent": "Bone057",
      "initpos": [
        4.96633,
        3.026939,
        2.828673
      ],
      "initquaternion": [
        0.072696,
        -0.107676,
        0.790366,
        0.5987
      ],
      "initscale": [
        0.999999,
        0.999999,
        0.999999
      ],
      "offmtx": [
        [
          0.930711,
          0.273677,
          0.242645,
          -13.36474
        ],
        [
          -0.259929,
          0.961643,
          -0.087624,
          -12.003876
        ],
        [
          -0.257319,
          0.018482,
          0.966149,
          -0.701885
        ]
      ],
      "boundingbox": [
        [
          -0.035067,
          -0.862646,
          -0.276177
        ],
        [
          2.226133,
          0.893798,
          0.086208
        ]
      ]
    },
    {
      "name": "Bone061",
      "parent": "Bone057",
      "initpos": [
        5.026037,
        3.06708,
        -2.782452
      ],
      "initquaternion": [
        -0.081903,
        0.105051,
        0.78664,
        0.60287
      ],
      "initscale": [
        0.999999,
        0.999999,
        0.999999
      ],
      "offmtx": [
        [
          0.931291,
          0.2585,
          -0.256656,
          -13.16218
        ],
        [
          -0.251033,
          0.965988,
          0.06204,
          -12.139678
        ],
        [
          0.263964,
          0.006651,
          0.964509,
          0.120867
        ]
      ],
      "boundingbox": [
        [
          -0.028117,
          -0.778303,
          -0.20821
        ],
        [
          2.252346,
          0.995288,
          0.163135
        ]
      ]
    },
    {
      "name": "Bone062",
      "parent": "Bone057",
      "initpos": [
        4.261801,
        2.997779,
        -2.983227
      ],
      "initquaternion": [
        -0.073665,
        0.24167,
        0.855184,
        0.452579
      ],
      "initscale": [
        1,
        1,
        1
      ],
      "offmtx": [
        [
          0.738492,
          0.577895,
          -0.34737,
          -16.934118
        ],
        [
          -0.473561,
          0.811274,
          0.342889,
          -7.568663
        ],
        [
          0.479966,
          -0.088719,
          0.872788,
          -0.391045
        ]
      ],
      "boundingbox": [
        [
          -0.040959,
          -0.833932,
          -0.169998
        ],
        [
          2.731995,
          0.743285,
          0.125782
        ]
      ]
    },
    {
      "name": "Bone063",
      "parent": "Bone057",
      "initpos": [
        4.740625,
        1.969038,
        -2.624184
      ],
      "initquaternion": [
        -0.033742,
        0.098467,
        0.97306,
        0.205717
      ],
      "initscale": [
        0.999999,
        0.999999,
        0.999999
      ],
      "offmtx": [
        [
          0.393707,
          0.912585,
          -0.110373,
          -17.533702
        ],
        [
          -0.895983,
          0.407807,
          0.175802,
          1.408133
        ],
        [
          0.205445,
          0.029677,
          0.978218,
          0.410863
        ]
      ],
      "boundingbox": [
        [
          -0.013375,
          -0.863746,
          -0.201372
        ],
        [
          5.745096,
          0.912444,
          0.377807
        ]
      ]
    },
    {
      "name": "Bone064",
      "parent": "Bone057",
      "initpos": [
        4.101894,
        3.17493,
        0.000013
      ],
      "initquaternion": [
        0.000001,
        -0.000001,
        0.707106,
        0.707106
      ],
      "initscale": [
        0.999999,
        0.999999,
        1
      ],
      "offmtx": [
        [
          1,
          0.000007,
          0.000071,
          -9.286234
        ],
        [
          -0.000006,
          0.999989,
          -0.004622,
          -16.065004
        ],
        [
          -0.000071,
          0.004622,
          0.999989,
          -0.110176
        ]
      ],
      "boundingbox": [
        [
          -0.010925,
          -2.289639,
          -2.158437
        ],
        [
          1.239379,
          1.952969,
          2.084249
        ]
      ]
    },
    {
      "name": "Bone065",
      "parent": "Bone064",
      "initpos": [
        -0.100539,
        -0.556106,
        1.477564
      ],
      "initquaternion": [
        -0.000001,
        0.000002,
        -0.707106,
        0.707106
      ],
      "initscale": [
        1,
        1,
        1
      ],
      "offmtx": [
        [
          0.000006,
          -0.999989,
          0.004622,
          15.508904
        ],
        [
          1,
          0.000006,
          0.000065,
          -9.18568
        ],
        [
          -0.000065,
          0.004622,
          0.999989,
          -1.587794
        ]
      ],
      "boundingbox": [
        [
          -0.065007,
          -1.243284,
          -0.48932
        ],
        [
          5.18841,
          0.506799,
          0.285002
        ]
      ]
    },
    {
      "name": "Bone066",
      "parent": "Bone064",
      "initpos": [
        -0.12496,
        -1.814823,
        0
      ],
      "initquaternion": [
        0,
        2.837846864167659e-7,
        -0.707106,
        0.707106
      ],
      "initscale": [
        1,
        1,
        1
      ],
      "offmtx": [
        [
          0.000006,
          -0.999989,
          0.004622,
          14.250185
        ],
        [
          1,
          0.000006,
          0.00007,
          -9.161271
        ],
        [
          -0.00007,
          0.004622,
          0.999989,
          -0.110185
        ]
      ],
      "boundingbox": [
        [
          -0.065548,
          -1.724942,
          -0.44141
        ],
        [
          4.687883,
          1.275143,
          0.330712
        ]
      ]
    },
    {
      "name": "Bone067",
      "parent": "Bone064",
      "initpos": [
        -0.100536,
        -0.541337,
        -1.426557
      ],
      "initquaternion": [
        -0.000001,
        0.000002,
        -0.707106,
        0.707106
      ],
      "initscale": [
        1,
        1,
        1
      ],
      "offmtx": [
        [
          0.000006,
          -0.999989,
          0.004622,
          15.523674
        ],
        [
          1,
          0.000006,
          0.000065,
          -9.185699
        ],
        [
          -0.000065,
          0.004622,
          0.999989,
          1.316327
        ]
      ],
      "boundingbox": [
        [
          -0.06342,
          -1.243488,
          -0.437301
        ],
        [
          5.189996,
          0.506594,
          0.337021
        ]
      ]
    },
    {
      "name": "Bone068",
      "parent": "Bone002",
      "initpos": [
        2.378423,
        -0.763758,
        0.000003
      ],
      "initquaternion": [
        0.213746,
        0.976889,
        7.821333838364808e-7,
        1.2489542200455617e-7
      ],
      "initscale": [
        0.999999,
        0.999999,
        0.999999
      ],
      "offmtx": [
        [
          1,
          0,
          0,
          0
        ],
        [
          0,
          1,
          0,
          0
        ],
        [
          0,
          0,
          1,
          0
        ]
      ],
      "boundingbox": [
        [
          0,
          0,
          0
        ],
        [
          0,
          0,
          0
        ]
      ]
    },
    {
      "name": "Bone069",
      "parent": "Bone068",
      "initpos": [
        0.715471,
        -0.625707,
        3.540891
      ],
      "initquaternion": [
        0.841906,
        0.539623,
        0,
        -2.2456730164321925e-7
      ],
      "initscale": [
        0.999999,
        0.999999,
        0.999999
      ],
      "offmtx": [
        [
          1,
          0.000006,
          0.000071,
          -5.121828
        ],
        [
          -0.000006,
          0.999989,
          -0.004622,
          -22.968503
        ],
        [
          -0.000071,
          0.004622,
          0.999989,
          3.430717
        ]
      ],
      "boundingbox": [
        [
          0.018591,
          -1.376932,
          -0.593899
        ],
        [
          3.89368,
          1.628256,
          0.545171
        ]
      ]
    },
    {
      "name": "Bone070",
      "parent": "Bone069",
      "initpos": [
        1.643644,
        0.339292,
        0.407362
      ],
      "initquaternion": [
        -0.000076,
        -0.000192,
        0.368767,
        0.929521
      ],
      "initscale": [
        0.999999,
        0.999999,
        0.999999
      ],
      "offmtx": [
        [
          0.728017,
          0.685553,
          -0.002814,
          -20.903253
        ],
        [
          -0.685558,
          0.728008,
          -0.003698,
          -12.331345
        ],
        [
          -0.000486,
          0.004622,
          0.999989,
          3.02616
        ]
      ],
      "boundingbox": [
        [
          0.080357,
          -0.9956,
          -0.251401
        ],
        [
          4.91624,
          1.376241,
          0.240909
        ]
      ]
    },
    {
      "name": "Bone071",
      "parent": "Bone068",
      "initpos": [
        0.715465,
        -0.625699,
        -3.607145
      ],
      "initquaternion": [
        0.841906,
        0.539623,
        0,
        -2.2456730164321925e-7
      ],
      "initscale": [
        0.999999,
        0.999999,
        0.999999
      ],
      "offmtx": [
        [
          1,
          0.000006,
          0.000071,
          -5.12183
        ],
        [
          -0.000006,
          0.999989,
          -0.004622,
          -22.968505
        ],
        [
          -0.000071,
          0.004622,
          0.999989,
          -3.717319
        ]
      ],
      "boundingbox": [
        [
          0.019102,
          -1.409985,
          -0.591325
        ],
        [
          3.894149,
          1.595201,
          0.547746
        ]
      ]
    },
    {
      "name": "Bone072",
      "parent": "Bone071",
      "initpos": [
        1.643642,
        0.339294,
        -0.42233
      ],
      "initquaternion": [
        0.001148,
        0.002894,
        0.368765,
        0.929517
      ],
      "initscale": [
        0.999999,
        0.999999,
        0.999999
      ],
      "offmtx": [
        [
          0.728003,
          0.68553,
          -0.007651,
          -20.889133
        ],
        [
          -0.685545,
          0.728029,
          0.000855,
          -12.344651
        ],
        [
          0.006156,
          0.004622,
          0.99997,
          -3.337066
        ]
      ],
      "boundingbox": [
        [
          0.061369,
          -1.016471,
          -0.253972
        ],
        [
          4.898309,
          1.354014,
          0.25159
        ]
      ]
    },
    {
      "name": "Bone073",
      "parent": "Bone068",
      "initpos": [
        0.377822,
        1.323458,
        0.000005
      ],
      "initquaternion": [
        0.480763,
        0.87685,
        3.179814029863337e-7,
        -1.749614426671542e-7
      ],
      "initscale": [
        0.999999,
        0.999999,
        0.999999
      ],
      "offmtx": [
        [
          0.541515,
          -0.840681,
          0.003924,
          14.711036
        ],
        [
          0.84069,
          0.54151,
          -0.002442,
          -17.507026
        ],
        [
          -0.000071,
          0.004622,
          0.999989,
          -0.110172
        ]
      ],
      "boundingbox": [
        [
          -0.000814,
          -2.096573,
          -2.278866
        ],
        [
          2.215275,
          1.936135,
          2.237779
        ]
      ]
    },
    {
      "name": "Bone074",
      "parent": "Bone068",
      "initpos": [
        1.767004,
        0.691234,
        0.000005
      ],
      "initquaternion": [
        0.844847,
        0.535007,
        0,
        -2.919699113590468e-7
      ],
      "initscale": [
        0.999999,
        0.999999,
        0.999999
      ],
      "offmtx": [
        [
          0.99994,
          0.010952,
          0.000021,
          -7.013007
        ],
        [
          -0.010952,
          0.999929,
          -0.004622,
          -23.298625
        ],
        [
          -0.000071,
          0.004622,
          0.999989,
          -0.11017
        ]
      ],
      "boundingbox": [
        [
          -1.190551,
          -1.822974,
          -3.348568
        ],
        [
          6.831216,
          4.831379,
          3.35648
        ]
      ]
    },
    {
      "name": "Bone075",
      "parent": "Bone074",
      "initpos": [
        4.051158,
        0.000001,
        -1.043081283569336e-7
      ],
      "initquaternion": [
        0,
        0,
        -0.222427,
        0.974949
      ],
      "initscale": [
        0.999999,
        0.999999,
        1
      ],
      "offmtx": [
        [
          0.905748,
          -0.423811,
          0.002024,
          0.135458
        ],
        [
          0.423816,
          0.905738,
          -0.004156,
          -25.791919
        ],
        [
          -0.000071,
          0.004622,
          0.999989,
          -0.11017
        ]
      ],
      "boundingbox": [
        [
          -1.671394,
          -2.141875,
          -3.805249
        ],
        [
          8.474484,
          4.810416,
          3.796225
        ]
      ]
    },
    {
      "name": "Bone076",
      "parent": "Bone068",
      "initpos": [
        2.521747,
        -1.172849,
        0.000003
      ],
      "initquaternion": [
        0.973702,
        0.227821,
        0,
        -3.0566141617782705e-7
      ],
      "initscale": [
        0.999999,
        0.999999,
        0.999999
      ],
      "offmtx": [
        [
          0.77738,
          0.629024,
          -0.002851,
          -19.805442
        ],
        [
          -0.62903,
          0.777371,
          -0.003638,
          -15.925317
        ],
        [
          -0.000071,
          0.004622,
          0.999989,
          -0.110167
        ]
      ],
      "boundingbox": [
        [
          0.002479,
          -2.860423,
          -2.478669
        ],
        [
          4.508064,
          1.899033,
          2.514285
        ]
      ]
    },
    {
      "name": "Bone077",
      "parent": "Bone076",
      "initpos": [
        3.930765,
        -9.5367431640625e-7,
        0
      ],
      "initquaternion": [
        0,
        0,
        -0.137785,
        0.990462
      ],
      "initscale": [
        1,
        1,
        1
      ],
      "offmtx": [
        [
          0.919553,
          0.392961,
          -0.00175,
          -18.488239
        ],
        [
          -0.392965,
          0.919543,
          -0.004278,
          -21.799278
        ],
        [
          -0.000071,
          0.004622,
          0.999989,
          -0.110167
        ]
      ],
      "boundingbox": [
        [
          -0.184681,
          -2.769513,
          -2.418292
        ],
        [
          11.177424,
          3.145694,
          2.464881
        ]
      ]
    }
  ],
  "boundingbox": [
    [
      3.899999,
      9.564206,
      -4.286707
    ],
    [
      20.048572,
      34.232608,
      4.287319
    ]
  ]
}
