{"skeleton":[{"name":"root","parent":"root","initpos":[0.0,0.0,-0.0],"initquaternion":[0.707106,0.0,0.0,0.707106],"initscale":[1.0,0.999999,0.999999],"offmtx":[[1.0,0.0,0.0,0.0],[0.0,1.0,0.0,0.0],[0.0,0.0,1.0,0.0]],"boundingbox":[[0.0,0.0,0.0],[0.0,0.0,0.0]]},{"name":"Bone001","parent":"root","initpos":[-0.070846,-5.364088337955764e-07,-12.197314],"initquaternion":[-0.499999,0.5,0.499999,0.5],"initscale":[1.0,0.999999,0.999999],"offmtx":[[1.0,0.0,0.0,0.0],[0.0,1.0,0.0,0.0],[0.0,0.0,1.0,0.0]],"boundingbox":[[0.0,0.0,0.0],[0.0,0.0,0.0]]},{"name":"Bone014","parent":"Bone001","initpos":[11.044974,3.941792,-2.466978],"initquaternion":[0.695904,-0.033797,0.325883,0.639042],"initscale":[0.999999,1.0,1.0],"offmtx":[[-0.369466,0.785314,0.496764,-18.509552],[0.180968,-0.463546,0.867395,13.639873],[0.911451,0.410372,0.029147,-5.80875]],"boundingbox":[[0.158823,-1.906785,-2.606036],[19.562005,3.266757,2.361668]]},{"name":"Bone026","parent":"Bone014","initpos":[3.554195,4.211434,0.131388],"initquaternion":[-0.131331,-0.057518,0.176758,0.973755],"initscale":[1.0,0.999999,0.999999],"offmtx":[[-0.219121,0.591388,0.776044,-17.540575],[0.033365,-0.790367,0.611724,17.416006],[0.975126,0.159935,0.153454,0.019786]],"boundingbox":[[-0.837659,-2.153954,-1.770201],[10.930611,3.464198,2.879451]]},{"name":"Bone013","parent":"Bone001","initpos":[11.085255,-3.924378,-2.152412],"initquaternion":[0.648491,-0.332996,0.070578,0.680874],"initscale":[1.0,0.999999,0.999999],"offmtx":[[0.335783,0.768263,0.544995,-18.008045],[-0.148951,-0.528001,0.836078,14.666807],[0.930087,-0.361919,-0.062859,4.706991]],"boundingbox":[[-0.030665,-3.224088,-2.320648],[19.301574,2.432158,2.974964]]},{"name":"Bone027","parent":"Bone013","initpos":[3.620285,3.739894,-0.126935],"initquaternion":[0.001902,-0.048311,0.217107,0.974949],"initscale":[0.999999,1.0,0.999999],"offmtx":[[0.327916,0.434433,0.838891,-14.405289],[-0.29318,-0.797348,0.527521,18.973329],[0.898062,-0.418929,-0.134096,6.561143]],"boundingbox":[[-0.747835,-2.240018,-2.725063],[10.697051,2.83806,1.703129]]}],"boundingbox":[[-11.630299,21.674098,-3.6118],[11.630299,39.696895,11.722296]]}