{"skeleton":[{"name":"root","parent":"root","initpos":[0.0,0.0,-0.0],"initquaternion":[0.707106,0.0,0.0,0.707106],"initscale":[1.0,0.999999,0.999999],"offmtx":[[1.0,0.0,0.0,0.0],[0.0,1.0,0.0,0.0],[0.0,0.0,1.0,0.0]],"boundingbox":[[0.0,0.0,0.0],[0.0,0.0,0.0]]},{"name":"head","parent":"root","initpos":[0.0,0.0,-0.0],"initquaternion":[-0.499999,0.5,0.499999,0.5],"initscale":[1.0,0.999999,0.999999],"offmtx":[[4.6708552758900623e-07,0.999999,0.0,0.0],[-1.0,4.6708555601071566e-07,1e-06,0.0],[1e-06,-0.0,0.999999,0.0]],"boundingbox":[[-0.138077,-5.221296,-4.6602],[10.257583,5.420338,5.776618]]},{"name":"head_001","parent":"head","initpos":[0.683441,-3.347467,3.74347],"initquaternion":[0.001969,0.707104,0.707103,-0.001969],"initscale":[0.999999,0.999999,0.999999],"offmtx":[[-2.9559237191278953e-07,-0.999984,0.00557,0.662579],[-3.5642020179693645e-07,0.00557,0.999984,-3.747215],[-1.0,2.936021701316349e-07,-3.5806141340799513e-07,3.347472]],"boundingbox":[[-0.126712,-0.20391,-0.415744],[3.885609,0.348017,0.534257]]},{"name":"head_015","parent":"head_001","initpos":[3.932081,4.4e-05,2.384185791015625e-07],"initquaternion":[0.006556,-0.117753,0.055203,0.991485],"initscale":[0.999999,0.999999,0.999999],"offmtx":[[-0.234225,-0.965556,0.113304,-2.77926],[-3.0733630751456076e-07,0.116546,0.993184,-3.361142],[-0.972182,0.232629,-0.027298,4.112855]],"boundingbox":[[-0.144393,-0.222522,-0.511149],[2.299491,0.370945,0.511211]]},{"name":"head_016","parent":"head_015","initpos":[2.348951,-3e-06,-0.0],"initquaternion":[-0.0,0.0,0.102292,0.994754],"initscale":[0.999999,0.999999,1.0],"offmtx":[[-0.229323,-0.921631,0.313059,-5.704927],[0.047667,0.31061,0.94934,-2.247142],[-0.972182,0.232629,-0.027298,4.112856]],"boundingbox":[[-0.084155,-0.087504,-0.448616],[1.147494,0.168219,0.54203]]},{"name":"head_002","parent":"head","initpos":[0.809867,-3.547908,3.478381],"initquaternion":[0.077066,0.687381,0.702466,-0.167656],"initscale":[1.0,0.999999,0.999999],"offmtx":[[0.129599,-0.931903,0.33876,-0.883423],[-0.001201,0.341494,0.939883,-3.54157],[-0.991565,-0.122215,0.043137,3.466917]],"boundingbox":[[0.115655,-0.434411,-0.581775],[3.017127,0.568193,0.5722]]},{"name":"head_017","parent":"head_002","initpos":[3.078559,2.384185791015625e-07,-0.0],"initquaternion":[0.007334,-0.06298,0.105801,0.992363],"initscale":[0.999999,0.999999,0.999999],"offmtx":[[-6.6e-05,-0.847719,0.530443,-4.143521],[-0.029728,0.530211,0.847344,-2.622009],[-0.999557,-0.015713,-0.025236,4.026894]],"boundingbox":[[-0.194986,-0.419032,-0.531537],[2.112303,0.53039,0.545459]]},{"name":"head_018","parent":"head_017","initpos":[2.080967,2e-06,-0.0],"initquaternion":[-0.06543,0.107874,0.267556,0.955246],"initscale":[0.999999,0.999999,0.999999],"offmtx":[[0.226167,-0.439291,0.869408,-7.462615],[0.042067,0.896107,0.441838,0.774514],[-0.973179,-0.063356,0.221149,2.354687]],"boundingbox":[[-0.060795,-0.228639,-0.557371],[1.375517,0.274317,0.219129]]},{"name":"head_003","parent":"head","initpos":[1.159408,0.094624,3.264041],"initquaternion":[-0.000439,0.707107,0.707106,0.000439],"initscale":[0.999999,1.0,0.999999],"offmtx":[[0.0,-0.999999,-0.001242,1.163463],[-2.706574662170169e-07,-0.001242,0.999999,-3.262598],[-1.0,-0.0,-2.7068506369687384e-07,-0.09462]],"boundingbox":[[-1.440091,-0.846964,-2.975585],[3.462016,0.959121,3.824414]]},{"name":"head_019","parent":"head_003","initpos":[3.380152,0.0,-0.0],"initquaternion":[0.0,0.0,0.000724,0.999999],"initscale":[0.999999,0.999999,1.0],"offmtx":[[0.0,-1.0,0.000206,-2.22141],[-2.7065672725257173e-07,0.000206,1.0,-3.259384],[-1.0,-0.0,-2.7065235030931944e-07,-0.09462]],"boundingbox":[[-0.319351,-0.841614,-2.975585],[3.081021,0.959004,3.824415]]},{"name":"head_020","parent":"head_019","initpos":[3.185115,1e-06,-0.0],"initquaternion":[0.0,0.0,0.164402,0.986393],"initscale":[0.999999,0.999999,1.0],"offmtx":[[-0.0,-0.945876,0.324525,-6.171389],[-2.628216861921828e-07,0.324525,0.945876,-1.329694],[-1.0,-0.0,-2.7514408884599106e-07,-0.09462]],"boundingbox":[[-1.303851,-1.119217,-2.526415],[2.564999,1.370356,4.019117]]},{"name":"head_004","parent":"head","initpos":[0.948786,0.726325,4.006217],"initquaternion":[0.260323,0.656572,0.697343,-0.121889],"initscale":[0.999999,0.999999,0.999999],"offmtx":[[-0.171843,-0.834749,0.523128,-1.428581],[0.108112,0.51184,0.85225,-3.821407],[-0.979173,0.20301,0.00229,-0.912984]],"boundingbox":[[0.040318,-0.024712,-0.502708],[3.155219,0.232088,0.488011]]},{"name":"head_021","parent":"head_004","initpos":[3.12116,1e-06,-3.5762786865234375e-07],"initquaternion":[-1.237736881876117e-07,2.1037446629179613e-07,0.250802,0.968038],"initscale":[0.999999,0.999999,1.0],"offmtx":[[-0.097727,-0.481198,0.871146,-5.832938],[0.177954,0.85278,0.491016,-1.131426],[-0.979173,0.20301,0.002291,-0.912987]],"boundingbox":[[0.024154,-0.039855,-0.069279],[0.971062,0.196223,0.558386]]},{"name":"head_005","parent":"head","initpos":[0.775617,3.750853,3.438243],"initquaternion":[-0.080661,-0.679875,0.708134,0.172651],"initscale":[0.999999,0.999999,0.999999],"offmtx":[[-0.3542,-0.92737,0.120526,-1.023671],[0.015919,-0.134842,-0.990739,3.570703],[0.935034,-0.349001,0.062524,3.562891]],"boundingbox":[[-0.031669,-0.58217,-0.558892],[3.370947,0.452573,0.522523]]},{"name":"head_006","parent":"head","initpos":[0.655076,3.100327,3.518256],"initquaternion":[-0.049305,-0.692908,0.705386,0.140986],"initscale":[1.0,1.0,1.0],"offmtx":[[-0.267227,-0.955383,0.125822,-0.645319],[4.4330954551696777e-07,-0.13057,-0.991438,3.573675],[0.963633,-0.264939,0.034892,3.038369]],"boundingbox":[[0.010331,-0.593621,-0.570373],[3.413582,0.424966,0.506789]]},{"name":"head_022","parent":"head_006","initpos":[3.385248,0.0,-2.384185791015625e-07],"initquaternion":[-0.0,0.0,-0.002113,0.999997],"initscale":[0.999999,0.999999,1.0],"offmtx":[[-0.267225,-0.954823,0.130011,-4.045633],[-0.001128,-0.134607,-0.990898,3.55661],[0.963633,-0.264939,0.034892,3.03837]],"boundingbox":[[0.02335,-0.593025,-0.572711],[0.830753,0.428568,0.496843]]},{"name":"head_007","parent":"head","initpos":[8.482113,2.485693,2.9411],"initquaternion":[0.378761,-0.597108,0.597109,0.378762],"initscale":[1.0,0.999999,0.999999],"offmtx":[[-3.094800433700584e-07,-0.426156,0.904649,0.954045],[4.521616574493237e-07,-0.904649,-0.426156,8.926708],[1.0,2.771607512386254e-07,4.726626343654061e-07,2.485688]],"boundingbox":[[1.158143,-0.555738,-0.477684],[3.061646,0.351679,0.472316]]},{"name":"head_023","parent":"head_007","initpos":[2.696849,0.212518,-2.384185791015625e-07],"initquaternion":[3.165760062984191e-07,1.1604510063989437e-07,-0.420543,0.907272],"initscale":[1.0,1.0,1.0],"offmtx":[[-1e-06,0.414914,0.90986,-7.776111],[5.329001169229741e-07,-0.90986,0.414914,4.301933],[1.0,9.088627734854526e-07,7.086708251335949e-07,2.485682]],"boundingbox":[[0.116467,-0.389817,-0.377683],[1.540203,0.358948,0.372317]]},{"name":"head_008","parent":"head","initpos":[8.066844,-2.275522,3.583724],"initquaternion":[0.396168,0.585705,0.585704,-0.396167],"initscale":[0.999999,0.999999,0.999999],"offmtx":[[-4.6680742116222973e-07,-0.372203,0.928151,-0.323724],[-1.1886477579992061e-07,0.928151,0.372203,-8.821123],[-1.0,0.0,-4.775097295350861e-07,2.275526]],"boundingbox":[[-0.011444,-0.377509,-0.502399],[2.334516,0.647454,0.447601]]},{"name":"head_024","parent":"head_008","initpos":[1.959938,-0.19023,1e-06],"initquaternion":[6.360978659358807e-07,-1.6560024107548088e-07,0.391367,0.920234],"initscale":[1.0,1.0,1.0],"offmtx":[[-1e-06,0.410364,0.911921,-7.800924],[-7.873074423514481e-07,0.911921,-0.410364,-4.342001],[-1.0,-1e-06,-7.822608836249856e-07,2.275535]],"boundingbox":[[0.071605,-0.352652,-0.402402],[1.492074,0.389238,0.347599]]},{"name":"head_009","parent":"head","initpos":[7.813413,-0.905299,-4.485499],"initquaternion":[-0.01527,-0.01757,0.988016,-0.152582],"initscale":[0.999999,0.999999,0.999999],"offmtx":[[0.300971,-0.95297,-0.035537,7.014084],[0.952819,0.302044,-0.030061,-3.357422],[0.039381,-0.024812,0.998916,4.638864]],"boundingbox":[[-0.026084,-0.367149,-0.345448],[4.849307,0.433328,0.584431]]},{"name":"head_010","parent":"head","initpos":[7.806385,0.10122,-4.113131],"initquaternion":[-0.095454,0.185162,0.968652,-0.135333],"initscale":[1.0,1.0,0.999999],"offmtx":[[0.29753,-0.945146,-0.134807,6.853815],[0.894799,0.226832,0.384552,-0.098449],[-0.332879,-0.235041,0.913206,5.557272]],"boundingbox":[[0.002412,-0.58247,-0.344816],[4.286093,0.653317,0.403674]]},{"name":"head_011","parent":"head","initpos":[8.142597,1.078969,-4.373386],"initquaternion":[-0.077965,-0.702795,0.702795,-0.077965],"initscale":[0.999999,0.999999,0.999999],"offmtx":[[1.516200143214519e-07,-0.975685,-0.219175,6.986072],[-7.456699790964194e-07,0.219175,-0.975685,-6.051711],[1.0,3.1136613642956945e-07,-6.943078574295214e-07,1.07897]],"boundingbox":[[-0.070469,-0.46817,-0.805599],[4.231756,0.343882,0.829401]]},{"name":"head_012","parent":"head","initpos":[0.636456,-3.111613,-4.238551],"initquaternion":[-0.008307,0.707058,0.707057,0.008307],"initscale":[0.999999,0.999999,0.999999],"offmtx":[[-1.779243063992908e-07,-0.999723,-0.023494,0.536697],[2.022997165340712e-07,-0.023494,0.999723,4.252337],[-1.0,1.7312224542820331e-07,2.0642410447635484e-07,3.111609]],"boundingbox":[[-0.055262,-0.039267,-0.265666],[1.847738,0.155331,0.284333]]},{"name":"head_025","parent":"head_012","initpos":[1.903073,1.1e-05,-0.0],"initquaternion":[1e-06,-2.5192704811161093e-07,0.020447,0.99979],"initscale":[0.999999,0.999999,1.0],"offmtx":[[-7.337641250160232e-07,-0.999848,0.017399,-1.191372],[-2e-06,0.017399,0.999848,4.304646],[-1.0,6.859938821435208e-07,-2e-06,3.111597]],"boundingbox":[[-0.055069,-0.020222,-0.265668],[1.547297,0.157596,0.284332]]},{"name":"head_026","parent":"head_025","initpos":[1.631695,-2.5e-05,-0.0],"initquaternion":[2.69839034672259e-07,2.3658559200612217e-07,-0.006813,0.999976],"initscale":[0.999999,0.999999,1.0],"offmtx":[[-2.1953560747078882e-07,-0.999993,0.003774,-2.881464],[-3e-06,0.003774,0.999993,4.265805],[-1.0,2.0713557091767143e-07,-3e-06,3.111594]],"boundingbox":[[-0.086725,-0.028362,-0.265668],[1.763828,0.12862,0.284332]]},{"name":"head_013","parent":"head","initpos":[-0.044012,3.603066,-4.242204],"initquaternion":[-0.040352,-0.705953,0.705954,-0.040352],"initscale":[0.999999,0.999999,0.999999],"offmtx":[[2.79769039934763e-07,-0.993486,-0.113948,-0.527118],[2.3105742741336144e-07,0.113948,-0.993486,-4.209553],[1.0,2.516182462386496e-07,2.614316088056512e-07,3.603073]],"boundingbox":[[-0.084115,-0.150117,-0.359653],[2.117206,0.020722,0.390347]]},{"name":"head_027","parent":"head_013","initpos":[2.174945,0.0,2.384185791015625e-07],"initquaternion":[0.0,0.0,0.06825,0.997668],"initscale":[0.999999,0.999999,1.0],"offmtx":[[3.181414172104269e-07,-0.968713,-0.248182,-3.25016],[1.90804570365799e-07,0.248182,-0.968713,-3.80236],[1.0,2.6083347393068834e-07,2.637920601955557e-07,3.603072]],"boundingbox":[[-0.057216,-0.142255,-0.359653],[1.794321,0.028077,0.390346]]}],"boundingbox":[[-5.457545,-8.156923,-5.624649],[5.221295,10.257583,6.95505]]}