{"skeleton":[{"name":"root","parent":"root","initpos":[0.0,0.0,-0.0],"initquaternion":[0.707106,0.0,0.0,0.707106],"initscale":[1.0,0.999999,0.999999],"offmtx":[[1.0,0.0,0.0,0.0],[0.0,1.0,0.0,0.0],[0.0,0.0,1.0,0.0]],"boundingbox":[[0.0,0.0,0.0],[0.0,0.0,0.0]]},{"name":"Bone003","parent":"root","initpos":[-6.182647,-1e-06,-24.434543],"initquaternion":[0.5,0.499999,0.5,-0.499999],"initscale":[1.0,0.999999,0.999999],"offmtx":[[1.0,0.0,0.0,0.0],[0.0,1.0,0.0,0.0],[0.0,0.0,1.0,0.0]],"boundingbox":[[0.0,0.0,0.0],[0.0,0.0,0.0]]},{"name":"Bone078","parent":"Bone003","initpos":[4.26863,-0.095129,1e-06],"initquaternion":[0.0,0.0,0.0,1.0],"initscale":[1.0,1.0,1.0],"offmtx":[[1.1278515898993646e-07,-0.999999,0.0,20.165914],[1.0,1.1278516609536382e-07,-5e-06,6.277774],[5e-06,0.0,1.0,3e-05]],"boundingbox":[[1.094537,-3.251664,-2.37747],[7.095131,2.377788,2.375288]]},{"name":"Bone079","parent":"Bone078","initpos":[4.823011,-1.787185,-2.481996],"initquaternion":[-0.033148,-0.126184,0.969627,-0.206886],"initscale":[1.0,0.999999,0.999999],"offmtx":[[-0.392839,0.912198,-0.116493,-17.453145],[-0.882552,-0.40957,-0.230982,-1.407056],[-0.258414,0.012072,0.965958,0.128167]],"boundingbox":[[0.069588,-0.902736,-0.21329],[5.827702,0.854931,0.23262]]},{"name":"Bone084","parent":"Bone078","initpos":[4.808183,-1.765197,2.597275],"initquaternion":[0.022977,0.121151,0.970803,-0.205754],"initscale":[0.999999,0.999999,0.999999],"offmtx":[[-0.393926,0.914274,0.094469,-17.454875],[-0.885973,-0.405062,0.225778,-1.491426],[0.244689,0.005242,0.969587,-0.63078]],"boundingbox":[[0.050684,-0.897347,-0.352865],[5.812455,0.869375,0.227343]]},{"name":"Bone082","parent":"Bone084","initpos":[0.294982,1.061412,-0.160219],"initquaternion":[0.024704,-0.027597,0.429357,0.902374],"initscale":[1.0,0.999999,0.999999],"offmtx":[[-0.916027,0.262841,0.302998,-13.186608],[-0.247341,-0.964815,0.089179,12.159937],[0.315778,0.006746,0.948809,0.212542]],"boundingbox":[[0.005798,-0.908433,-0.153458],[2.275887,0.853696,0.132275]]},{"name":"Bone083","parent":"Bone084","initpos":[0.917823,0.771536,0.116479],"initquaternion":[0.121214,-0.033714,0.289796,0.948782],"initscale":[0.999999,0.999999,1.0],"offmtx":[[-0.773983,0.539898,0.330846,-16.57121],[-0.439783,-0.834258,0.332569,8.279805],[0.455565,0.111902,0.883141,-0.274264]],"boundingbox":[[0.001144,-0.748261,-0.132806],[2.776738,0.766633,0.178436]]},{"name":"Bone085","parent":"Bone078","initpos":[4.27294,-2.993737,-1.6e-05],"initquaternion":[1e-06,1e-06,-0.707106,0.707106],"initscale":[1.0,1.0,1.0],"offmtx":[[-1.0,2.3841778329369845e-07,7.718346637375362e-07,-9.271519],[-2.384178401371173e-07,-0.999999,-0.0,15.892969],[7.718346637375362e-07,-0.0,1.0,8e-06]],"boundingbox":[[0.003833,-2.125257,-2.121009],[1.253837,2.117388,2.121632]]},{"name":"Bone086","parent":"Bone085","initpos":[-0.134526,0.340055,1.427561],"initquaternion":[-1e-06,-1e-06,0.707106,0.707106],"initscale":[0.999999,0.999999,1.0],"offmtx":[[2.6255119678353367e-07,-0.999999,0.0,15.552918],[1.0,2.625512252052431e-07,-6e-06,9.136993],[6e-06,0.0,1.0,-1.427504]],"boundingbox":[[-0.026076,-0.555274,-0.376186],[5.223923,1.194729,0.373824]]},{"name":"Bone087","parent":"Bone085","initpos":[0.023486,1.611569,9.5367431640625e-07],"initquaternion":[-0.0,-0.0,0.707106,0.707106],"initscale":[1.0,1.0,1.0],"offmtx":[[1.0936860661558967e-07,-0.999999,0.0,14.281402],[1.0,1.0936861372101703e-07,-8.473326715829899e-07,9.295],[8.47332614739571e-07,0.0,1.0,6e-06]],"boundingbox":[[-0.032806,-1.141287,-0.374702],[4.717193,1.858712,0.375299]]},{"name":"Bone088","parent":"Bone085","initpos":[-0.134526,0.340056,-1.431886],"initquaternion":[-1e-06,-1e-06,0.707106,0.707106],"initscale":[0.999999,0.999999,1.0],"offmtx":[[2.6255119678353367e-07,-0.999999,0.0,15.552917],[1.0,2.625512252052431e-07,-6e-06,9.136977],[6e-06,0.0,1.0,1.431943]],"boundingbox":[[-0.026078,-0.555273,-0.368871],[5.223922,1.19473,0.381138]]},{"name":"Bone080","parent":"Bone078","initpos":[4.955202,-2.879423,-2.775989],"initquaternion":[0.125433,0.145757,-0.777842,0.598316],"initscale":[0.999999,0.999999,0.999999],"offmtx":[[-0.894228,0.252567,-0.369547,-13.056228],[-0.241544,-0.967357,-0.076653,12.289521],[-0.376845,0.020716,0.926044,-1.195292]],"boundingbox":[[-0.0567,-0.917542,-0.081054],[2.24076,0.858323,0.365008]]},{"name":"Bone081","parent":"Bone078","initpos":[4.320483,-2.834669,-2.959193],"initquaternion":[-0.099346,-0.209972,0.846513,-0.479015],"initscale":[1.0,0.999999,0.999999],"offmtx":[[-0.769268,0.521348,-0.369353,-16.363895],[-0.452911,-0.852706,-0.26031,8.614062],[-0.450662,-0.032964,0.892085,-0.944474]],"boundingbox":[[-0.033375,-0.834443,-0.210632],[2.778285,0.718244,0.165912]]},{"name":"Bone089","parent":"Bone003","initpos":[2.287805,0.796323,-5e-06],"initquaternion":[2.470995354997285e-07,-3.5575024526224297e-07,0.975576,-0.219659],"initscale":[1.0,1.0,1.0],"offmtx":[[1.0,0.0,0.0,0.0],[0.0,1.0,0.0,0.0],[0.0,0.0,1.0,0.0]],"boundingbox":[[0.0,0.0,0.0],[0.0,0.0,0.0]]},{"name":"Bone090","parent":"Bone089","initpos":[0.722249,-0.62079,-3.531938],"initquaternion":[2.0150176283095789e-07,1.2743814181703783e-07,0.534514,0.845159],"initscale":[0.999999,0.999999,1.0],"offmtx":[[-1.0,4.1723248500602494e-07,7.062349709485716e-07,-5.134994],[-4.1723268395799096e-07,-0.999999,-3.372394417056057e-07,23.065345],[7.062348572617339e-07,-3.372397259227e-07,0.999999,3.531957]],"boundingbox":[[0.005583,-1.51264,-0.59187],[3.880585,1.48736,0.533131]]},{"name":"Bone091","parent":"Bone090","initpos":[1.66541,-0.524803,0.363351],"initquaternion":[0.003929,-0.009839,-0.370812,0.928647],"initscale":[0.999999,0.999999,0.999999],"offmtx":[[-0.724801,0.688785,0.015362,-21.128833],[-0.688631,-0.724964,0.014595,12.465316],[0.02119,1.3783574104309082e-07,0.999775,3.311983]],"boundingbox":[[-0.1519,-1.171888,-0.258],[4.692176,1.206068,0.271852]]},{"name":"Bone092","parent":"Bone089","initpos":[0.685098,-0.603168,3.589651],"initquaternion":[2.0150176283095789e-07,1.2743814181703783e-07,0.534514,0.845159],"initscale":[0.999999,0.999999,1.0],"offmtx":[[-1.0,4.1723248500602494e-07,7.062349709485716e-07,-5.134995],[-4.1723268395799096e-07,-0.999999,-3.372394417056057e-07,23.024229],[7.062348572617339e-07,-3.372397259227e-07,0.999999,-3.589632]],"boundingbox":[[0.005586,-1.553759,-0.562774],[3.880588,1.446242,0.562228]]},{"name":"Bone093","parent":"Bone092","initpos":[1.652918,-0.554056,-0.481922],"initquaternion":[-0.001246,0.003157,-0.367161,0.930151],"initscale":[1.0,0.999999,0.999999],"offmtx":[[-0.730364,0.683038,-0.004957,-21.047128],[-0.683023,-0.730381,-0.004636,12.599269],[-0.006787,-2.5262124836444855e-07,0.999976,-3.153721]],"boundingbox":[[-0.127386,-1.196459,-0.177118],[4.70464,1.174885,0.318472]]},{"name":"Bone094","parent":"Bone089","initpos":[2.509342,-1.291094,5e-06],"initquaternion":[-0.0,-0.0,0.220428,0.975403],"initscale":[0.999999,0.999999,1.0],"offmtx":[[-0.775456,0.631401,7.997559237082896e-07,-19.870637],[-0.631401,-0.775456,-1.376198781599669e-07,16.017576],[5.332825026016508e-07,-6.116849249337974e-07,1.0,1.8e-05]],"boundingbox":[[-0.008106,-1.732061,-2.482476],[4.496495,3.005566,2.510531]]},{"name":"Bone095","parent":"Bone094","initpos":[3.649723,-3e-06,-1e-06],"initquaternion":[-0.0,2.357462705049329e-07,0.149304,0.988791],"initscale":[0.999999,0.999999,1.0],"offmtx":[[-0.927312,0.374288,2.469389244197373e-07,-17.742372],[-0.374288,-0.927312,-3.674962272270932e-07,22.248107],[0.0,-4.3321028897480574e-07,0.999999,1.1e-05]],"boundingbox":[[0.145279,-3.273004,-2.425827],[11.435833,2.788477,2.453885]]},{"name":"Bone096","parent":"Bone089","initpos":[1.964965,1.290361,5e-06],"initquaternion":[0.0,3.2854339337973215e-07,0.530035,0.847975],"initscale":[0.999999,0.999999,1.0],"offmtx":[[-0.999943,0.010582,2.3611386268385104e-07,-7.641208],[-0.010582,-0.999943,-3.2973056818264013e-07,23.289489],[2.3261144121988764e-07,-3.3221073181266547e-07,0.999999,9e-06]],"boundingbox":[[-1.827818,-4.836168,-3.33853],[6.193693,1.796828,3.366589]]},{"name":"Bone097","parent":"Bone096","initpos":[3.267,1e-06,3.6096116673434153e-07],"initquaternion":[0.0,-0.0,0.259177,0.965829],"initscale":[0.999999,0.999999,1.0],"offmtx":[[-0.870903,-0.491453,2.0443197001895896e-07,2.216947],[0.491453,-0.870903,-4.236353561282158e-07,25.621757],[3.862377013774676e-07,-2.684770379346446e-07,0.999999,9e-06]],"boundingbox":[[-1.805864,-5.083396,-3.786749],[8.289371,1.751356,3.814805]]},{"name":"Bone098","parent":"Bone089","initpos":[0.227519,1.38496,7e-06],"initquaternion":[3.8933754353820405e-07,0.0,0.881173,0.472793],"initscale":[0.999999,0.999999,1.0],"offmtx":[[-0.515838,-0.856685,4.4521317477119737e-07,15.166143],[0.856686,-0.515838,-5.465059871312405e-07,16.993896],[6.978419264669355e-07,0.0,0.999999,1e-06]],"boundingbox":[[-0.027257,-2.004233,-2.256858],[2.123886,2.006891,2.243143]]}],"boundingbox":[[-20.048572,9.564208,-4.286703],[-3.899999,34.232612,4.287323]]}