{"skeleton":[{"name":"root","parent":"root","initpos":[0.0,0.0,-0.0],"initquaternion":[0.707106,0.0,0.0,0.707106],"initscale":[1.0,0.999999,0.999999],"offmtx":[[1.0,0.0,0.0,0.0],[0.0,1.0,0.0,0.0],[0.0,0.0,1.0,0.0]],"boundingbox":[[0.0,0.0,0.0],[0.0,0.0,0.0]]},{"name":"Bone003","parent":"root","initpos":[-6.182648,-5.7e-05,-24.434576],"initquaternion":[-0.499862,-0.500099,-0.499862,0.500175],"initscale":[0.999999,0.999999,0.999999],"offmtx":[[1.0,0.0,0.0,0.0],[0.0,1.0,0.0,0.0],[0.0,0.0,1.0,0.0]],"boundingbox":[[0.0,0.0,0.0],[0.0,0.0,0.0]]},{"name":"Bone014","parent":"Bone003","initpos":[1.408857,1.596715,3e-06],"initquaternion":[1.0680591344680579e-07,2.3043216401674727e-07,-0.707106,0.707106],"initscale":[1.0,1.0,1.0],"offmtx":[[-1.0,0.000107,0.000277,-4.58857],[-0.000107,-0.999999,-6.192024102347204e-07,23.025049],[0.000277,-6.491321755675017e-07,1.0,0.001783]],"boundingbox":[[-0.611764,-2.51522,-2.264219],[4.064722,4.010801,2.28857]]},{"name":"Bone045","parent":"Bone014","initpos":[3.029372,-0.210134,-0.0],"initquaternion":[-0.0,-1.7997841439409967e-07,-0.224261,0.974529],"initscale":[0.999999,0.999999,1.0],"offmtx":[[-0.899366,0.437195,0.000249,-17.007741],[-0.437195,-0.899366,0.00012,17.568256],[0.000277,-8.968638667283813e-07,1.0,0.001791]],"boundingbox":[[-0.232931,-1.690085,-0.459443],[2.799556,2.116839,0.436637]]},{"name":"Bone046","parent":"Bone045","initpos":[1.690494,1.40874,-1e-06],"initquaternion":[-0.0,-0.0,0.716323,0.697768],"initscale":[0.999999,0.999999,1.0],"offmtx":[[-0.413447,-0.910527,0.000113,16.644546],[0.910527,-0.413447,-0.000253,18.267816],[0.000277,-9.691505056252936e-07,1.0,0.001796]],"boundingbox":[[-0.026661,-0.541624,-0.419446],[1.580299,0.731925,0.395466]]},{"name":"Bone047","parent":"Bone045","initpos":[2.296447,-1.214902,-0.0],"initquaternion":[9.677130492491415e-07,-7.016732297415729e-07,-0.526231,0.850341],"initscale":[0.999999,0.999999,1.0],"offmtx":[[-0.009992,0.999949,3e-06,-25.422811],[-0.99995,-0.009992,0.00028,-8.896025],[0.00028,-1e-06,1.0,0.001821]],"boundingbox":[[-1.032368,-1.143921,-0.070797],[2.251887,1.309606,0.04747]]},{"name":"Bone048","parent":"Bone045","initpos":[1.260089,-1.455671,0.0],"initquaternion":[-1.8496827181024855e-07,2.3092563594673265e-07,-0.780493,0.625164],"initscale":[0.999999,0.999999,1.0],"offmtx":[[0.623014,0.78221,-0.000172,-14.576351],[-0.78221,0.623014,0.000216,-21.980751],[0.000276,-5.28249131548364e-07,1.0,0.001778]],"boundingbox":[[-0.389459,-0.874551,-0.059168],[1.647095,0.564899,0.036559]]},{"name":"Bone015","parent":"Bone003","initpos":[9.94234,-1.852072,-0.0001],"initquaternion":[0.0,-3e-06,1.0,-1.9470704160085006e-07],"initscale":[0.999999,0.999999,1.0],"offmtx":[[0.000107,0.999999,5.327163421497971e-07,-14.491565],[-1.0,0.000107,0.00026,-8.037351],[0.00026,-5.607496973425441e-07,1.0,0.001749]],"boundingbox":[[-0.001467,-0.256448,-1.001864],[1.998585,0.244206,0.998266]]},{"name":"Bone049","parent":"Bone015","initpos":[0.282928,-0.344449,9.8e-05],"initquaternion":[1e-06,-2e-06,0.939297,0.343103],"initscale":[1.0,1.0,1.0],"offmtx":[[-0.644633,-0.764491,0.000177,6.337523],[0.764491,-0.644634,-0.000211,15.404617],[0.000276,-6.591290002688766e-07,1.0,0.001777]],"boundingbox":[[0.02177,-0.503812,-0.498685],[1.524357,0.500017,0.501791]]},{"name":"Bone050","parent":"Bone049","initpos":[1.51143,0.0,-0.0],"initquaternion":[-0.0,-0.0,0.220581,0.975368],"initscale":[1.0,1.0,1.0],"offmtx":[[-0.252944,-0.96748,6.9e-05,10.985014],[0.96748,-0.252944,-0.000267,11.828902],[0.000276,-6.76453169035085e-07,1.0,0.001778]],"boundingbox":[[-0.139211,-0.481872,-0.532818],[1.36691,0.527508,0.535591]]},{"name":"Bone051","parent":"Bone050","initpos":[1.282966,0.109458,0.0],"initquaternion":[-1.1222318363479644e-07,-0.0,0.334966,0.94223],"initscale":[0.999999,0.999999,1.0],"offmtx":[[0.41452,-0.910039,-0.000115,14.922533],[0.910039,0.41452,-0.000251,2.96531],[0.000276,-5.746189231103926e-07,1.0,0.001779]],"boundingbox":[[-0.282344,-0.512945,-0.498797],[1.677967,0.500641,0.501629]]},{"name":"Bone052","parent":"Bone015","initpos":[-0.450325,-0.503586,-1.249236],"initquaternion":[1e-06,-3e-06,0.940441,0.339956],"initscale":[0.999999,0.999999,1.0],"offmtx":[[-0.639501,-0.768789,0.000176,5.978506],[0.76879,-0.639501,-0.000213,14.770626],[0.000277,-1e-06,1.0,1.251124]],"boundingbox":[[-0.017278,-0.471984,-0.492415],[1.487165,0.534641,0.508063]]},{"name":"Bone053","parent":"Bone052","initpos":[1.400309,0.065226,1e-06],"initquaternion":[1e-06,3.9427982301276643e-07,0.330749,0.943718],"initscale":[1.0,1.0,1.0],"offmtx":[[-0.019653,-0.999805,4e-06,12.756639],[0.999806,-0.019653,-0.000274,8.62997],[0.000274,-9.835330274654552e-07,0.999999,1.251097]],"boundingbox":[[-0.263292,-0.497832,-0.526441],[0.756173,0.52192,0.541871]]},{"name":"Bone054","parent":"Bone053","initpos":[0.726566,-1.4e-05,-0.0],"initquaternion":[-0.0,-1.5271118058990396e-07,0.227774,0.973713],"initscale":[1.0,1.0,1.0],"offmtx":[[0.425875,-0.904781,-0.000117,14.609855],[0.90478,0.425875,-0.000248,2.398261],[0.000275,-6.632608915424498e-07,0.999999,1.251098]],"boundingbox":[[-0.168236,-0.44521,-0.492419],[1.8131,0.560501,0.508004]]},{"name":"Bone055","parent":"Bone015","initpos":[-0.450325,-0.503604,1.284615],"initquaternion":[1e-06,-3e-06,0.940441,0.339956],"initscale":[0.999999,0.999999,1.0],"offmtx":[[-0.639501,-0.768789,0.000176,5.978508],[0.76879,-0.639501,-0.000213,14.770627],[0.000277,-1e-06,1.0,-1.282727]],"boundingbox":[[-0.016835,-0.472516,-0.525457],[1.487607,0.534109,0.475021]]},{"name":"Bone056","parent":"Bone055","initpos":[1.400305,0.065229,7.152557373046875e-07],"initquaternion":[1e-06,3.9427982301276643e-07,0.330749,0.943718],"initscale":[1.0,1.0,1.0],"offmtx":[[-0.019653,-0.999805,4e-06,12.756641],[0.999806,-0.019653,-0.000274,8.629962],[0.000274,-9.835330274654552e-07,0.999999,-1.282752]],"boundingbox":[[-0.263279,-0.498523,-0.559482],[0.756186,0.521227,0.508829]]},{"name":"Bone057","parent":"Bone056","initpos":[0.726567,-1.1e-05,-2.384185791015625e-07],"initquaternion":[-0.0,-1.5271118058990396e-07,0.227774,0.973713],"initscale":[1.0,1.0,1.0],"offmtx":[[0.425875,-0.904781,-0.000117,14.609853],[0.90478,0.425875,-0.000248,2.398255],[0.000275,-6.632608915424498e-07,0.999999,-1.282751]],"boundingbox":[[-0.168532,-0.445837,-0.525461],[1.812804,0.559875,0.474963]]}],"boundingbox":[[-10.885064,10.508937,-2.263733],[-3.974413,27.590644,2.28846]]}