{
  "skeleton": [
    {
      "name": "RootNode",
      "parent": "RootNode",
      "initpos": [
        0,
        0,
        0
      ],
      "initquaternion": [
        0,
        0,
        0,
        1
      ],
      "initscale": [
        1,
        1,
        1
      ],
      "offmtx": [
        [
          1,
          0,
          0,
          0
        ],
        [
          0,
          1,
          0,
          0
        ],
        [
          0,
          0,
          1,
          0
        ]
      ],
      "boundingbox": [
        [
          0,
          0,
          0
        ],
        [
          0,
          0,
          0
        ]
      ]
    },
    {
      "name": "root",
      "parent": "RootNode",
      "initpos": [
        0,
        0,
        0
      ],
      "initquaternion": [
        0.707106,
        0,
        0,
        0.707106
      ],
      "initscale": [
        1,
        0.999999,
        0.999999
      ],
      "offmtx": [
        [
          1,
          0,
          0,
          0
        ],
        [
          0,
          1,
          0,
          0
        ],
        [
          0,
          0,
          1,
          0
        ]
      ],
      "boundingbox": [
        [
          0,
          0,
          0
        ],
        [
          0,
          0,
          0
        ]
      ]
    },
    {
      "name": "Bone003",
      "parent": "root",
      "initpos": [
        -6.182647,
        -0.000001,
        -24.434543
      ],
      "initquaternion": [
        0.5,
        0.499999,
        0.5,
        -0.499999
      ],
      "initscale": [
        1,
        0.999999,
        0.999999
      ],
      "offmtx": [
        [
          1,
          0,
          0,
          0
        ],
        [
          0,
          1,
          0,
          0
        ],
        [
          0,
          0,
          1,
          0
        ]
      ],
      "boundingbox": [
        [
          0,
          0,
          0
        ],
        [
          0,
          0,
          0
        ]
      ]
    },
    {
      "name": "Bone078",
      "parent": "Bone003",
      "initpos": [
        4.26863,
        -0.095129,
        0.000001
      ],
      "initquaternion": [
        0,
        0,
        0,
        1
      ],
      "initscale": [
        1,
        1,
        1
      ],
      "offmtx": [
        [
          1.1278515898993646e-7,
          -0.999999,
          0,
          20.165914
        ],
        [
          1,
          1.1278516609536382e-7,
          -0.000005,
          6.277774
        ],
        [
          0.000005,
          0,
          1,
          0.00003
        ]
      ],
      "boundingbox": [
        [
          1.094537,
          -3.251664,
          -2.37747
        ],
        [
          7.095131,
          2.377788,
          2.375288
        ]
      ]
    },
    {
      "name": "Bone079",
      "parent": "Bone078",
      "initpos": [
        4.82301,
        -1.787186,
        -2.481997
      ],
      "initquaternion": [
        -0.033148,
        -0.126184,
        0.969627,
        -0.206886
      ],
      "initscale": [
        1,
        0.999999,
        0.999999
      ],
      "offmtx": [
        [
          -0.392839,
          0.912198,
          -0.116493,
          -17.453145
        ],
        [
          -0.882552,
          -0.40957,
          -0.230982,
          -1.407056
        ],
        [
          -0.258414,
          0.012072,
          0.965958,
          0.128167
        ]
      ],
      "boundingbox": [
        [
          0.069588,
          -0.902736,
          -0.21329
        ],
        [
          5.827702,
          0.854931,
          0.23262
        ]
      ]
    },
    {
      "name": "Bone084",
      "parent": "Bone078",
      "initpos": [
        4.808183,
        -1.765197,
        2.597275
      ],
      "initquaternion": [
        0.022977,
        0.121151,
        0.970803,
        -0.205754
      ],
      "initscale": [
        1,
        1,
        0.999999
      ],
      "offmtx": [
        [
          -0.393926,
          0.914274,
          0.094469,
          -17.454875
        ],
        [
          -0.885973,
          -0.405062,
          0.225778,
          -1.491426
        ],
        [
          0.244689,
          0.005242,
          0.969587,
          -0.63078
        ]
      ],
      "boundingbox": [
        [
          0.050684,
          -0.897347,
          -0.352865
        ],
        [
          5.812455,
          0.869375,
          0.227343
        ]
      ]
    },
    {
      "name": "Bone082",
      "parent": "Bone084",
      "initpos": [
        0.294982,
        1.061409,
        -0.160219
      ],
      "initquaternion": [
        0.024704,
        -0.027597,
        0.429357,
        0.902374
      ],
      "initscale": [
        1,
        1,
        0.999999
      ],
      "offmtx": [
        [
          -0.916027,
          0.262841,
          0.302998,
          -13.186608
        ],
        [
          -0.247341,
          -0.964815,
          0.089179,
          12.159937
        ],
        [
          0.315778,
          0.006746,
          0.948809,
          0.212542
        ]
      ],
      "boundingbox": [
        [
          0.005798,
          -0.908433,
          -0.153458
        ],
        [
          2.275887,
          0.853696,
          0.132275
        ]
      ]
    },
    {
      "name": "Bone083",
      "parent": "Bone084",
      "initpos": [
        0.917823,
        0.771535,
        0.116479
      ],
      "initquaternion": [
        0.121214,
        -0.033714,
        0.289796,
        0.948782
      ],
      "initscale": [
        1,
        1,
        1
      ],
      "offmtx": [
        [
          -0.773983,
          0.539898,
          0.330846,
          -16.57121
        ],
        [
          -0.439783,
          -0.834258,
          0.332569,
          8.279805
        ],
        [
          0.455565,
          0.111902,
          0.883141,
          -0.274264
        ]
      ],
      "boundingbox": [
        [
          0.001144,
          -0.748261,
          -0.132806
        ],
        [
          2.776738,
          0.766633,
          0.178436
        ]
      ]
    },
    {
      "name": "Bone085",
      "parent": "Bone078",
      "initpos": [
        4.272939,
        -2.993737,
        -0.000016
      ],
      "initquaternion": [
        0.000001,
        0.000001,
        -0.707106,
        0.707106
      ],
      "initscale": [
        1,
        1,
        1
      ],
      "offmtx": [
        [
          -1,
          2.3841778329369845e-7,
          7.718346637375362e-7,
          -9.271519
        ],
        [
          -2.384178401371173e-7,
          -0.999999,
          0,
          15.892969
        ],
        [
          7.718346637375362e-7,
          0,
          1,
          0.000008
        ]
      ],
      "boundingbox": [
        [
          0.003833,
          -2.125257,
          -2.121009
        ],
        [
          1.253837,
          2.117388,
          2.121632
        ]
      ]
    },
    {
      "name": "Bone086",
      "parent": "Bone085",
      "initpos": [
        -0.134526,
        0.340055,
        1.42756
      ],
      "initquaternion": [
        -0.000001,
        -0.000001,
        0.707106,
        0.707106
      ],
      "initscale": [
        0.999999,
        0.999999,
        1
      ],
      "offmtx": [
        [
          2.6255119678353367e-7,
          -0.999999,
          0,
          15.552918
        ],
        [
          1,
          2.625512252052431e-7,
          -0.000006,
          9.136993
        ],
        [
          0.000006,
          0,
          1,
          -1.427504
        ]
      ],
      "boundingbox": [
        [
          -0.026076,
          -0.555274,
          -0.376186
        ],
        [
          5.223923,
          1.194729,
          0.373824
        ]
      ]
    },
    {
      "name": "Bone087",
      "parent": "Bone085",
      "initpos": [
        0.023486,
        1.611569,
        9.5367431640625e-7
      ],
      "initquaternion": [
        0,
        0,
        0.707106,
        0.707106
      ],
      "initscale": [
        1,
        1,
        1
      ],
      "offmtx": [
        [
          1.0936860661558967e-7,
          -0.999999,
          0,
          14.281402
        ],
        [
          1,
          1.0936861372101703e-7,
          -8.473326715829899e-7,
          9.295
        ],
        [
          8.47332614739571e-7,
          0,
          1,
          0.000006
        ]
      ],
      "boundingbox": [
        [
          -0.032806,
          -1.141287,
          -0.374702
        ],
        [
          4.717193,
          1.858712,
          0.375299
        ]
      ]
    },
    {
      "name": "Bone088",
      "parent": "Bone085",
      "initpos": [
        -0.134526,
        0.340056,
        -1.431886
      ],
      "initquaternion": [
        -0.000001,
        -0.000001,
        0.707106,
        0.707106
      ],
      "initscale": [
        0.999999,
        0.999999,
        1
      ],
      "offmtx": [
        [
          2.6255119678353367e-7,
          -0.999999,
          0,
          15.552917
        ],
        [
          1,
          2.625512252052431e-7,
          -0.000006,
          9.136977
        ],
        [
          0.000006,
          0,
          1,
          1.431943
        ]
      ],
      "boundingbox": [
        [
          -0.026078,
          -0.555273,
          -0.368871
        ],
        [
          5.223922,
          1.19473,
          0.381138
        ]
      ]
    },
    {
      "name": "Bone080",
      "parent": "Bone078",
      "initpos": [
        4.955201,
        -2.879423,
        -2.77599
      ],
      "initquaternion": [
        0.125433,
        0.145757,
        -0.777842,
        0.598316
      ],
      "initscale": [
        0.999999,
        1,
        0.999999
      ],
      "offmtx": [
        [
          -0.894228,
          0.252567,
          -0.369547,
          -13.056228
        ],
        [
          -0.241544,
          -0.967357,
          -0.076653,
          12.289521
        ],
        [
          -0.376845,
          0.020716,
          0.926044,
          -1.195292
        ]
      ],
      "boundingbox": [
        [
          -0.0567,
          -0.917542,
          -0.081054
        ],
        [
          2.24076,
          0.858323,
          0.365008
        ]
      ]
    },
    {
      "name": "Bone081",
      "parent": "Bone078",
      "initpos": [
        4.320482,
        -2.834668,
        -2.959193
      ],
      "initquaternion": [
        -0.099346,
        -0.209972,
        0.846513,
        -0.479015
      ],
      "initscale": [
        1,
        1,
        1
      ],
      "offmtx": [
        [
          -0.769268,
          0.521348,
          -0.369353,
          -16.363895
        ],
        [
          -0.452911,
          -0.852706,
          -0.26031,
          8.614062
        ],
        [
          -0.450662,
          -0.032964,
          0.892085,
          -0.944474
        ]
      ],
      "boundingbox": [
        [
          -0.033375,
          -0.834443,
          -0.210632
        ],
        [
          2.778285,
          0.718244,
          0.165912
        ]
      ]
    },
    {
      "name": "Bone089",
      "parent": "Bone003",
      "initpos": [
        2.287805,
        0.796322,
        -0.000005
      ],
      "initquaternion": [
        2.470995923431474e-7,
        -3.5575024526224297e-7,
        0.975576,
        -0.219659
      ],
      "initscale": [
        1,
        1,
        1
      ],
      "offmtx": [
        [
          1,
          0,
          0,
          0
        ],
        [
          0,
          1,
          0,
          0
        ],
        [
          0,
          0,
          1,
          0
        ]
      ],
      "boundingbox": [
        [
          0,
          0,
          0
        ],
        [
          0,
          0,
          0
        ]
      ]
    },
    {
      "name": "Bone090",
      "parent": "Bone089",
      "initpos": [
        0.722246,
        -0.620793,
        -3.531938
      ],
      "initquaternion": [
        2.015016775658296e-7,
        1.274381133953284e-7,
        0.534514,
        0.845159
      ],
      "initscale": [
        0.999999,
        0.999999,
        1
      ],
      "offmtx": [
        [
          -1,
          4.1723248500602494e-7,
          7.062349709485716e-7,
          -5.134994
        ],
        [
          -4.1723268395799096e-7,
          -0.999999,
          -3.372394417056057e-7,
          23.065345
        ],
        [
          7.062348572617339e-7,
          -3.372397259227e-7,
          0.999999,
          3.531957
        ]
      ],
      "boundingbox": [
        [
          0.005583,
          -1.51264,
          -0.59187
        ],
        [
          3.880585,
          1.48736,
          0.533131
        ]
      ]
    },
    {
      "name": "Bone091",
      "parent": "Bone090",
      "initpos": [
        1.66541,
        -0.524805,
        0.363351
      ],
      "initquaternion": [
        0.003929,
        -0.009839,
        -0.370812,
        0.928647
      ],
      "initscale": [
        1,
        1,
        0.999999
      ],
      "offmtx": [
        [
          -0.724801,
          0.688785,
          0.015362,
          -21.128833
        ],
        [
          -0.688631,
          -0.724964,
          0.014595,
          12.465316
        ],
        [
          0.02119,
          1.3783574104309082e-7,
          0.999775,
          3.311983
        ]
      ],
      "boundingbox": [
        [
          -0.1519,
          -1.171888,
          -0.258
        ],
        [
          4.692176,
          1.206068,
          0.271852
        ]
      ]
    },
    {
      "name": "Bone092",
      "parent": "Bone089",
      "initpos": [
        0.685098,
        -0.603169,
        3.589651
      ],
      "initquaternion": [
        2.015016775658296e-7,
        1.274381133953284e-7,
        0.534514,
        0.845159
      ],
      "initscale": [
        0.999999,
        0.999999,
        1
      ],
      "offmtx": [
        [
          -1,
          4.1723248500602494e-7,
          7.062349709485716e-7,
          -5.134995
        ],
        [
          -4.1723268395799096e-7,
          -0.999999,
          -3.372394417056057e-7,
          23.024229
        ],
        [
          7.062348572617339e-7,
          -3.372397259227e-7,
          0.999999,
          -3.589632
        ]
      ],
      "boundingbox": [
        [
          0.005586,
          -1.553759,
          -0.562774
        ],
        [
          3.880588,
          1.446242,
          0.562228
        ]
      ]
    },
    {
      "name": "Bone093",
      "parent": "Bone092",
      "initpos": [
        1.652917,
        -0.554052,
        -0.481921
      ],
      "initquaternion": [
        -0.001246,
        0.003157,
        -0.367161,
        0.930151
      ],
      "initscale": [
        0.999999,
        0.999999,
        0.999999
      ],
      "offmtx": [
        [
          -0.730364,
          0.683038,
          -0.004957,
          -21.047128
        ],
        [
          -0.683023,
          -0.730381,
          -0.004636,
          12.599269
        ],
        [
          -0.006787,
          -2.5262124836444855e-7,
          0.999976,
          -3.153721
        ]
      ],
      "boundingbox": [
        [
          -0.127386,
          -1.196459,
          -0.177118
        ],
        [
          4.70464,
          1.174885,
          0.318472
        ]
      ]
    },
    {
      "name": "Bone094",
      "parent": "Bone089",
      "initpos": [
        2.50934,
        -1.291096,
        0.000005
      ],
      "initquaternion": [
        0,
        0,
        0.220428,
        0.975403
      ],
      "initscale": [
        0.999999,
        0.999999,
        1
      ],
      "offmtx": [
        [
          -0.775456,
          0.631401,
          7.997559237082896e-7,
          -19.870637
        ],
        [
          -0.631401,
          -0.775456,
          -1.376198781599669e-7,
          16.017576
        ],
        [
          5.332825026016508e-7,
          -6.116849249337974e-7,
          1,
          0.000018
        ]
      ],
      "boundingbox": [
        [
          -0.008106,
          -1.732061,
          -2.482476
        ],
        [
          4.496495,
          3.005566,
          2.510531
        ]
      ]
    },
    {
      "name": "Bone095",
      "parent": "Bone094",
      "initpos": [
        3.649724,
        -0.000003,
        -0.000001
      ],
      "initquaternion": [
        0,
        2.357462562940782e-7,
        0.149304,
        0.988791
      ],
      "initscale": [
        1,
        1,
        1
      ],
      "offmtx": [
        [
          -0.927312,
          0.374288,
          2.469389244197373e-7,
          -17.742372
        ],
        [
          -0.374288,
          -0.927312,
          -3.674962272270932e-7,
          22.248107
        ],
        [
          0,
          -4.3321028897480574e-7,
          0.999999,
          0.000011
        ]
      ],
      "boundingbox": [
        [
          0.145279,
          -3.273004,
          -2.425827
        ],
        [
          11.435833,
          2.788477,
          2.453885
        ]
      ]
    },
    {
      "name": "Bone096",
      "parent": "Bone089",
      "initpos": [
        1.964962,
        1.290361,
        0.000005
      ],
      "initquaternion": [
        0,
        3.28543251271185e-7,
        0.530035,
        0.847975
      ],
      "initscale": [
        0.999999,
        0.999999,
        1
      ],
      "offmtx": [
        [
          -0.999943,
          0.010582,
          2.3611386268385104e-7,
          -7.641208
        ],
        [
          -0.010582,
          -0.999943,
          -3.2973056818264013e-7,
          23.289489
        ],
        [
          2.3261144121988764e-7,
          -3.3221073181266547e-7,
          0.999999,
          0.000009
        ]
      ],
      "boundingbox": [
        [
          -1.827818,
          -4.836168,
          -3.33853
        ],
        [
          6.193693,
          1.796828,
          3.366589
        ]
      ]
    },
    {
      "name": "Bone097",
      "parent": "Bone096",
      "initpos": [
        3.267003,
        0,
        3.609620762290433e-7
      ],
      "initquaternion": [
        0,
        0,
        0.259177,
        0.965829
      ],
      "initscale": [
        0.999999,
        0.999999,
        1
      ],
      "offmtx": [
        [
          -0.870903,
          -0.491453,
          2.0443197001895896e-7,
          2.216947
        ],
        [
          0.491453,
          -0.870903,
          -4.236353561282158e-7,
          25.621757
        ],
        [
          3.862377013774676e-7,
          -2.684770379346446e-7,
          0.999999,
          0.000009
        ]
      ],
      "boundingbox": [
        [
          -1.805864,
          -5.083396,
          -3.786749
        ],
        [
          8.289371,
          1.751356,
          3.814805
        ]
      ]
    },
    {
      "name": "Bone098",
      "parent": "Bone089",
      "initpos": [
        0.227519,
        1.384958,
        0.000007
      ],
      "initquaternion": [
        3.893375719599135e-7,
        0,
        0.881173,
        0.472793
      ],
      "initscale": [
        0.999999,
        0.999999,
        1
      ],
      "offmtx": [
        [
          -0.515838,
          -0.856685,
          4.4521317477119737e-7,
          15.166143
        ],
        [
          0.856686,
          -0.515838,
          -5.465059871312405e-7,
          16.993896
        ],
        [
          6.978419264669355e-7,
          0,
          0.999999,
          0.000001
        ]
      ],
      "boundingbox": [
        [
          -0.027257,
          -2.004233,
          -2.256858
        ],
        [
          2.123886,
          2.006891,
          2.243143
        ]
      ]
    },
    {
      "name": "root",
      "parent": "RootNode",
      "initpos": [
        0,
        0,
        0
      ],
      "initquaternion": [
        0.707106,
        0,
        0,
        0.707106
      ],
      "initscale": [
        1,
        0.999999,
        0.999999
      ],
      "offmtx": [
        [
          1,
          0,
          0,
          0
        ],
        [
          0,
          1,
          0,
          0
        ],
        [
          0,
          0,
          1,
          0
        ]
      ],
      "boundingbox": [
        [
          0,
          0,
          0
        ],
        [
          0,
          0,
          0
        ]
      ]
    },
    {
      "name": "Bone004",
      "parent": "root",
      "initpos": [
        -2.06965,
        -5.354780228117306e-7,
        -12.192141
      ],
      "initquaternion": [
        0.5,
        0.499999,
        0.5,
        -0.499999
      ],
      "initscale": [
        1,
        0.999999,
        0.999999
      ],
      "offmtx": [
        [
          1,
          0,
          0,
          0
        ],
        [
          0,
          1,
          0,
          0
        ],
        [
          0,
          0,
          1,
          0
        ]
      ],
      "boundingbox": [
        [
          0,
          0,
          0
        ],
        [
          0,
          0,
          0
        ]
      ]
    },
    {
      "name": "Bone099",
      "parent": "Bone004",
      "initpos": [
        2.623023,
        -0.124101,
        0
      ],
      "initquaternion": [
        0,
        0,
        0,
        1
      ],
      "initscale": [
        1,
        1,
        1
      ],
      "offmtx": [
        [
          6.940189223314519e-7,
          -0.999999,
          0,
          9.569119
        ],
        [
          1,
          6.94018865488033e-7,
          -8.146743084580521e-7,
          2.193746
        ],
        [
          8.14674365301471e-7,
          0,
          0.999999,
          0.000002
        ]
      ],
      "boundingbox": [
        [
          1.233027,
          -2.44874,
          -2.920443
        ],
        [
          9.552414,
          2.301263,
          2.378531
        ]
      ]
    },
    {
      "name": "Bone100",
      "parent": "Bone099",
      "initpos": [
        8.926572,
        -0.225615,
        2.391891
      ],
      "initquaternion": [
        -0.5,
        0.499999,
        0.499999,
        0.5
      ],
      "initscale": [
        1,
        0.999999,
        0.999999
      ],
      "offmtx": [
        [
          0.000001,
          0,
          -0.999999,
          2.391887
        ],
        [
          2.9439800641739566e-7,
          0.999999,
          0,
          -0.642542
        ],
        [
          1,
          -2.9439797799568623e-7,
          0.000001,
          2.419363
        ]
      ],
      "boundingbox": [
        [
          0.066724,
          -0.642574,
          -2.362491
        ],
        [
          6.080195,
          1.607427,
          2.637513
        ]
      ]
    },
    {
      "name": "Bone101",
      "parent": "Bone100",
      "initpos": [
        4.017906,
        0.083516,
        -0.05566
      ],
      "initquaternion": [
        0,
        0,
        0.383867,
        0.923388
      ],
      "initscale": [
        0.999999,
        0.999999,
        1
      ],
      "offmtx": [
        [
          0,
          0.708918,
          -0.70529,
          -1.661538
        ],
        [
          3.8878403074704693e-7,
          0.70529,
          0.708918,
          0.64063
        ],
        [
          1,
          -2.943979495739768e-7,
          -2.555271407800319e-7,
          2.475028
        ]
      ],
      "boundingbox": [
        [
          -0.012702,
          -0.564002,
          -2.35079
        ],
        [
          1.782559,
          0.603452,
          2.737147
        ]
      ]
    },
    {
      "name": "Bone102",
      "parent": "Bone100",
      "initpos": [
        5.679708,
        0.123099,
        0.006643
      ],
      "initquaternion": [
        0,
        0,
        0.377487,
        0.926014
      ],
      "initscale": [
        0.999999,
        0.999999,
        1
      ],
      "offmtx": [
        [
          0,
          0.699118,
          -0.715005,
          -2.886093
        ],
        [
          3.8914004107937217e-7,
          0.715005,
          0.699118,
          1.751134
        ],
        [
          1,
          -2.9439797799568623e-7,
          -2.555271407800319e-7,
          2.412724
        ]
      ],
      "boundingbox": [
        [
          0.083645,
          -0.391459,
          -0.998736
        ],
        [
          1.291015,
          0.371133,
          1.001263
        ]
      ]
    },
    {
      "name": "Bone103",
      "parent": "Bone099",
      "initpos": [
        6.783272,
        -0.283336,
        -2.631367
      ],
      "initquaternion": [
        -0.005523,
        0.707084,
        0.707085,
        0.005523
      ],
      "initscale": [
        0.999999,
        0.999999,
        0.999999
      ],
      "offmtx": [
        [
          6.392187401615956e-7,
          0.999877,
          -0.015622,
          -2.826613
        ],
        [
          0,
          0.015622,
          0.999877,
          2.58753
        ],
        [
          1,
          -6.383062327586231e-7,
          0,
          2.477094
        ]
      ],
      "boundingbox": [
        [
          -0.011147,
          -0.414111,
          -2.431161
        ],
        [
          3.747614,
          0.394342,
          2.565631
        ]
      ]
    },
    {
      "name": "Bone104",
      "parent": "Bone103",
      "initpos": [
        2.135034,
        -0.5716,
        1.364902
      ],
      "initquaternion": [
        -3.2583145070930186e-7,
        0,
        0.007811,
        0.999969
      ],
      "initscale": [
        0.999999,
        0.999999,
        1
      ],
      "offmtx": [
        [
          0.000001,
          0.999999,
          0,
          -4.911687
        ],
        [
          -7.150772489694646e-7,
          0,
          0.999999,
          3.236258
        ],
        [
          1,
          -0.000001,
          7.150771352826268e-7,
          1.112196
        ]
      ],
      "boundingbox": [
        [
          -0.009242,
          -0.434182,
          -0.387629
        ],
        [
          3.490758,
          1.065817,
          0.362374
        ]
      ]
    },
    {
      "name": "Bone105",
      "parent": "Bone103",
      "initpos": [
        2.135033,
        -0.5716,
        -1.595438
      ],
      "initquaternion": [
        -3.2583145070930186e-7,
        0,
        0.007811,
        0.999969
      ],
      "initscale": [
        0.999999,
        0.999999,
        1
      ],
      "offmtx": [
        [
          0.000001,
          0.999999,
          0,
          -4.911686
        ],
        [
          -7.150772489694646e-7,
          0,
          0.999999,
          3.236256
        ],
        [
          1,
          -0.000001,
          7.150771352826268e-7,
          4.072538
        ]
      ],
      "boundingbox": [
        [
          -0.009243,
          -0.434183,
          -0.357245
        ],
        [
          3.490756,
          1.065817,
          0.392759
        ]
      ]
    },
    {
      "name": "Bone106",
      "parent": "Bone103",
      "initpos": [
        3.262792,
        -0.857749,
        -0.109704
      ],
      "initquaternion": [
        0,
        0,
        0.007811,
        0.999969
      ],
      "initscale": [
        0.999999,
        0.999999,
        1
      ],
      "offmtx": [
        [
          0.000001,
          0.999999,
          0,
          -6.034839
        ],
        [
          -2.3824006234463013e-7,
          0,
          0.999999,
          3.539989
        ],
        [
          1,
          -0.000001,
          2.382400339229207e-7,
          2.586801
        ]
      ],
      "boundingbox": [
        [
          -0.019177,
          -0.41174,
          -0.361438
        ],
        [
          3.480823,
          1.338259,
          0.388565
        ]
      ]
    },
    {
      "name": "Bone107",
      "parent": "Bone099",
      "initpos": [
        5.311826,
        -2.212743,
        -0.056419
      ],
      "initquaternion": [
        0,
        -2.713495632633567e-7,
        0.961789,
        -0.27379
      ],
      "initscale": [
        1,
        1,
        1
      ],
      "offmtx": [
        [
          -0.526657,
          0.850077,
          9.1249597744536e-7,
          -5.939743
        ],
        [
          -0.850077,
          -0.526657,
          -2.2539738608884363e-7,
          -1.503728
        ],
        [
          2.8896781145704153e-7,
          -8.943996476773464e-7,
          0.999999,
          0.056427
        ]
      ],
      "boundingbox": [
        [
          0.000826,
          -0.453068,
          -2.292704
        ],
        [
          2.876072,
          0.421649,
          2.207297
        ]
      ]
    }
  ],
  "boundingbox": [
    [
      -20.048572,
      -0.00003,
      -4.475748
    ],
    [
      0.262119,
      34.232612,
      4.287323
    ]
  ]
}
