{
  "skeleton": [
    {
      "name": "root",
      "parent": "root",
      "initpos": [
        0,
        0,
        0
      ],
      "initquaternion": [
        -1.1920928955078125e-7,
        0,
        0,
        1
      ],
      "initscale": [
        1,
        0.999999,
        0.999999
      ],
      "offmtx": [
        [
          1,
          0,
          0,
          0
        ],
        [
          0,
          1,
          0,
          0
        ],
        [
          0,
          0,
          1,
          0
        ]
      ],
      "boundingbox": [
        [
          0,
          0,
          0
        ],
        [
          0,
          0,
          0
        ]
      ]
    },
    {
      "name": "head",
      "parent": "root",
      "initpos": [
        0,
        0,
        0
      ],
      "initquaternion": [
        5.057621592641226e-7,
        4.439448559878656e-7,
        0.707106,
        0.707106
      ],
      "initscale": [
        1,
        1,
        1
      ],
      "offmtx": [
        [
          2.539411241286871e-7,
          0.999999,
          0,
          -24.085275
        ],
        [
          -1,
          2.5394109570697765e-7,
          0.000001,
          0.094615
        ],
        [
          0.000001,
          0,
          1,
          -0.27778
        ]
      ],
      "boundingbox": [
        [
          3.543255,
          -5.268136,
          -4.874098
        ],
        [
          7.999361,
          5.457371,
          -0.234882
        ]
      ]
    },
    {
      "name": "head_030",
      "parent": "head",
      "initpos": [
        7.43474,
        -3.253824,
        -4.309362
      ],
      "initquaternion": [
        -0.005289,
        -0.369738,
        0.006379,
        0.929098
      ],
      "initscale": [
        0.999999,
        0.999999,
        0.999999
      ],
      "offmtx": [
        [
          -0.015765,
          0.726505,
          0.686979,
          -20.077072
        ],
        [
          -0.999862,
          -0.007942,
          -0.014545,
          3.539698
        ],
        [
          -0.00511,
          -0.687114,
          0.726531,
          24.604047
        ]
      ],
      "boundingbox": [
        [
          -0.207106,
          -1.341432,
          -0.677657
        ],
        [
          6.58641,
          0.467202,
          0.166098
        ]
      ]
    },
    {
      "name": "head_031",
      "parent": "head_030",
      "initpos": [
        5.957549,
        2.384185791015625e-7,
        -0.536418
      ],
      "initquaternion": [
        -0.004906,
        -0.038577,
        0.126074,
        0.991258
      ],
      "initscale": [
        0.999999,
        0.999999,
        0.999999
      ],
      "offmtx": [
        [
          -0.265891,
          0.647558,
          0.714121,
          -22.351766
        ],
        [
          -0.963995,
          -0.175634,
          -0.199663,
          9.43528
        ],
        [
          -0.003869,
          -0.741498,
          0.670943,
          27.087779
        ]
      ],
      "boundingbox": [
        [
          -0.204225,
          -0.923316,
          -0.455235
        ],
        [
          4.098335,
          0.685683,
          0.379562
        ]
      ]
    },
    {
      "name": "head_032",
      "parent": "head",
      "initpos": [
        7.434739,
        3.438732,
        -4.309372
      ],
      "initquaternion": [
        0.005288,
        -0.369738,
        -0.006379,
        0.929098
      ],
      "initscale": [
        1,
        0.999999,
        1
      ],
      "offmtx": [
        [
          0.015765,
          0.726505,
          0.686979,
          -20.077123
        ],
        [
          -0.999862,
          0.007942,
          0.014545,
          -3.535377
        ],
        [
          0.00511,
          -0.687114,
          0.72653,
          24.604034
        ]
      ],
      "boundingbox": [
        [
          -0.207172,
          -0.462882,
          -0.67768
        ],
        [
          6.586344,
          1.345753,
          0.166073
        ]
      ]
    },
    {
      "name": "head_033",
      "parent": "head_032",
      "initpos": [
        5.957553,
        0,
        -0.536427
      ],
      "initquaternion": [
        0.004906,
        -0.038577,
        -0.126074,
        0.991258
      ],
      "initscale": [
        0.999999,
        1,
        0.999999
      ],
      "offmtx": [
        [
          0.26589,
          0.647559,
          0.714121,
          -22.352928
        ],
        [
          -0.963995,
          0.175633,
          0.199663,
          -9.431106
        ],
        [
          0.00387,
          -0.741498,
          0.670943,
          27.087751
        ]
      ],
      "boundingbox": [
        [
          -0.20537,
          -0.681519,
          -0.45525
        ],
        [
          4.097188,
          0.92748,
          0.379546
        ]
      ]
    },
    {
      "name": "head_035",
      "parent": "head",
      "initpos": [
        7.017162,
        -4.543554,
        -4.008466
      ],
      "initquaternion": [
        -0.114095,
        0.027734,
        -0.21798,
        0.968864
      ],
      "initscale": [
        0.999999,
        0.999999,
        0.999999
      ],
      "offmtx": [
        [
          0.428715,
          0.90343,
          -0.004001,
          -30.102287
        ],
        [
          -0.878934,
          0.416058,
          -0.233175,
          -9.73368
        ],
        [
          -0.208992,
          0.103482,
          0.972426,
          1.378616
        ]
      ],
      "boundingbox": [
        [
          -0.05009,
          -0.32661,
          -0.220392
        ],
        [
          1.888985,
          0.336785,
          0.218692
        ]
      ]
    },
    {
      "name": "head_034",
      "parent": "head",
      "initpos": [
        7.017166,
        4.723698,
        -4.008478
      ],
      "initquaternion": [
        0.114093,
        0.027734,
        0.21798,
        0.968864
      ],
      "initscale": [
        0.999999,
        0.999999,
        0.999999
      ],
      "offmtx": [
        [
          -0.428715,
          0.90343,
          -0.004001,
          -30.098392
        ],
        [
          -0.878934,
          -0.416058,
          0.233175,
          9.741666
        ],
        [
          0.208992,
          0.103482,
          0.972426,
          1.376709
        ]
      ],
      "boundingbox": [
        [
          -0.046201,
          -0.328798,
          -0.222294
        ],
        [
          1.892874,
          0.334597,
          0.216791
        ]
      ]
    }
  ],
  "boundingbox": [
    [
      -5.769851,
      27.62853,
      -4.596317
    ],
    [
      5.769851,
      39.134601,
      2.478721
    ]
  ]
}
