{
  "skeleton": [
    {
      "name": "root",
      "parent": "root",
      "initpos": [
        0,
        0,
        0
      ],
      "initquaternion": [
        0.707106,
        0,
        0,
        0.707106
      ],
      "initscale": [
        1,
        0.999999,
        0.999999
      ],
      "offmtx": [
        [
          1,
          0,
          0,
          0
        ],
        [
          0,
          1,
          0,
          0
        ],
        [
          0,
          0,
          1,
          0
        ]
      ],
      "boundingbox": [
        [
          0,
          0,
          0
        ],
        [
          0,
          0,
          0
        ]
      ]
    },
    {
      "name": "Bone006",
      "parent": "root",
      "initpos": [
        0.064407,
        -6.556811058544554e-7,
        -24.106071
      ],
      "initquaternion": [
        -0.502831,
        0.497152,
        0.497152,
        0.502831
      ],
      "initscale": [
        1,
        0.999999,
        0.999999
      ],
      "offmtx": [
        [
          1,
          0,
          0,
          0
        ],
        [
          0,
          1,
          0,
          0
        ],
        [
          0,
          0,
          1,
          0
        ]
      ],
      "boundingbox": [
        [
          0,
          0,
          0
        ],
        [
          0,
          0,
          0
        ]
      ]
    },
    {
      "name": "Bone173",
      "parent": "Bone006",
      "initpos": [
        0.072196,
        -0.013685,
        -3.901346
      ],
      "initquaternion": [
        -4.172258059043088e-7,
        0,
        0.005678,
        0.999983
      ],
      "initscale": [
        0.999999,
        0.999999,
        1
      ],
      "offmtx": [
        [
          0,
          0.999999,
          0,
          -24.178108
        ],
        [
          -1,
          0,
          0.000001,
          0.078907
        ],
        [
          0.000001,
          0,
          0.999999,
          3.901346
        ]
      ],
      "boundingbox": [
        [
          -0.517037,
          -3.884622,
          -1.450722
        ],
        [
          9.163823,
          4.04243,
          2.097235
        ]
      ]
    },
    {
      "name": "Bone174",
      "parent": "Bone173",
      "initpos": [
        4.3152,
        3.652142,
        1.254678
      ],
      "initquaternion": [
        0.515816,
        -0.3204,
        0.416081,
        0.67687
      ],
      "initscale": [
        0.999999,
        0.999999,
        0.999999
      ],
      "offmtx": [
        [
          -0.232728,
          0.448439,
          0.862982,
          -11.325103
        ],
        [
          -0.121619,
          -0.893801,
          0.431656,
          26.175237
        ],
        [
          0.964907,
          -0.004497,
          0.262552,
          4.270868
        ]
      ],
      "boundingbox": [
        [
          -0.557473,
          -1.259139,
          -0.231839
        ],
        [
          9.202625,
          1.658558,
          0.244399
        ]
      ]
    },
    {
      "name": "Bone175",
      "parent": "Bone174",
      "initpos": [
        8.185187,
        0.314916,
        -0.359099
      ],
      "initquaternion": [
        0.091014,
        -0.096245,
        -0.270034,
        0.953695
      ],
      "initscale": [
        0.999999,
        0.999999,
        0.999999
      ],
      "offmtx": [
        [
          0.000002,
          0.850149,
          0.52654,
          -29.453849
        ],
        [
          0.000002,
          -0.52654,
          0.850149,
          12.997694
        ],
        [
          1,
          -5.154868745194108e-7,
          -0.000003,
          5.862993
        ]
      ],
      "boundingbox": [
        [
          -0.068938,
          -1.318468,
          -0.61132
        ],
        [
          5.025349,
          1.446419,
          0.818432
        ]
      ]
    },
    {
      "name": "Bone176",
      "parent": "Bone173",
      "initpos": [
        2.664018,
        3.749107,
        1.667239
      ],
      "initquaternion": [
        0.494112,
        -0.354224,
        0.441636,
        0.659799
      ],
      "initscale": [
        0.999999,
        1,
        0.999999
      ],
      "offmtx": [
        [
          -0.232728,
          0.358964,
          0.90387,
          -8.470195
        ],
        [
          -0.121619,
          -0.932836,
          0.339153,
          25.350639
        ],
        [
          0.964907,
          -0.030997,
          0.260755,
          4.956003
        ]
      ],
      "boundingbox": [
        [
          -0.208846,
          -1.253695,
          -0.3482
        ],
        [
          9.107332,
          1.634361,
          0.467638
        ]
      ]
    },
    {
      "name": "Bone177",
      "parent": "Bone173",
      "initpos": [
        4.18847,
        -3.504352,
        1.028369
      ],
      "initquaternion": [
        -0.515163,
        -0.313797,
        -0.413745,
        0.681874
      ],
      "initscale": [
        0.999999,
        0.999999,
        0.999999
      ],
      "offmtx": [
        [
          0.240933,
          0.460691,
          0.854233,
          -11.477367
        ],
        [
          -0.126842,
          0.887558,
          -0.442888,
          -25.994903
        ],
        [
          -0.962217,
          -0.001646,
          0.272278,
          4.276824
        ]
      ],
      "boundingbox": [
        [
          -0.316944,
          -1.637066,
          -0.064107
        ],
        [
          9.43675,
          1.146548,
          0.314991
        ]
      ]
    },
    {
      "name": "Bone178",
      "parent": "Bone177",
      "initpos": [
        8.225923,
        -0.31274,
        0.158887
      ],
      "initquaternion": [
        -0.108317,
        -0.040083,
        0.242787,
        0.963179
      ],
      "initscale": [
        0.999999,
        0.999999,
        0.999999
      ],
      "offmtx": [
        [
          0.127641,
          0.827673,
          0.546501,
          -29.450197
        ],
        [
          -0.000002,
          0.551008,
          -0.834499,
          -13.947152
        ],
        [
          -0.99182,
          0.106515,
          0.070333,
          1.706854
        ]
      ],
      "boundingbox": [
        [
          0.057017,
          -1.522403,
          -0.918814
        ],
        [
          5.14658,
          1.286706,
          0.424378
        ]
      ]
    },
    {
      "name": "Bone179",
      "parent": "Bone173",
      "initpos": [
        2.325864,
        -3.520029,
        1.602373
      ],
      "initquaternion": [
        -0.536427,
        -0.31522,
        -0.453782,
        0.637936
      ],
      "initscale": [
        0.999999,
        0.999999,
        0.999999
      ],
      "offmtx": [
        [
          0.240784,
          0.389435,
          0.889023,
          -9.1443
        ],
        [
          -0.012655,
          0.917154,
          -0.39833,
          -25.178449
        ],
        [
          -0.970496,
          0.08466,
          0.225765,
          1.76793
        ]
      ],
      "boundingbox": [
        [
          -0.035547,
          -1.515221,
          -0.336856
        ],
        [
          9.345999,
          1.50473,
          0.585595
        ]
      ]
    }
  ],
  "boundingbox": [
    [
      -6.474279,
      23.661069,
      -5.352074
    ],
    [
      6.474279,
      36.674633,
      7.425237
    ]
  ]
}
