{
  "skeleton": [
    {
      "name": "root",
      "parent": "root",
      "initpos": [
        0,
        0,
        0
      ],
      "initquaternion": [
        0.707106,
        0,
        0,
        0.707106
      ],
      "initscale": [
        1,
        0.999999,
        0.999999
      ],
      "offmtx": [
        [
          1,
          0,
          0,
          0
        ],
        [
          0,
          1,
          0,
          0
        ],
        [
          0,
          0,
          1,
          0
        ]
      ],
      "boundingbox": [
        [
          0,
          0,
          0
        ],
        [
          0,
          0,
          0
        ]
      ]
    },
    {
      "name": "Bone001",
      "parent": "root",
      "initpos": [
        -0.070846,
        -5.364088337955764e-7,
        -12.197314
      ],
      "initquaternion": [
        -0.499999,
        0.5,
        0.499999,
        0.5
      ],
      "initscale": [
        1,
        0.999999,
        0.999999
      ],
      "offmtx": [
        [
          1,
          0,
          0,
          0
        ],
        [
          0,
          1,
          0,
          0
        ],
        [
          0,
          0,
          1,
          0
        ]
      ],
      "boundingbox": [
        [
          0,
          0,
          0
        ],
        [
          0,
          0,
          0
        ]
      ]
    },
    {
      "name": "Bone055",
      "parent": "Bone001",
      "initpos": [
        6.416228,
        -0.007943,
        5.833976
      ],
      "initquaternion": [
        4.416652643612906e-7,
        0.997366,
        -0.000001,
        -0.072519
      ],
      "initscale": [
        0.999999,
        1,
        0.999999
      ],
      "offmtx": [
        [
          -3.734522238119098e-7,
          -0.989481,
          0.144657,
          17.573829
        ],
        [
          -1,
          4.5836915774088993e-7,
          5.536905405278958e-7,
          -0.062896
        ],
        [
          -6.141734729681048e-7,
          -0.144657,
          -0.989481,
          8.465209
        ]
      ],
      "boundingbox": [
        [
          -0.202093,
          -4.190109,
          -0.071145
        ],
        [
          3.888033,
          4.064336,
          0.986968
        ]
      ]
    },
    {
      "name": "Bone056",
      "parent": "Bone055",
      "initpos": [
        3.760025,
        0,
        0
      ],
      "initquaternion": [
        2.3841776908284373e-7,
        0,
        0.002573,
        0.999996
      ],
      "initscale": [
        1,
        1,
        1
      ],
      "offmtx": [
        [
          -0.005147,
          -0.989468,
          0.144655,
          13.813299
        ],
        [
          -0.999986,
          0.005093,
          -0.000744,
          -0.133998
        ],
        [
          -1.459266059100628e-7,
          -0.144657,
          -0.989481,
          8.465209
        ]
      ],
      "boundingbox": [
        [
          -0.070898,
          -3.199421,
          -0.668505
        ],
        [
          3.715137,
          3.057969,
          0.658093
        ]
      ]
    },
    {
      "name": "Bone057",
      "parent": "Bone055",
      "initpos": [
        1.204395,
        -0.131007,
        0
      ],
      "initquaternion": [
        0,
        -5.205484967518714e-7,
        1,
        -1.9470718370939721e-7
      ],
      "initscale": [
        0.999999,
        0.999999,
        1
      ],
      "offmtx": [
        [
          6.754438572897925e-7,
          0.989481,
          -0.144657,
          -16.36943
        ],
        [
          1,
          -6.065814659450552e-7,
          5.201407589083828e-7,
          -0.068114
        ],
        [
          4.2692300894486834e-7,
          -0.144657,
          -0.989481,
          8.465209
        ]
      ],
      "boundingbox": [
        [
          -0.186459,
          -2.189444,
          -0.592468
        ],
        [
          4.68191,
          2.053197,
          0.485218
        ]
      ]
    },
    {
      "name": "Bone058",
      "parent": "Bone057",
      "initpos": [
        1.206817,
        0.482727,
        0
      ],
      "initquaternion": [
        0,
        -2.4383197683164326e-7,
        0.533064,
        0.846074
      ],
      "initscale": [
        1,
        1,
        1
      ],
      "offmtx": [
        [
          0.902025,
          0.427142,
          -0.062446,
          -8.084253
        ],
        [
          0.431683,
          -0.892537,
          0.130485,
          15.616425
        ],
        [
          0,
          -0.144658,
          -0.989481,
          8.465215
        ]
      ],
      "boundingbox": [
        [
          -0.120823,
          -1.33272,
          -0.393481
        ],
        [
          6.169473,
          1.151746,
          0.894542
        ]
      ]
    },
    {
      "name": "Bone059",
      "parent": "Bone058",
      "initpos": [
        2.429613,
        1.073544,
        0.000001
      ],
      "initquaternion": [
        0,
        -1.6169514083230752e-7,
        0.676586,
        0.736363
      ],
      "initscale": [
        0.999999,
        0.999999,
        1
      ],
      "offmtx": [
        [
          0.506328,
          -0.85327,
          0.124744,
          13.602882
        ],
        [
          -0.86234,
          -0.501002,
          0.073244,
          11.704624
        ],
        [
          -1.6018742599044344e-7,
          -0.144657,
          -0.989481,
          8.465209
        ]
      ],
      "boundingbox": [
        [
          -0.069896,
          -0.933015,
          0.277057
        ],
        [
          5.211658,
          1.793748,
          0.93076
        ]
      ]
    },
    {
      "name": "Bone060",
      "parent": "Bone058",
      "initpos": [
        3.119307,
        0.377888,
        9.5367431640625e-7
      ],
      "initquaternion": [
        0,
        -2.2489348339149728e-7,
        0.514299,
        0.85761
      ],
      "initscale": [
        1,
        1,
        1
      ],
      "offmtx": [
        [
          0.805651,
          -0.586159,
          0.085693,
          8.165687
        ],
        [
          -0.59239,
          -0.797176,
          0.116544,
          17.060312
        ],
        [
          -3.501772880554199e-7,
          -0.144658,
          -0.989481,
          8.465215
        ]
      ],
      "boundingbox": [
        [
          -0.184439,
          -1.608106,
          0.247257
        ],
        [
          5.199001,
          1.77327,
          0.856965
        ]
      ]
    },
    {
      "name": "Bone061",
      "parent": "Bone057",
      "initpos": [
        0.56318,
        -0.040227,
        0
      ],
      "initquaternion": [
        0.000002,
        0,
        0.003703,
        0.999993
      ],
      "initscale": [
        1,
        1,
        1
      ],
      "offmtx": [
        [
          0.007407,
          0.989454,
          -0.144653,
          -16.932353
        ],
        [
          0.999972,
          -0.007329,
          0.001067,
          0.097559
        ],
        [
          -0.000003,
          -0.144657,
          -0.989481,
          8.465209
        ]
      ],
      "boundingbox": [
        [
          0.586451,
          -2.525472,
          -0.622658
        ],
        [
          5.548025,
          2.424238,
          0.014444
        ]
      ]
    },
    {
      "name": "Bone062",
      "parent": "Bone057",
      "initpos": [
        1.086137,
        -0.60341,
        -0.000001
      ],
      "initquaternion": [
        3.3461353154962126e-7,
        0,
        -0.539162,
        0.842201
      ],
      "initscale": [
        0.999999,
        0.999999,
        1
      ],
      "offmtx": [
        [
          -0.908167,
          0.414205,
          -0.060554,
          -7.793175
        ],
        [
          0.418608,
          0.898614,
          -0.131373,
          -15.628494
        ],
        [
          -2.868473529815674e-7,
          -0.144657,
          -0.989481,
          8.46521
        ]
      ],
      "boundingbox": [
        [
          -0.072093,
          -1.049185,
          -0.393479
        ],
        [
          6.23047,
          1.524212,
          0.894543
        ]
      ]
    },
    {
      "name": "Bone063",
      "parent": "Bone062",
      "initpos": [
        2.01218,
        -1.016077,
        0.000003
      ],
      "initquaternion": [
        -1.193073870808803e-7,
        -1.3319214531293255e-7,
        -0.667215,
        0.744864
      ],
      "initscale": [
        0.999999,
        0.999999,
        1
      ],
      "offmtx": [
        [
          -0.515661,
          -0.84778,
          0.123941,
          13.449188
        ],
        [
          -0.856792,
          0.510237,
          -0.074594,
          -11.348438
        ],
        [
          -1.5646213569198153e-7,
          -0.144657,
          -0.989481,
          8.465205
        ]
      ],
      "boundingbox": [
        [
          -0.086544,
          -1.290184,
          0.277059
        ],
        [
          5.175167,
          1.379961,
          0.93076
        ]
      ]
    },
    {
      "name": "Bone064",
      "parent": "Bone062",
      "initpos": [
        3.104747,
        -0.279419,
        0.000003
      ],
      "initquaternion": [
        -1.383385495046241e-7,
        -1.3128644127391453e-7,
        -0.560506,
        0.82815
      ],
      "initscale": [
        0.999999,
        0.999999,
        1
      ],
      "offmtx": [
        [
          -0.726155,
          -0.680298,
          0.099456,
          10.199199
        ],
        [
          -0.68753,
          0.718517,
          -0.105043,
          -15.821986
        ],
        [
          -1.341104507446289e-7,
          -0.144657,
          -0.989481,
          8.465203
        ]
      ],
      "boundingbox": [
        [
          -0.355035,
          -1.39872,
          0.247258
        ],
        [
          5.207152,
          1.946143,
          0.856963
        ]
      ]
    },
    {
      "name": "Bone065",
      "parent": "Bone055",
      "initpos": [
        -0.192546,
        -0.062885,
        0.782636
      ],
      "initquaternion": [
        -0.707098,
        -0.003294,
        -0.003294,
        0.707099
      ],
      "initscale": [
        0.999999,
        0.999999,
        0.999999
      ],
      "offmtx": [
        [
          0,
          -0.990786,
          0.135431,
          17.837184
        ],
        [
          1.4938262893338106e-7,
          0.135431,
          0.990786,
          -7.516698
        ],
        [
          -1,
          0,
          1.493929460139043e-7,
          -0.000001
        ]
      ],
      "boundingbox": [
        [
          -0.008527,
          -0.294008,
          -3.257124
        ],
        [
          4.175528,
          0.284946,
          3.257124
        ]
      ]
    },
    {
      "name": "Bone066",
      "parent": "Bone065",
      "initpos": [
        3.990624,
        -4.76837158203125e-7,
        0
      ],
      "initquaternion": [
        0,
        0,
        0.118879,
        0.992908
      ],
      "initscale": [
        0.999999,
        0.999999,
        1
      ],
      "offmtx": [
        [
          0,
          -0.93081,
          0.365501,
          11.680706
        ],
        [
          1.4274313286932738e-7,
          0.365501,
          0.93081,
          -10.573033
        ],
        [
          -1,
          0,
          1.493927754836477e-7,
          -0.000001
        ]
      ],
      "boundingbox": [
        [
          -0.047795,
          -0.365514,
          -4.819626
        ],
        [
          5.872702,
          0.281292,
          4.819625
        ]
      ]
    },
    {
      "name": "Bone067",
      "parent": "Bone066",
      "initpos": [
        5.836847,
        0,
        0
      ],
      "initquaternion": [
        0,
        0,
        0.179505,
        0.983756
      ],
      "initscale": [
        1,
        1,
        1
      ],
      "offmtx": [
        [
          0,
          -0.741737,
          0.67069,
          1.733071
        ],
        [
          1.1757524731592639e-7,
          0.67069,
          0.741737,
          -11.955595
        ],
        [
          -1,
          0,
          1.4939273285108357e-7,
          -0.000001
        ]
      ],
      "boundingbox": [
        [
          -0.740211,
          -0.623567,
          -5.133931
        ],
        [
          7.534417,
          0.549355,
          5.133931
        ]
      ]
    },
    {
      "name": "Bone068",
      "parent": "Bone055",
      "initpos": [
        -0.481115,
        -5.566405,
        2.78514
      ],
      "initquaternion": [
        -0.704793,
        0.150985,
        -0.057144,
        0.690799
      ],
      "initscale": [
        0.999999,
        0.999999,
        0.999999
      ],
      "offmtx": [
        [
          0.291778,
          -0.919381,
          0.263822,
          14.780689
        ],
        [
          0,
          0.275824,
          0.961207,
          -8.046076
        ],
        [
          -0.956485,
          -0.280459,
          0.080479,
          10.262772
        ]
      ],
      "boundingbox": [
        [
          0.729146,
          -0.419977,
          -4.408147
        ],
        [
          4.256276,
          0.462656,
          3.753892
        ]
      ]
    },
    {
      "name": "Bone069",
      "parent": "Bone068",
      "initpos": [
        4.287763,
        9.5367431640625e-7,
        0
      ],
      "initquaternion": [
        -0.00142,
        0.012814,
        0.008049,
        0.999884
      ],
      "initscale": [
        0.999999,
        0.999999,
        0.999999
      ],
      "offmtx": [
        [
          0.316176,
          -0.907337,
          0.277075,
          10.095666
        ],
        [
          -0.002187,
          0.291359,
          0.95661,
          -8.241334
        ],
        [
          -0.948697,
          -0.303064,
          0.090136,
          10.503487
        ]
      ],
      "boundingbox": [
        [
          -0.389038,
          -0.522253,
          -4.510734
        ],
        [
          4.655681,
          0.423852,
          3.939214
        ]
      ]
    },
    {
      "name": "Bone070",
      "parent": "Bone069",
      "initpos": [
        4.392974,
        -0.000028,
        0
      ],
      "initquaternion": [
        -0.000111,
        0.009037,
        0.107533,
        0.99416
      ],
      "initscale": [
        0.999999,
        0.999999,
        1
      ],
      "offmtx": [
        [
          0.325416,
          -0.818455,
          0.473532,
          3.618798
        ],
        [
          -0.071372,
          0.4781,
          0.875399,
          -9.25194
        ],
        [
          -0.942873,
          -0.318666,
          0.097167,
          10.586256
        ]
      ],
      "boundingbox": [
        [
          -0.266499,
          -1.029145,
          -8.477232
        ],
        [
          14.119098,
          0.728512,
          5.366456
        ]
      ]
    },
    {
      "name": "Bone071",
      "parent": "Bone068",
      "initpos": [
        0.904921,
        -0.172661,
        -0.414714
      ],
      "initquaternion": [
        -0.464093,
        0.522894,
        0.516116,
        0.494795
      ],
      "initscale": [
        0.999999,
        0.999999,
        0.999999
      ],
      "offmtx": [
        [
          0.929919,
          0.359657,
          -0.07678,
          -11.944512
        ],
        [
          -0.36762,
          0.903274,
          -0.221247,
          -13.249325
        ],
        [
          -0.010219,
          0.233968,
          0.97219,
          -7.093686
        ]
      ],
      "boundingbox": [
        [
          -0.163213,
          -5.416498,
          -0.701114
        ],
        [
          7.056324,
          4.135317,
          0.932701
        ]
      ]
    },
    {
      "name": "Bone072",
      "parent": "Bone055",
      "initpos": [
        -0.550792,
        5.343826,
        2.790724
      ],
      "initquaternion": [
        -0.68772,
        -0.076255,
        0.150154,
        0.706172
      ],
      "initscale": [
        0.999999,
        1,
        0.999999
      ],
      "offmtx": [
        [
          -0.316954,
          -0.919059,
          0.234242,
          14.822059
        ],
        [
          -0.008987,
          0.249876,
          0.968235,
          -7.632842
        ],
        [
          -0.948398,
          0.304781,
          -0.087458,
          -10.582085
        ]
      ],
      "boundingbox": [
        [
          0.728009,
          -0.313143,
          -3.788542
        ],
        [
          4.437348,
          0.479715,
          4.364587
        ]
      ]
    },
    {
      "name": "Bone073",
      "parent": "Bone072",
      "initpos": [
        4.287763,
        9.5367431640625e-7,
        0
      ],
      "initquaternion": [
        0,
        0,
        0.033057,
        0.999453
      ],
      "initscale": [
        0.999999,
        0.999999,
        1
      ],
      "offmtx": [
        [
          -0.316855,
          -0.900539,
          0.29771,
          10.006903
        ],
        [
          0.011976,
          0.31006,
          0.950641,
          -8.312254
        ],
        [
          -0.948398,
          0.304781,
          -0.087458,
          -10.582086
        ]
      ],
      "boundingbox": [
        [
          -0.292273,
          -0.520418,
          -3.988271
        ],
        [
          4.759069,
          0.557209,
          4.462668
        ]
      ]
    },
    {
      "name": "Bone074",
      "parent": "Bone073",
      "initpos": [
        4.392976,
        -0.00003,
        -0.000001
      ],
      "initquaternion": [
        0,
        0,
        0.095716,
        0.995408
      ],
      "initscale": [
        1,
        1,
        1
      ],
      "offmtx": [
        [
          -0.308767,
          -0.824955,
          0.473403,
          3.92714
        ],
        [
          0.072134,
          0.475979,
          0.876492,
          -9.229666
        ],
        [
          -0.948398,
          0.304781,
          -0.087458,
          -10.582085
        ]
      ],
      "boundingbox": [
        [
          -0.107806,
          -1.012755,
          -5.378983
        ],
        [
          14.083505,
          0.741368,
          8.655139
        ]
      ]
    },
    {
      "name": "Bone075",
      "parent": "Bone072",
      "initpos": [
        0.839529,
        0.005323,
        0.681432
      ],
      "initquaternion": [
        -0.495385,
        -0.504752,
        -0.497183,
        0.50262
      ],
      "initscale": [
        0.999999,
        0.999999,
        0.999999
      ],
      "offmtx": [
        [
          -0.947147,
          0.308469,
          -0.088083,
          -11.320746
        ],
        [
          -0.320774,
          -0.914069,
          0.248153,
          13.824006
        ],
        [
          -0.003966,
          0.263292,
          0.964707,
          -7.839455
        ]
      ],
      "boundingbox": [
        [
          -0.40101,
          -4.152571,
          -0.743393
        ],
        [
          7.047543,
          5.26332,
          0.786315
        ]
      ]
    }
  ],
  "boundingbox": [
    [
      -20.347023,
      1.422026,
      1.262393
    ],
    [
      20.347023,
      23.545446,
      13.074789
    ]
  ]
}
