{
  "skeleton": [
    {
      "name": "root",
      "parent": "root",
      "initpos": [
        0,
        0,
        0
      ],
      "initquaternion": [
        0.707106,
        0,
        0,
        0.707106
      ],
      "initscale": [
        1,
        0.999999,
        0.999999
      ],
      "offmtx": [
        [
          1,
          0,
          0,
          0
        ],
        [
          0,
          1,
          0,
          0
        ],
        [
          0,
          0,
          1,
          0
        ]
      ],
      "boundingbox": [
        [
          0,
          0,
          0
        ],
        [
          0,
          0,
          0
        ]
      ]
    },
    {
      "name": "bone01",
      "parent": "root",
      "initpos": [
        7.962025847518817e-7,
        10.478236,
        -17.682882
      ],
      "initquaternion": [
        -0.499998,
        0.500001,
        -0.499998,
        0.500001
      ],
      "initscale": [
        1,
        1,
        1
      ],
      "offmtx": [
        [
          -1.3311836255525122e-7,
          0.000005,
          -0.999999,
          10.478134
        ],
        [
          -2.8212920710757317e-7,
          0.999999,
          0.000005,
          -17.682941
        ],
        [
          1,
          2.8212994607201836e-7,
          -1.3311672830695898e-7,
          -0.000004
        ]
      ],
      "boundingbox": [
        [
          -4.259902,
          -5.643623,
          -6.540402
        ],
        [
          13.428277,
          10.726385,
          5.645153
        ]
      ]
    },
    {
      "name": "bone02",
      "parent": "bone01",
      "initpos": [
        12.662667,
        -0.000001,
        0.000003
      ],
      "initquaternion": [
        0,
        0,
        0,
        1
      ],
      "initscale": [
        1,
        1,
        1
      ],
      "offmtx": [
        [
          -1.331182346575588e-7,
          0.000005,
          -0.999999,
          -2.184523
        ],
        [
          0.000001,
          0.999999,
          0.000005,
          -17.682941
        ],
        [
          1,
          -0.000001,
          -1.331276990867991e-7,
          0.000029
        ]
      ],
      "boundingbox": [
        [
          0.187218,
          -5.643685,
          -8.515256
        ],
        [
          11.87465,
          5.567275,
          8.52236
        ]
      ]
    },
    {
      "name": "bone03",
      "parent": "bone02",
      "initpos": [
        11.342886,
        -2.506246,
        0.000004
      ],
      "initquaternion": [
        -5.872958013242169e-7,
        -5.313055453370907e-7,
        -0.703413,
        0.710781
      ],
      "initscale": [
        0.999999,
        0.999999,
        1
      ],
      "offmtx": [
        [
          -2.2618284845066228e-7,
          -0.999945,
          -0.010424,
          15.034922
        ],
        [
          -2.0170539016817202e-7,
          0.010424,
          -0.999945,
          -13.684813
        ],
        [
          1,
          -2.240677758891252e-7,
          -2.0405235545695177e-7,
          -4.76837158203125e-7
        ]
      ],
      "boundingbox": [
        [
          -0.025708,
          -1.688452,
          -1.644367
        ],
        [
          3.98186,
          1.689316,
          1.718899
        ]
      ]
    },
    {
      "name": "bone04",
      "parent": "bone03",
      "initpos": [
        3.619226,
        9.5367431640625e-7,
        9.588006832927931e-7
      ],
      "initquaternion": [
        0,
        0,
        0,
        1
      ],
      "initscale": [
        0.999999,
        0.999999,
        1
      ],
      "offmtx": [
        [
          -1.0654780169261358e-7,
          -0.999945,
          -0.010424,
          11.415696
        ],
        [
          0.000005,
          0.010424,
          -0.999945,
          -13.684814
        ],
        [
          1,
          -1.6554784565414593e-7,
          0.000005,
          0.000077
        ]
      ],
      "boundingbox": [
        [
          -0.004154,
          -0.576253,
          -0.523283
        ],
        [
          3.442472,
          0.573998,
          0.597811
        ]
      ]
    },
    {
      "name": "bone05",
      "parent": "bone02",
      "initpos": [
        8.016548,
        0.00996,
        -4.10971
      ],
      "initquaternion": [
        0.000002,
        -0.000004,
        -0.707187,
        0.707026
      ],
      "initscale": [
        0.999999,
        0.999999,
        1
      ],
      "offmtx": [
        [
          0,
          -0.999999,
          0.000222,
          17.695234
        ],
        [
          0.000009,
          -0.000222,
          -0.999999,
          -10.196997
        ],
        [
          1,
          0,
          0.000009,
          4.109808
        ]
      ],
      "boundingbox": [
        [
          0.009309,
          -2.476789,
          -1.652301
        ],
        [
          8.979143,
          2.570037,
          1.711016
        ]
      ]
    },
    {
      "name": "bone06",
      "parent": "bone05",
      "initpos": [
        7.814205,
        9.5367431640625e-7,
        -4.76837158203125e-7
      ],
      "initquaternion": [
        -0.000005,
        -0.000004,
        0.000203,
        1
      ],
      "initscale": [
        0.999999,
        0.999999,
        1
      ],
      "offmtx": [
        [
          0.000008,
          -0.999999,
          -0.000184,
          9.876909
        ],
        [
          -2.2263375853981415e-7,
          0.000184,
          -0.999999,
          -10.201064
        ],
        [
          1,
          0.000008,
          -2.210031340155183e-7,
          4.109619
        ]
      ],
      "boundingbox": [
        [
          -0.009481,
          -1.551769,
          -1.097688
        ],
        [
          7.838781,
          1.81295,
          1.144557
        ]
      ]
    },
    {
      "name": "bone07",
      "parent": "bone06",
      "initpos": [
        8.120213,
        -9.5367431640625e-7,
        4.76837158203125e-7
      ],
      "initquaternion": [
        -0.000003,
        0.000003,
        0.702751,
        0.711434
      ],
      "initscale": [
        0.999999,
        0.999999,
        1
      ],
      "offmtx": [
        [
          -0.000008,
          -0.012094,
          -0.999926,
          -10.178757
        ],
        [
          -0.000008,
          0.999926,
          -0.012094,
          -1.881826
        ],
        [
          1,
          0.000008,
          -0.000008,
          4.109531
        ]
      ],
      "boundingbox": [
        [
          -2.336674,
          -1.871205,
          -2.303442
        ],
        [
          2.806019,
          4.159365,
          2.384095
        ]
      ]
    },
    {
      "name": "bone08",
      "parent": "bone02",
      "initpos": [
        8.016546,
        0.009975,
        4.11029
      ],
      "initquaternion": [
        -0.707104,
        0.707108,
        -0.000079,
        -0.000079
      ],
      "initscale": [
        0.999999,
        0.999999,
        0.999999
      ],
      "offmtx": [
        [
          0.000222,
          -0.999999,
          0,
          17.692049
        ],
        [
          -3.4435080920047767e-7,
          0,
          0.999999,
          10.200979
        ],
        [
          -1,
          -0.000222,
          -3.4433398354849487e-7,
          4.114224
        ]
      ],
      "boundingbox": [
        [
          0.009503,
          -2.568024,
          -1.651685
        ],
        [
          8.97896,
          2.476777,
          1.713578
        ]
      ]
    },
    {
      "name": "bone09",
      "parent": "bone08",
      "initpos": [
        7.814205,
        0.001738,
        0.001739
      ],
      "initquaternion": [
        0,
        -0.000018,
        0,
        1
      ],
      "initscale": [
        1,
        1,
        1
      ],
      "offmtx": [
        [
          0.000185,
          -0.999999,
          0,
          9.877997
        ],
        [
          -3.4447663210812607e-7,
          0,
          0.999999,
          10.199239
        ],
        [
          -1,
          -0.000185,
          -3.4446259178366745e-7,
          4.112116
        ]
      ],
      "boundingbox": [
        [
          -0.009396,
          -1.812948,
          -1.097035
        ],
        [
          7.83864,
          1.55032,
          1.146596
        ]
      ]
    },
    {
      "name": "bone10",
      "parent": "bone09",
      "initpos": [
        8.120212,
        -0.001501,
        0.001575
      ],
      "initquaternion": [
        0.000071,
        -0.000065,
        -0.702817,
        0.711369
      ],
      "initscale": [
        1,
        0.999999,
        1
      ],
      "offmtx": [
        [
          0.000008,
          -0.012094,
          -0.999926,
          -10.178759
        ],
        [
          -0.000008,
          -0.999926,
          0.012094,
          1.881826
        ],
        [
          -1,
          0.000008,
          -0.000008,
          4.110112
        ]
      ],
      "boundingbox": [
        [
          -2.336676,
          -4.159328,
          -2.302851
        ],
        [
          2.806017,
          1.871206,
          2.322321
        ]
      ]
    },
    {
      "name": "Bone018",
      "parent": "bone02",
      "initpos": [
        6.392806,
        1.736734,
        -0.000003
      ],
      "initquaternion": [
        -8.146097911776451e-7,
        3.9314855371230806e-7,
        0.446095,
        0.894985
      ],
      "initscale": [
        0.999999,
        0.999999,
        1
      ],
      "offmtx": [
        [
          0,
          0.7985,
          -0.601994,
          -20.670097
        ],
        [
          0,
          0.601994,
          0.7985,
          -4.841643
        ],
        [
          1,
          0,
          -1.1005578670619798e-7,
          -0.000001
        ]
      ],
      "boundingbox": [
        [
          -0.184478,
          -10.33274,
          -3.355938
        ],
        [
          17.024677,
          8.174246,
          3.442273
        ]
      ]
    },
    {
      "name": "Bone019",
      "parent": "Bone018",
      "initpos": [
        13.431659,
        4.120365,
        0
      ],
      "initquaternion": [
        0,
        0,
        0.914147,
        0.40538
      ],
      "initscale": [
        1,
        1,
        1
      ],
      "offmtx": [
        [
          1.9725725053376664e-7,
          -0.089887,
          0.995951,
          16.251379
        ],
        [
          0,
          -0.995951,
          -0.089887,
          31.291208
        ],
        [
          1,
          0,
          -2.0498319486250693e-7,
          -9.5367431640625e-7
        ]
      ],
      "boundingbox": [
        [
          -2.437035,
          -4.782923,
          -4.363558
        ],
        [
          11.501489,
          4.789799,
          4.363552
        ]
      ]
    },
    {
      "name": "bone11",
      "parent": "bone01",
      "initpos": [
        12.034771,
        5.155361,
        -6.999997
      ],
      "initquaternion": [
        -0.087328,
        -0.036313,
        0.919216,
        -0.382224
      ],
      "initscale": [
        0.999999,
        0.999999,
        1
      ],
      "offmtx": [
        [
          -0.188307,
          -0.696356,
          0.692551,
          15.663419
        ],
        [
          -5.066394805908203e-7,
          -0.705166,
          -0.709041,
          15.001186
        ],
        [
          0.98211,
          -0.133518,
          0.132787,
          10.130784
        ]
      ],
      "boundingbox": [
        [
          -2.880342,
          -5.457576,
          -1.854767
        ],
        [
          8.519845,
          2.331907,
          1.393336
        ]
      ]
    },
    {
      "name": "bone12",
      "parent": "bone11",
      "initpos": [
        7.61505,
        -0.000001,
        -0.000001
      ],
      "initquaternion": [
        0.005529,
        0.034561,
        -0.17712,
        0.983566
      ],
      "initscale": [
        0.999999,
        0.999999,
        0.999999
      ],
      "offmtx": [
        [
          -0.244736,
          -0.396237,
          0.884929,
          1.594578
        ],
        [
          -0.067023,
          -0.903587,
          -0.423128,
          16.852497
        ],
        [
          0.96727,
          -0.162866,
          0.194583,
          10.290552
        ]
      ],
      "boundingbox": [
        [
          -0.474706,
          -2.180953,
          -0.796111
        ],
        [
          4.642228,
          1.60085,
          0.782055
        ]
      ]
    },
    {
      "name": "bone13",
      "parent": "bone12",
      "initpos": [
        4.38783,
        -0.000127,
        9.5367431640625e-7
      ],
      "initquaternion": [
        -0.000113,
        0.118059,
        -0.098504,
        0.988108
      ],
      "initscale": [
        1,
        1,
        0.999999
      ],
      "offmtx": [
        [
          -0.445769,
          -0.163585,
          0.880073,
          -8.342941
        ],
        [
          -0.136073,
          -0.95935,
          -0.247244,
          15.740241
        ],
        [
          0.884744,
          -0.229968,
          0.405389,
          8.963745
        ]
      ],
      "boundingbox": [
        [
          -0.826551,
          -1.995326,
          -0.884455
        ],
        [
          3.703425,
          1.506199,
          0.982584
        ]
      ]
    },
    {
      "name": "bone14",
      "parent": "bone13",
      "initpos": [
        3.720548,
        0,
        0
      ],
      "initquaternion": [
        0.063744,
        -0.050732,
        -0.013282,
        0.996587
      ],
      "initscale": [
        0.999999,
        0.999999,
        0.999999
      ],
      "offmtx": [
        [
          -0.350868,
          -0.153946,
          0.923683,
          -11.624442
        ],
        [
          -0.030234,
          -0.984017,
          -0.175487,
          16.516378
        ],
        [
          0.935936,
          -0.0895,
          0.340606,
          8.106378
        ]
      ],
      "boundingbox": [
        [
          -0.631357,
          -1.245886,
          -0.273691
        ],
        [
          4.065725,
          1.151562,
          0.437105
        ]
      ]
    },
    {
      "name": "bone15",
      "parent": "bone14",
      "initpos": [
        3.764531,
        0,
        -9.5367431640625e-7
      ],
      "initquaternion": [
        -0.059455,
        -0.046266,
        -0.163228,
        0.983707
      ],
      "initscale": [
        1,
        1,
        0.999999
      ],
      "offmtx": [
        [
          -0.217766,
          0.155623,
          0.963513,
          -18.820991
        ],
        [
          -0.23836,
          -0.965792,
          0.102119,
          9.667056
        ],
        [
          0.946446,
          -0.207425,
          0.247411,
          11.297897
        ]
      ],
      "boundingbox": [
        [
          -0.014625,
          -0.658262,
          -0.559347
        ],
        [
          2.298629,
          0.564429,
          0.463594
        ]
      ]
    },
    {
      "name": "bone16",
      "parent": "bone11",
      "initpos": [
        1.781183,
        -2.209158,
        0.553571
      ],
      "initquaternion": [
        0.030708,
        0.060124,
        -0.132454,
        0.988887
      ],
      "initscale": [
        0.999999,
        0.999999,
        0.999999
      ],
      "offmtx": [
        [
          -0.305113,
          -0.4678,
          0.829499,
          7.633063
        ],
        [
          -0.00602,
          -0.870068,
          -0.492894,
          20.69104
        ],
        [
          0.952296,
          -0.155382,
          0.262652,
          9.708375
        ]
      ],
      "boundingbox": [
        [
          -0.85323,
          -4.551882,
          -1.397872
        ],
        [
          7.653743,
          1.216346,
          0.90876
        ]
      ]
    },
    {
      "name": "bone17",
      "parent": "bone16",
      "initpos": [
        6.706383,
        -0.000001,
        0
      ],
      "initquaternion": [
        0.036696,
        0.09882,
        -0.295051,
        0.949648
      ],
      "initscale": [
        0.999999,
        1,
        0.999999
      ],
      "offmtx": [
        [
          -0.442057,
          0.136581,
          0.886527,
          -12.730158
        ],
        [
          -0.167311,
          -0.983549,
          0.0681,
          17.669309
        ],
        [
          0.881244,
          -0.118221,
          0.457637,
          6.997794
        ]
      ],
      "boundingbox": [
        [
          -0.842506,
          -1.486321,
          -0.122814
        ],
        [
          3.451731,
          1.481738,
          0.697343
        ]
      ]
    },
    {
      "name": "bone18",
      "parent": "bone17",
      "initpos": [
        2.836859,
        0,
        0.000004
      ],
      "initquaternion": [
        0.018639,
        -0.107077,
        -0.177933,
        0.978021
      ],
      "initscale": [
        1,
        0.999999,
        0.999999
      ],
      "offmtx": [
        [
          -0.166299,
          0.447069,
          0.878904,
          -19.025318
        ],
        [
          -0.242982,
          -0.882411,
          0.402877,
          11.70412
        ],
        [
          0.955669,
          -0.146559,
          0.255374,
          10.225276
        ]
      ],
      "boundingbox": [
        [
          -0.059301,
          -0.866542,
          -0.332597
        ],
        [
          2.39894,
          0.61575,
          0.658077
        ]
      ]
    },
    {
      "name": "bone20",
      "parent": "bone11",
      "initpos": [
        0.702775,
        1.195134,
        0.582967
      ],
      "initquaternion": [
        -0.038193,
        -0.086523,
        0.40202,
        0.910733
      ],
      "initscale": [
        0.999999,
        1,
        0.999999
      ],
      "offmtx": [
        [
          0,
          -0.998812,
          -0.048722,
          21.313234
        ],
        [
          -4.5675531623601273e-7,
          0.048722,
          -0.998812,
          -2.881651
        ],
        [
          0.999999,
          0,
          -4.602058254477015e-7,
          6.559799
        ]
      ],
      "boundingbox": [
        [
          0.014613,
          -0.546853,
          0.016488
        ],
        [
          3.215929,
          0.658769,
          0.016489
        ]
      ]
    },
    {
      "name": "bone21",
      "parent": "bone01",
      "initpos": [
        -0.023814,
        0.01469,
        -4.109918
      ],
      "initquaternion": [
        0.000003,
        -0.000003,
        -0.707187,
        0.707026
      ],
      "initscale": [
        1,
        1,
        1
      ],
      "offmtx": [
        [
          0,
          -0.999999,
          0.000222,
          17.69523
        ],
        [
          0.000009,
          -0.000222,
          -0.999999,
          10.506032
        ],
        [
          1,
          0,
          0.000009,
          4.109815
        ]
      ],
      "boundingbox": [
        [
          0.004821,
          -2.779848,
          -1.652091
        ],
        [
          8.97478,
          2.827625,
          1.711232
        ]
      ]
    },
    {
      "name": "bone22",
      "parent": "bone21",
      "initpos": [
        7.814205,
        0,
        0
      ],
      "initquaternion": [
        -0.000005,
        -0.000004,
        0.000203,
        1
      ],
      "initscale": [
        0.999999,
        0.999999,
        1
      ],
      "offmtx": [
        [
          0.000008,
          -0.999999,
          -0.000184,
          9.885342
        ],
        [
          -2.2754116457690543e-7,
          0.000184,
          -0.999999,
          10.501964
        ],
        [
          1,
          0.000008,
          -2.259211271393724e-7,
          4.109833
        ]
      ],
      "boundingbox": [
        [
          -0.004914,
          -1.739693,
          -1.097476
        ],
        [
          7.843349,
          1.625026,
          1.144769
        ]
      ]
    },
    {
      "name": "bone23",
      "parent": "bone22",
      "initpos": [
        8.120214,
        -9.5367431640625e-7,
        0
      ],
      "initquaternion": [
        -0.000003,
        0.000003,
        0.702751,
        0.711434
      ],
      "initscale": [
        0.999999,
        0.999999,
        1
      ],
      "offmtx": [
        [
          -0.000008,
          -0.012094,
          -0.999926,
          10.522814
        ],
        [
          -0.000008,
          0.999926,
          -0.012094,
          -1.636038
        ],
        [
          1,
          0.000008,
          -0.000008,
          4.109922
        ]
      ],
      "boundingbox": [
        [
          -4.708437,
          -1.878809,
          -2.209049
        ],
        [
          2.630302,
          1.573053,
          2.27533
        ]
      ]
    },
    {
      "name": "bone24",
      "parent": "bone01",
      "initpos": [
        -0.023817,
        0.014692,
        4.110084
      ],
      "initquaternion": [
        -0.707104,
        0.707108,
        -0.000078,
        -0.000078
      ],
      "initscale": [
        0.999999,
        0.999999,
        0.999999
      ],
      "offmtx": [
        [
          0.000222,
          -0.999999,
          0,
          17.69666
        ],
        [
          -3.440879936533747e-7,
          0,
          0.999999,
          -10.502053
        ],
        [
          -1,
          -0.000222,
          -3.440711680013919e-7,
          4.114024
        ]
      ],
      "boundingbox": [
        [
          0.005075,
          -2.825616,
          -1.651896
        ],
        [
          8.974535,
          2.77983,
          1.713367
        ]
      ]
    },
    {
      "name": "bone25",
      "parent": "bone24",
      "initpos": [
        7.814204,
        0.00174,
        0.001739
      ],
      "initquaternion": [
        0,
        -0.000018,
        0,
        1
      ],
      "initscale": [
        1,
        1,
        1
      ],
      "offmtx": [
        [
          0.000185,
          -0.999999,
          0,
          9.882607
        ],
        [
          -3.4416083849464485e-7,
          0,
          0.999999,
          -10.503792
        ],
        [
          -1,
          -0.000185,
          -3.4414682659189566e-7,
          4.111916
        ]
      ],
      "boundingbox": [
        [
          -0.004791,
          -1.625028,
          -1.097245
        ],
        [
          7.843245,
          1.738241,
          1.146385
        ]
      ]
    },
    {
      "name": "bone26",
      "parent": "bone25",
      "initpos": [
        8.120212,
        -0.001502,
        0.001575
      ],
      "initquaternion": [
        0.000071,
        -0.000065,
        -0.702817,
        0.711369
      ],
      "initscale": [
        1,
        0.999999,
        1
      ],
      "offmtx": [
        [
          0.000008,
          -0.012094,
          -0.999926,
          10.522808
        ],
        [
          -0.000009,
          -0.999926,
          0.012094,
          1.636043
        ],
        [
          -1,
          0.000008,
          -0.000008,
          4.110088
        ]
      ],
      "boundingbox": [
        [
          -4.708438,
          -1.573047,
          -2.208881
        ],
        [
          2.630299,
          1.878815,
          2.2755
        ]
      ]
    },
    {
      "name": "bone27",
      "parent": "bone01",
      "initpos": [
        -3.318803,
        5.807764,
        0.000001
      ],
      "initquaternion": [
        0,
        -3.926129750198015e-7,
        0.941574,
        -0.336805
      ],
      "initscale": [
        0.999999,
        0.999999,
        1
      ],
      "offmtx": [
        [
          1.9443601217972173e-7,
          -0.634258,
          0.77312,
          4.232331
        ],
        [
          -6.689884912702837e-7,
          -0.77312,
          -0.634258,
          26.91201
        ],
        [
          1,
          -3.9388621075886476e-7,
          -5.746342708334851e-7,
          0.000016
        ]
      ],
      "boundingbox": [
        [
          -1.545391,
          -4.082238,
          -2.76545
        ],
        [
          14.176653,
          4.097871,
          2.839996
        ]
      ]
    },
    {
      "name": "bone28",
      "parent": "bone27",
      "initpos": [
        13.75726,
        0,
        -0.000001
      ],
      "initquaternion": [
        1.340244466518925e-7,
        1.9718228827514395e-7,
        -0.562139,
        0.827042
      ],
      "initscale": [
        0.999999,
        0.999999,
        1
      ],
      "offmtx": [
        [
          2.167581101275573e-7,
          0.485461,
          0.874257,
          -28.528657
        ],
        [
          0,
          -0.874257,
          0.485461,
          1.047055
        ],
        [
          1,
          -1.624000702804551e-7,
          -1.5775555084474036e-7,
          0.000003
        ]
      ],
      "boundingbox": [
        [
          -0.247835,
          -2.154927,
          -1.644363
        ],
        [
          8.730203,
          5.400967,
          1.718904
        ]
      ]
    },
    {
      "name": "bone29",
      "parent": "bone01",
      "initpos": [
        1.199803,
        6.076782,
        0.000001
      ],
      "initquaternion": [
        0,
        -1.684306454308171e-7,
        0.978558,
        0.20597
      ],
      "initscale": [
        0.999999,
        0.999999,
        1
      ],
      "offmtx": [
        [
          0,
          0.403103,
          0.915154,
          -18.068845
        ],
        [
          0,
          -0.915154,
          0.403103,
          18.003576
        ],
        [
          1,
          0,
          0,
          0.000001
        ]
      ],
      "boundingbox": [
        [
          0.026562,
          -0.478293,
          -1.083816
        ],
        [
          3.413078,
          0.714594,
          1.158362
        ]
      ]
    },
    {
      "name": "bone30",
      "parent": "bone29",
      "initpos": [
        3.351064,
        -0.000003,
        -3.6558310512191383e-7
      ],
      "initquaternion": [
        0,
        0,
        -0.358094,
        0.933685
      ],
      "initscale": [
        0.999999,
        0.999999,
        1
      ],
      "offmtx": [
        [
          0,
          0.911681,
          0.410897,
          -27.965393
        ],
        [
          -1.1134579835925251e-7,
          -0.410897,
          0.911681,
          -0.93705
        ],
        [
          1,
          -1.2039762964377587e-7,
          0,
          0.000001
        ]
      ],
      "boundingbox": [
        [
          -0.361577,
          -0.589083,
          -1.083815
        ],
        [
          3.015863,
          0.575278,
          1.158363
        ]
      ]
    },
    {
      "name": "bone31",
      "parent": "bone30",
      "initpos": [
        1.30664,
        -0.209787,
        0
      ],
      "initquaternion": [
        0,
        0,
        0.012079,
        0.999927
      ],
      "initscale": [
        0.999999,
        0.999999,
        1
      ],
      "offmtx": [
        [
          0,
          0.901489,
          0.432801,
          -29.281064
        ],
        [
          -1.1329140647831082e-7,
          -0.432801,
          0.901489,
          -0.019902
        ],
        [
          1,
          -1.2039780017403245e-7,
          0,
          0.000001
        ]
      ],
      "boundingbox": [
        [
          -0.352861,
          -0.268839,
          -3.813568
        ],
        [
          4.970274,
          4.120409,
          3.888304
        ]
      ]
    },
    {
      "name": "Bone021",
      "parent": "bone31",
      "initpos": [
        4.320198,
        -0.000001,
        0
      ],
      "initquaternion": [
        0,
        -2.29218159120137e-7,
        0.631798,
        0.775132
      ],
      "initscale": [
        0.999999,
        0.999999,
        1
      ],
      "offmtx": [
        [
          2.3084179190391296e-7,
          -0.242115,
          0.970247,
          -6.795553
        ],
        [
          -4.262249717612576e-7,
          -0.970247,
          -0.242115,
          32.906925
        ],
        [
          1,
          -3.576534481908311e-7,
          -3.2716911846364383e-7,
          0.000014
        ]
      ],
      "boundingbox": [
        [
          0.057852,
          -0.384202,
          -4.622822
        ],
        [
          3.419719,
          0.349245,
          4.69737
        ]
      ]
    },
    {
      "name": "Bone022",
      "parent": "Bone021",
      "initpos": [
        3.177794,
        0,
        -0.000001
      ],
      "initquaternion": [
        0,
        0,
        -0.296214,
        0.955121
      ],
      "initscale": [
        1,
        1,
        1
      ],
      "offmtx": [
        [
          5.189309604247683e-7,
          0.349379,
          0.936981,
          -26.84328
        ],
        [
          -3.082311366142676e-7,
          -0.936981,
          0.349379,
          21.48887
        ],
        [
          1,
          -4.701106206539407e-7,
          -3.785388855703786e-7,
          0.00002
        ]
      ],
      "boundingbox": [
        [
          -0.070261,
          -0.341618,
          -6.253449
        ],
        [
          3.189159,
          0.413877,
          6.327997
        ]
      ]
    },
    {
      "name": "bind",
      "parent": "bone01",
      "initpos": [
        3.872171,
        7.682281,
        0.000003
      ],
      "initquaternion": [
        -0.500001,
        -0.499998,
        0.499998,
        0.500001
      ],
      "initscale": [
        0.999999,
        1,
        0.999999
      ],
      "offmtx": [
        [
          6.412493007701414e-7,
          0.999999,
          0,
          -25.365184
        ],
        [
          -1,
          6.412492439267226e-7,
          -3.5564545441957307e-7,
          -0.000012
        ],
        [
          -3.556454828412825e-7,
          0,
          0.999999,
          -6.606108
        ]
      ],
      "boundingbox": [
        [
          -0.433329,
          5.56817,
          3.896958
        ],
        [
          -0.433329,
          5.56817,
          3.896958
        ]
      ]
    },
    {
      "name": "bone32",
      "parent": "bone01",
      "initpos": [
        12.034769,
        5.155355,
        7.000003
      ],
      "initquaternion": [
        -0.382225,
        0.919216,
        -0.036312,
        -0.087328
      ],
      "initscale": [
        0.999999,
        0.999999,
        0.999999
      ],
      "offmtx": [
        [
          0.188307,
          -0.696356,
          0.692551,
          15.663421
        ],
        [
          -5.066397079644958e-7,
          0.705166,
          0.709041,
          -15.001187
        ],
        [
          -0.98211,
          -0.133518,
          0.132787,
          10.130786
        ]
      ],
      "boundingbox": [
        [
          -2.88136,
          -2.331908,
          -1.849467
        ],
        [
          8.519842,
          5.457574,
          1.393342
        ]
      ]
    },
    {
      "name": "bone33",
      "parent": "bone32",
      "initpos": [
        7.615049,
        0.000001,
        -9.5367431640625e-7
      ],
      "initquaternion": [
        -0.005529,
        0.034561,
        0.17712,
        0.983566
      ],
      "initscale": [
        1,
        1,
        0.999999
      ],
      "offmtx": [
        [
          0.244736,
          -0.396237,
          0.884928,
          1.594579
        ],
        [
          -0.067023,
          0.903587,
          0.423128,
          -16.852495
        ],
        [
          -0.96727,
          -0.162866,
          0.194583,
          10.290548
        ]
      ],
      "boundingbox": [
        [
          -0.474708,
          -1.600851,
          -0.796114
        ],
        [
          4.642222,
          2.180948,
          0.782054
        ]
      ]
    },
    {
      "name": "bone34",
      "parent": "bone33",
      "initpos": [
        4.387829,
        0.000123,
        -9.5367431640625e-7
      ],
      "initquaternion": [
        0.000113,
        0.118059,
        0.098504,
        0.988108
      ],
      "initscale": [
        1,
        0.999999,
        1
      ],
      "offmtx": [
        [
          0.445769,
          -0.163585,
          0.880072,
          -8.342937
        ],
        [
          -0.136073,
          0.95935,
          0.247244,
          -15.740236
        ],
        [
          -0.884744,
          -0.229969,
          0.405389,
          8.963748
        ]
      ],
      "boundingbox": [
        [
          -0.826552,
          -1.5062,
          -0.884455
        ],
        [
          3.703421,
          1.995326,
          0.982583
        ]
      ]
    },
    {
      "name": "bone35",
      "parent": "bone34",
      "initpos": [
        3.720548,
        0.000002,
        9.5367431640625e-7
      ],
      "initquaternion": [
        -0.063744,
        -0.050732,
        0.013282,
        0.996587
      ],
      "initscale": [
        0.999999,
        1,
        0.999999
      ],
      "offmtx": [
        [
          0.350868,
          -0.153946,
          0.923683,
          -11.624437
        ],
        [
          -0.030234,
          0.984017,
          0.175487,
          -16.516378
        ],
        [
          -0.935936,
          -0.0895,
          0.340606,
          8.106382
        ]
      ],
      "boundingbox": [
        [
          -0.631362,
          -1.151562,
          -0.273696
        ],
        [
          4.06572,
          1.245886,
          0.437098
        ]
      ]
    },
    {
      "name": "bone36",
      "parent": "bone35",
      "initpos": [
        3.764529,
        -0.000003,
        -9.5367431640625e-7
      ],
      "initquaternion": [
        0.059455,
        -0.046266,
        0.163228,
        0.983707
      ],
      "initscale": [
        1,
        1,
        1
      ],
      "offmtx": [
        [
          0.217765,
          0.155623,
          0.963513,
          -18.820985
        ],
        [
          -0.23836,
          0.965792,
          -0.102118,
          -9.667057
        ],
        [
          -0.946446,
          -0.207425,
          0.247411,
          11.2979
        ]
      ],
      "boundingbox": [
        [
          -0.014631,
          -0.564424,
          -0.559355
        ],
        [
          2.298625,
          0.658266,
          0.463588
        ]
      ]
    },
    {
      "name": "bone37",
      "parent": "bone32",
      "initpos": [
        1.781182,
        2.209156,
        0.553572
      ],
      "initquaternion": [
        -0.030708,
        0.060124,
        0.132454,
        0.988887
      ],
      "initscale": [
        1,
        1,
        0.999999
      ],
      "offmtx": [
        [
          0.305113,
          -0.4678,
          0.829498,
          7.63306
        ],
        [
          -0.00602,
          0.870068,
          0.492894,
          -20.691034
        ],
        [
          -0.952296,
          -0.155382,
          0.262652,
          9.708375
        ]
      ],
      "boundingbox": [
        [
          -0.853233,
          -1.216345,
          -1.397875
        ],
        [
          7.65374,
          4.551883,
          0.908761
        ]
      ]
    },
    {
      "name": "bone38",
      "parent": "bone37",
      "initpos": [
        6.706382,
        0.000003,
        -0.000003
      ],
      "initquaternion": [
        -0.036696,
        0.09882,
        0.295051,
        0.949648
      ],
      "initscale": [
        1,
        0.999999,
        1
      ],
      "offmtx": [
        [
          0.442057,
          0.136581,
          0.886526,
          -12.730148
        ],
        [
          -0.167311,
          0.983549,
          -0.0681,
          -17.669309
        ],
        [
          -0.881244,
          -0.118221,
          0.457636,
          6.997796
        ]
      ],
      "boundingbox": [
        [
          -0.84251,
          -1.481742,
          -0.122809
        ],
        [
          3.451725,
          1.486321,
          0.697346
        ]
      ]
    },
    {
      "name": "bone39",
      "parent": "bone38",
      "initpos": [
        2.836858,
        -0.000001,
        0.000007
      ],
      "initquaternion": [
        -0.018639,
        -0.107077,
        0.177933,
        0.978021
      ],
      "initscale": [
        0.999999,
        0.999999,
        0.999999
      ],
      "offmtx": [
        [
          0.166299,
          0.447069,
          0.878904,
          -19.025327
        ],
        [
          -0.242982,
          0.882411,
          -0.402877,
          -11.704111
        ],
        [
          -0.955669,
          -0.14656,
          0.255374,
          10.225283
        ]
      ],
      "boundingbox": [
        [
          -0.05931,
          -0.615745,
          -0.3326
        ],
        [
          2.398931,
          0.866548,
          0.658075
        ]
      ]
    },
    {
      "name": "bone41",
      "parent": "bone32",
      "initpos": [
        0.70277,
        -1.195132,
        0.58297
      ],
      "initquaternion": [
        0.038193,
        -0.086523,
        -0.40202,
        0.910733
      ],
      "initscale": [
        1,
        1,
        1
      ],
      "offmtx": [
        [
          1.4156105976326216e-7,
          -0.998812,
          -0.048722,
          21.313234
        ],
        [
          -4.552922518996638e-7,
          -0.048722,
          0.998812,
          2.881654
        ],
        [
          -0.999999,
          -1.1920973008727742e-7,
          -4.616487672137737e-7,
          6.559798
        ]
      ],
      "boundingbox": [
        [
          0.014616,
          -0.658771,
          -0.058055
        ],
        [
          3.215933,
          0.546852,
          -0.055146
        ]
      ]
    }
  ],
  "boundingbox": [
    [
      -13.436502,
      -0.087293,
      -24.633464
    ],
    [
      13.436504,
      37.090473,
      34.489261
    ]
  ]
}
