{"skeleton":[{"name":"root","parent":"root","initpos":[0.0,0.0,-0.0],"initquaternion":[0.707106,0.0,0.0,0.707106],"initscale":[1.0,0.999999,0.999999],"offmtx":[[1.0,0.0,0.0,0.0],[0.0,1.0,0.0,0.0],[0.0,0.0,1.0,0.0]],"boundingbox":[[0.0,0.0,0.0],[0.0,0.0,0.0]]},{"name":"bone01","parent":"root","initpos":[-1.388956860637336e-07,0.301304,-0.0],"initquaternion":[0.5,0.5,0.5,0.499999],"initscale":[0.999999,0.999999,0.999999],"offmtx":[[0.0,0.0,0.999999,-0.301304],[-0.0,-0.999999,0.0,0.0],[1.0,-0.0,-0.0,1.5262753549905028e-07]],"boundingbox":[[-0.334513,-5.177353,-1.367847],[6.028459,5.214424,1.367849]]},{"name":"Bone005","parent":"bone01","initpos":[2.657539,-3.905926,2.384185791015625e-07],"initquaternion":[0.777492,-0.628892,-0.0,1.7887307990349655e-07],"initscale":[1.0,0.999999,0.999999],"offmtx":[[0.0,0.977918,0.208987,-4.438038],[2.849572808827361e-07,0.208987,-0.977918,2.077216],[-1.0,1.4910641255028168e-07,-2.595266721527878e-07,2.1995469978719484e-07]],"boundingbox":[[-0.297432,-1.783696,-0.764008],[5.438441,1.989272,0.764008]]},{"name":"Bone006","parent":"Bone005","initpos":[4.018677,-0.568698,4.768372718899627e-07],"initquaternion":[0.0,0.0,-0.281969,0.959423],"initscale":[1.0,1.0,1.0],"offmtx":[[-0.0,0.709342,0.704864,-8.543573],[2.9614372465402994e-07,0.704864,-0.709342,-2.350375],[-1.0,1.540057184001853e-07,-2.6445707135280827e-07,-2.7321931383994524e-07]],"boundingbox":[[0.169966,-0.669049,-0.730683],[3.264705,1.559713,0.730682]]},{"name":"Bone007","parent":"Bone006","initpos":[2.855691,-0.062514,9.536742595628311e-07],"initquaternion":[0.0,0.0,-0.234377,0.972145],"initscale":[0.999999,0.999999,1.0],"offmtx":[[-2.0363786745747348e-07,0.310205,0.950669,-9.10431],[2.332469648536062e-07,0.950669,-0.310205,-7.231121],[-1.0,1.585711970619741e-07,-2.6594676683089347e-07,-1e-06]],"boundingbox":[[0.019344,-0.584348,-0.440929],[4.922856,0.671949,0.44092]]},{"name":"Bone008","parent":"bone01","initpos":[2.657539,3.913217,2.384185791015625e-07],"initquaternion":[0.777491,0.628892,1.2244997549260006e-07,1.5138328990360606e-07],"initscale":[1.0,0.999999,0.999999],"offmtx":[[-0.0,-0.977918,0.208987,-4.445168],[2.8506548233053763e-07,0.208987,0.977918,-2.075693],[-1.0,0.0,2.768616411685798e-07,-6.24453548425663e-07]],"boundingbox":[[-0.26831,-1.995496,-0.76401],[5.467562,1.777471,0.764006]]},{"name":"Bone009","parent":"Bone008","initpos":[4.018678,0.568698,5.289912223815918e-07],"initquaternion":[0.0,-0.0,0.281969,0.959423],"initscale":[1.0,1.0,1.0],"offmtx":[[0.0,-0.709342,0.704863,-8.548745],[2.4467888692925044e-07,0.704863,0.709342,2.355514],[-1.0,1.4488817612345883e-07,2.009642656730648e-07,-2.3294430206988181e-07]],"boundingbox":[[0.191087,-1.580702,-0.730687],[3.285824,0.648059,0.730677]]},{"name":"Bone010","parent":"Bone009","initpos":[2.855691,0.062512,8.34464913168631e-07],"initquaternion":[0.0,0.0,0.234377,0.972145],"initscale":[0.999999,0.999999,1.0],"offmtx":[[1.461054353057989e-07,-0.310205,0.950669,-9.106568],[2.0008093315482256e-07,0.950669,0.310205,7.238049],[-1.0,1.4488816191260412e-07,2.0096425146221009e-07,-1e-06]],"boundingbox":[[0.02858,-0.700257,-0.440933],[4.93209,0.556039,0.440916]]},{"name":"Bind","parent":"bone01","initpos":[10.073198,0.005358,-2.85450425963063e-07],"initquaternion":[0.707106,-6.434410124711576e-07,0.707106,6.434408987843199e-07],"initscale":[0.999999,0.999999,0.999999],"offmtx":[[1.0,-0.0,0.0,7.316715482375002e-07],[0.0,0.999999,-1e-06,0.005377],[-0.0,1e-06,0.999999,-10.374502]],"boundingbox":[[-0.864574,-1.126678,-7.028598],[0.864578,1.100349,-7.028594]]}],"boundingbox":[[-1.367847,-11.604133,-0.033209],[1.367849,11.567066,11.083048]]}