{"skeleton":[{"name":"root","parent":"root","initpos":[0.0,0.0,-0.0],"initquaternion":[-1.1920928955078125e-07,-0.0,0.0,1.0],"initscale":[1.0,0.999999,0.999999],"offmtx":[[1.0,0.0,0.0,0.0],[0.0,1.0,0.0,0.0],[0.0,0.0,1.0,0.0]],"boundingbox":[[0.0,0.0,0.0],[0.0,0.0,0.0]]},{"name":"steve_body","parent":"root","initpos":[0.023774,11.98265,0.277781],"initquaternion":[1e-06,1e-06,0.707106,0.707106],"initscale":[1.0,1.0,1.0],"offmtx":[[1.0,0.0,0.0,0.0],[0.0,1.0,0.0,0.0],[0.0,0.0,1.0,0.0]],"boundingbox":[[0.0,0.0,0.0],[0.0,0.0,0.0]]},{"name":"body009","parent":"steve_body","initpos":[11.79774,-4.792526,-3.649591],"initquaternion":[0.160147,-0.483379,-0.014092,0.860522],"initscale":[0.999999,1.0,0.999999],"offmtx":[[0.17908,0.532291,0.827403,-10.730736],[-0.948307,-0.130569,0.289248,8.647618],[0.261998,-0.836431,0.481393,20.251989]],"boundingbox":[[-1.062925,-0.918032,-1.081742],[6.378819,1.376273,3.420319]]},{"name":"body012","parent":"body009","initpos":[6.399005,-2e-06,-3e-06],"initquaternion":[0.0,0.0,0.0,1.0],"initscale":[1.0,1.0,1.0],"offmtx":[[0.17908,0.532291,0.827403,-17.129741],[-0.948307,-0.130569,0.289247,8.647622],[0.261998,-0.836431,0.481393,20.251987]],"boundingbox":[[-0.271068,-0.707186,-0.922859],[3.850692,0.710487,0.686196]]},{"name":"body010","parent":"steve_body","initpos":[11.899341,4.881957,-3.718337],"initquaternion":[-0.16276,-0.487233,0.004229,0.857959],"initscale":[0.999999,0.999999,0.999999],"offmtx":[[-0.165859,0.525171,0.834676,-10.47619],[-0.946983,0.151346,-0.283402,-9.19015],[-0.27516,-0.837429,0.472226,20.28742]],"boundingbox":[[-1.058675,-1.426228,-0.999807],[6.366894,0.894552,3.486328]]},{"name":"body011","parent":"body010","initpos":[6.341212,-1e-06,-0.0],"initquaternion":[0.0,0.0,0.0,1.0],"initscale":[1.0,1.0,1.0],"offmtx":[[-0.165859,0.525171,0.834676,-16.817403],[-0.946982,0.151346,-0.283402,-9.190148],[-0.27516,-0.837429,0.472226,20.287416]],"boundingbox":[[-0.223794,-0.678795,-0.868632],[3.902344,0.749195,0.756734]]},{"name":"body001","parent":"steve_body","initpos":[8.57164,0.023772,0.069911],"initquaternion":[-0.0,0.707105,0.0,0.707108],"initscale":[1.0,1.0,1.0],"offmtx":[[2e-06,0.0,-0.999999,0.34769],[-1.0,-0.0,-2e-06,1e-06],[-0.0,0.999999,-0.0,-20.55429]],"boundingbox":[[-0.932322,-3.999994,-3.554292],[3.947698,4.000009,3.425707]]},{"name":"body002","parent":"body001","initpos":[2.620694,-1e-06,0.324054],"initquaternion":[-0.707107,-6.743489961991145e-07,-1e-06,0.707106],"initscale":[1.0,1.0,1.0],"offmtx":[[0.0,0.0,-0.999999,-2.273004],[8.243238767136063e-07,-0.999999,0.0,20.878337],[-1.0,-8.243238198701874e-07,-0.0,1.6e-05]],"boundingbox":[[-0.173007,-1.321662,-1.750002],[1.726992,1.845769,1.75]]},{"name":"body003","parent":"body002","initpos":[0.867636,-0.466991,0.20698],"initquaternion":[0.138998,-0.69331,-0.138998,0.69331],"initscale":[0.999999,0.999999,1.0],"offmtx":[[-0.922717,0.385475,3.0824941177343135e-07,-8.419092],[-0.385475,-0.922717,-2.576914539531572e-07,19.61593],[1.8509341259687062e-07,-3.565991733012197e-07,0.999999,3.140648]],"boundingbox":[[0.609694,-1.097267,-0.709357],[4.287189,1.347936,-0.409356]]},{"name":"body004","parent":"body002","initpos":[0.84902,-0.480224,-0.25565],"initquaternion":[-0.691081,0.149688,0.691081,-0.149687],"initscale":[1.0,0.999999,0.999999],"offmtx":[[0.910373,0.413787,2.8511391292340704e-07,-9.070637],[-0.413787,0.910373,1.5870944025664357e-07,-19.338485],[-1.938881979413054e-07,-2.624613841817336e-07,0.999999,3.12203]],"boundingbox":[[0.525139,-1.375131,-0.727971],[4.224669,1.037359,-0.427971]]},{"name":"body005","parent":"body002","initpos":[0.935004,1.626024,-0.01314],"initquaternion":[-0.5,-0.5,0.499999,0.5],"initscale":[1.0,0.999999,0.999999],"offmtx":[[6.316132044048572e-07,-0.999999,0.0,19.252313],[1.0,6.316131475614384e-07,-3.7352043591454276e-07,-0.013154],[3.7352040749283333e-07,0.0,0.999999,3.208009]],"boundingbox":[[0.002314,-1.182125,-0.341988],[2.907974,1.155841,0.313012]]},{"name":"body006","parent":"body001","initpos":[-1.020701,-0.047484,-0.123445],"initquaternion":[-5.05761988733866e-07,0.707106,0.707106,1e-06],"initscale":[1.0,1.0,1.0],"offmtx":[[2.518870019230235e-07,-0.0,0.999999,-1.368392],[-0.0,0.999999,0.0,-20.430847],[-1.0,-0.0,2.518870303447329e-07,0.047486]],"boundingbox":[[-3.310062,-3.468794,-4.000019],[2.181609,3.569151,4.047487]]},{"name":"body007","parent":"body006","initpos":[1.374044,1.32304,2.33538],"initquaternion":[0.69331,0.138998,0.69331,0.138998],"initscale":[0.999999,0.999999,1.0],"offmtx":[[-0.922717,0.385475,-0.0,-10.496673],[-0.385475,-0.922717,1.4544338000632706e-07,19.190774],[0.0,1.5708866385466536e-07,0.999999,-2.742439]],"boundingbox":[[-1.756389,-1.988484,0.157564],[4.422405,1.755833,0.607565]]},{"name":"body008","parent":"body006","initpos":[1.39266,1.285446,-2.234904],"initquaternion":[0.149688,0.691081,0.149688,0.691081],"initscale":[1.0,1.0,1.0],"offmtx":[[0.910373,0.413787,3.114202229426155e-07,-11.063761],[-0.413787,0.910373,-2.6025259103334974e-07,-18.825511],[-3.9119797179409943e-07,1.0806522254824813e-07,0.999999,-2.761053]],"boundingbox":[[-1.75764,-1.836058,0.138949],[4.433124,2.038608,0.588949]]},{"name":"steve_rightarm","parent":"steve_body","initpos":[12.083517,6.118966,-0.003576],"initquaternion":[0.0,1e-06,1.0,1.9470719792025193e-07],"initscale":[0.999999,0.999999,1.0],"offmtx":[[1.0,0.0,0.0,0.0],[0.0,1.0,0.0,0.0],[0.0,0.0,1.0,0.0]],"boundingbox":[[0.0,0.0,0.0],[0.0,0.0,0.0]]},{"name":"rightarm002","parent":"steve_rightarm","initpos":[7.335653,0.033275,-0.274223],"initquaternion":[0.0,0.0,0.0,1.0],"initscale":[1.0,1.0,1.0],"offmtx":[[1.0,0.0,0.0,0.0],[0.0,1.0,0.0,0.0],[0.0,0.0,1.0,0.0]],"boundingbox":[[0.0,0.0,0.0],[0.0,0.0,0.0]]},{"name":"rightarm003","parent":"rightarm002","initpos":[0.131546,0.098225,-1e-06],"initquaternion":[0.0,0.0,0.0,1.0],"initscale":[1.0,1.0,1.0],"offmtx":[[0.0,-0.999999,0.0,16.598968],[1.0,0.0,-2.8247936256775574e-07,5.963693],[2.8247939098946517e-07,0.0,1.0,3e-06]],"boundingbox":[[0.248969,-2.286307,-2.199996],[1.098969,2.163694,2.200004]]},{"name":"rightarm004","parent":"rightarm003","initpos":[1.73617,-9.5367431640625e-07,9.536736342852237e-07],"initquaternion":[0.0,0.0,0.0,1.0],"initscale":[1.0,1.0,1.0],"offmtx":[[0.0,-0.999999,0.0,14.862798],[1.0,0.0,-2.8247936256775574e-07,5.963694],[2.8247939098946517e-07,0.0,1.0,2e-06]],"boundingbox":[[0.212799,-2.286307,-2.199997],[1.062799,2.163694,2.200002]]},{"name":"rightarm005","parent":"rightarm004","initpos":[1.710895,9.5367431640625e-07,-0.0],"initquaternion":[0.0,0.0,0.0,1.0],"initscale":[1.0,1.0,1.0],"offmtx":[[0.0,-0.999999,0.0,13.151902],[1.0,0.0,-2.8247936256775574e-07,5.963693],[2.8247939098946517e-07,0.0,1.0,2e-06]],"boundingbox":[[0.101902,-2.286308,-2.199997],[0.951903,2.163693,2.200002]]},{"name":"rightarm006","parent":"rightarm002","initpos":[0.975146,-3.265302,-0.120446],"initquaternion":[0.0,0.0,0.0,1.0],"initscale":[1.0,1.0,1.0],"offmtx":[[0.0,-1.0,0.0,15.755369],[1.0,0.0,1.943578240570787e-07,9.327221],[-1.943578382679334e-07,0.0,1.0,0.120445]],"boundingbox":[[-1.444631,-0.572778,-1.67955],[4.455368,1.07722,1.820449]]},{"name":"rightarm001","parent":"steve_rightarm","initpos":[0.90866,-0.367807,-0.274225],"initquaternion":[-0.0,3.9899197190607083e-07,-0.707106,0.707106],"initscale":[1.0,1.0,1.0],"offmtx":[[-1.0,1.1409753142288537e-07,-1.9459112365893816e-07,-6.463006],[-1.1409746036861179e-07,-0.999999,-3.3797255127865355e-07,23.157508],[-1.945911662915023e-07,-3.379724944352347e-07,1.0,7e-06]],"boundingbox":[[-0.463003,-3.292489,-2.999996],[4.036998,3.907512,3.000005]]},{"name":"steve_leftarm","parent":"steve_body","initpos":[12.081104,-6.233184,-0.003276],"initquaternion":[0.0,1e-06,1.0,1.9470719792025193e-07],"initscale":[0.999999,0.999999,1.0],"offmtx":[[1.0,0.0,0.0,0.0],[0.0,1.0,0.0,0.0],[0.0,0.0,1.0,0.0]],"boundingbox":[[0.0,0.0,0.0],[0.0,0.0,0.0]]},{"name":"leftarm002","parent":"steve_leftarm","initpos":[7.33324,-0.155361,-0.27448],"initquaternion":[0.0,0.0,0.0,1.0],"initscale":[1.0,1.0,1.0],"offmtx":[[1.0,0.0,0.0,0.0],[0.0,1.0,0.0,0.0],[0.0,0.0,1.0,0.0]],"boundingbox":[[0.0,0.0,0.0],[0.0,0.0,0.0]]},{"name":"leftarm003","parent":"leftarm002","initpos":[0.975148,3.265303,-0.120444],"initquaternion":[0.0,0.0,0.0,1.0],"initscale":[1.0,1.0,1.0],"offmtx":[[0.0,-0.999999,0.0,15.755367],[1.0,0.0,-1.6268738534108707e-07,-9.366898],[1.6268739955194178e-07,0.0,0.999999,0.120443]],"boundingbox":[[-1.444631,-1.116898,-1.679554],[4.455368,0.533101,1.820445]]},{"name":"leftarm004","parent":"leftarm002","initpos":[0.131546,-0.098226,0.0],"initquaternion":[0.0,0.0,0.0,1.0],"initscale":[1.0,1.0,1.0],"offmtx":[[0.0,-0.999999,0.0,16.598966],[1.0,0.0,3.141497586511832e-07,-6.00337],[-3.1414978707289265e-07,-0.0,0.999999,1e-06]],"boundingbox":[[0.248968,-2.203371,-2.2],[1.098967,2.24663,2.200001]]},{"name":"leftarm005","parent":"leftarm004","initpos":[1.73617,-4.76837158203125e-07,0.0],"initquaternion":[0.0,0.0,0.0,1.0],"initscale":[1.0,1.0,1.0],"offmtx":[[0.0,-0.999999,0.0,14.862798],[1.0,0.0,3.141497586511832e-07,-6.00337],[-3.1414978707289265e-07,-0.0,0.999999,1e-06]],"boundingbox":[[0.212799,-2.20337,-2.2],[1.062799,2.246631,2.200001]]},{"name":"leftarm006","parent":"leftarm005","initpos":[1.710896,-4.76837158203125e-07,0.0],"initquaternion":[0.0,0.0,0.0,1.0],"initscale":[1.0,1.0,1.0],"offmtx":[[0.0,-0.999999,0.0,13.151902],[1.0,0.0,3.141497586511832e-07,-6.003369],[-3.1414978707289265e-07,-0.0,0.999999,1e-06]],"boundingbox":[[0.101902,-2.20337,-2.200001],[0.951903,2.246631,2.2]]},{"name":"leftarm001","parent":"steve_leftarm","initpos":[0.906248,0.205715,-0.27448],"initquaternion":[0.0,-1.770195154904286e-07,0.707106,0.707106],"initscale":[1.0,1.0,1.0],"offmtx":[[1.0,-0.0,-1.6268739955194178e-07,-6.462672],[0.0,0.999999,-1.6313738626649865e-07,-23.157505],[1.6268739955194178e-07,1.6313738626649865e-07,0.999999,-3e-06]],"boundingbox":[[-0.462673,-3.907507,-2.999997],[4.037326,3.292494,3.000002]]},{"name":"steve_rightleg","parent":"steve_body","initpos":[-0.160446,1.9988,-0.299426],"initquaternion":[0.000172,0.707107,0.707105,0.000172],"initscale":[0.999999,0.999999,0.999999],"offmtx":[[1.0,0.0,0.0,0.0],[0.0,1.0,0.0,0.0],[0.0,0.0,1.0,0.0]],"boundingbox":[[0.0,0.0,0.0],[0.0,0.0,0.0]]},{"name":"rightleg001","parent":"steve_rightleg","initpos":[3.992641,-0.981108,0.191327],"initquaternion":[-0.707106,0.707107,0.000172,-0.000173],"initscale":[1.0,0.999999,0.999999],"offmtx":[[6.749161229890888e-07,0.0,-0.999999,-1.002747],[-6.317275733636052e-07,0.999999,-0.0,-7.829657],[0.999999,6.317275165201863e-07,6.74916009302251e-07,2.168302]],"boundingbox":[[0.797249,-1.629657,-1.431694],[1.43725,1.570343,1.468307]]},{"name":"rightleg002","parent":"steve_rightleg","initpos":[6.533026,0.021639,0.019223],"initquaternion":[-0.707108,0.000172,0.000172,0.707105],"initscale":[1.0,1.0,1.0],"offmtx":[[6.937979151189211e-07,-0.999999,0.0,5.289189],[0.999999,6.937978582755022e-07,-4e-06,1.99744],[4e-06,0.0,0.999999,1e-05]],"boundingbox":[[-0.260813,-3.402557,-2.699998],[3.739188,2.097453,2.250002]]},{"name":"rightleg003","parent":"rightleg002","initpos":[1.378134,-7.152557373046875e-07,0.0],"initquaternion":[0.0,0.0,0.0,1.0],"initscale":[1.0,1.0,1.0],"offmtx":[[1e-06,-0.999999,0.0,3.911056],[0.999999,1e-06,-4e-06,1.997439],[4e-06,0.0,0.999999,9e-06]],"boundingbox":[[0.211051,-2.352565,-2.200008],[0.961057,2.097454,2.250001]]},{"name":"rightleg004","parent":"rightleg003","initpos":[1.403674,-1e-06,-9.536733500681294e-07],"initquaternion":[0.0,0.0,0.0,1.0],"initscale":[1.0,1.0,1.0],"offmtx":[[1e-06,-0.999999,0.0,2.50738],[0.999999,1e-06,-4e-06,1.997444],[4e-06,0.0,0.999999,9e-06]],"boundingbox":[[0.207376,-2.352562,-2.400003],[2.607379,2.097457,2.250001]]},{"name":"steve_leftleg","parent":"steve_body","initpos":[-0.160445,-1.957148,-0.299412],"initquaternion":[-0.000132,-0.707105,0.707107,-0.000132],"initscale":[0.999999,0.999999,1.0],"offmtx":[[1.0,0.0,0.0,0.0],[0.0,1.0,0.0,0.0],[0.0,0.0,1.0,0.0]],"boundingbox":[[0.0,0.0,0.0],[0.0,0.0,0.0]]},{"name":"leftleg002","parent":"steve_leftleg","initpos":[3.992915,0.979615,0.184885],"initquaternion":[0.707238,0.706974,3.060757762796129e-07,9.80680169959669e-07],"initscale":[0.999999,0.999999,0.999999],"offmtx":[[9.885628742267727e-07,0.0,-0.999999,-1.00275],[1e-06,-1.0,0.0,7.829655],[-1.0,-1e-06,-9.885626468530972e-07,2.165809]],"boundingbox":[[0.797248,-1.570343,-1.434198],[1.43725,1.629659,1.465805]]},{"name":"leftleg001","parent":"steve_leftleg","initpos":[6.533006,-0.024083,0.022835],"initquaternion":[0.707108,-0.000132,-0.000131,0.707105],"initscale":[0.999999,0.999999,0.999999],"offmtx":[[7.928943546176015e-07,-0.999999,0.0,5.289189],[1.0,7.928942977741826e-07,4e-06,-2.003754],[-4e-06,-0.0,1.0,9e-06]],"boundingbox":[[-0.260806,-2.103761,-2.7],[3.739191,3.39625,2.250001]]},{"name":"leftleg003","parent":"leftleg001","initpos":[1.378134,9.5367431640625e-07,1.0430722596765918e-07],"initquaternion":[0.0,0.0,0.0,1.0],"initscale":[1.0,1.0,1.0],"offmtx":[[9.675104593043216e-07,-0.999999,0.0,3.911054],[1.0,9.675103456174838e-07,4e-06,-2.003755],[-4e-06,-0.0,1.0,1e-05]],"boundingbox":[[0.211054,-2.103762,-2.200009],[0.961058,2.346258,2.250002]]},{"name":"leftleg004","parent":"leftleg003","initpos":[1.403674,9.5367431640625e-07,1.0430903785163537e-07],"initquaternion":[0.0,0.0,0.0,1.0],"initscale":[1.0,1.0,1.0],"offmtx":[[1e-06,-0.999999,0.0,2.507379],[1.0,1e-06,4e-06,-2.003754],[-4e-06,-0.0,1.0,1.1e-05]],"boundingbox":[[0.207379,-2.103765,-2.400002],[2.607382,2.346258,2.250003]]}],"boundingbox":[[-10.5,-0.1,-4.000001],[10.5,30.02882,5.102566]]}