{"skeleton":[{"name":"root","parent":"root","initpos":[0.0,0.0,-0.0],"initquaternion":[0.707106,0.0,0.0,0.707106],"initscale":[1.0,0.999999,0.999999],"offmtx":[[1.0,0.0,0.0,0.0],[0.0,1.0,0.0,0.0],[0.0,0.0,1.0,0.0]],"boundingbox":[[0.0,0.0,0.0],[0.0,0.0,0.0]]},{"name":"Bone003","parent":"root","initpos":[-0.0,0.0,3.924195],"initquaternion":[0.707106,-1.376787679419067e-07,-0.707106,-1.3767878215276141e-07],"initscale":[1.0,0.999999,0.999999],"offmtx":[[3.593250710309803e-07,0.999999,0.0,3.924195],[-1.5099580252808664e-07,0.0,-0.999999,0.0],[-1.0,3.593250426092709e-07,1.5099578831723193e-07,1e-06]],"boundingbox":[[-1.376698,-3.199972,-1.063126],[9.810596,0.935002,1.063175]]},{"name":"Bone006","parent":"Bone003","initpos":[6.982912,-0.202945,-0.041687],"initquaternion":[0.924189,0.381935,1.6164429439413652e-07,-4e-06],"initscale":[1.0,0.999999,0.999999],"offmtx":[[-3e-06,0.708251,-0.70596,-2.023067],[7e-06,0.70596,0.708251,-2.303071],[1.0,-2e-06,-8e-06,-0.041675]],"boundingbox":[[-0.225336,-2.035517,-2.066556],[3.348411,1.609567,1.9832]]},{"name":"Bone007","parent":"Bone006","initpos":[2.362262,-0.443943,1.1e-05],"initquaternion":[0.0,8.141553848872718e-07,0.216619,0.976256],"initscale":[0.999999,0.999999,1.0],"offmtx":[[-1e-06,0.940371,-0.34015,-4.760098],[9e-06,0.34015,0.940371,0.170135],[1.0,-1e-06,-9e-06,-0.041694]],"boundingbox":[[-1.712609,-3.821488,-0.305404],[8.912339,8.155204,0.221953]]},{"name":"Bone004","parent":"Bone003","initpos":[7.037788,-0.854242,-0.041688],"initquaternion":[0.942524,-0.334136,-1.5365701244718366e-07,-4e-06],"initscale":[0.999999,0.999999,0.999999],"offmtx":[[3e-06,0.776705,0.629863,-2.956403],[8e-06,-0.629863,0.776705,1.29764],[1.0,2e-06,-8e-06,-0.041688]],"boundingbox":[[1.734407,-0.801195,-0.456992],[2.498569,0.525668,0.373609]]},{"name":"Bone005","parent":"Bone004","initpos":[2.08002,-0.420507,-0.043012],"initquaternion":[-0.0,-1e-06,-0.388983,0.921244],"initscale":[1.0,1.0,1.0],"offmtx":[[-5.271183454169659e-07,0.993084,-0.117406,-4.743715],[9e-06,0.117406,0.993084,-2.411381],[1.0,-6.258748044274398e-07,-9e-06,0.001343]],"boundingbox":[[-0.085957,-0.880308,-0.072747],[3.301164,1.073869,0.075346]]},{"name":"Bone001","parent":"Bone003","initpos":[-0.903579,0.046305,-0.041686],"initquaternion":[-0.176792,0.984248,-0.0,8.244575724347669e-07],"initscale":[1.0,0.999999,0.999999],"offmtx":[[1e-06,-0.937488,0.348014,-4.509871],[0.0,-0.348014,-0.937488,-1.723548],[1.0,1e-06,-5.681271204593941e-07,-0.041678]],"boundingbox":[[-0.207208,-1.163167,-0.572182],[2.955884,1.224914,0.460846]]},{"name":"Bone002","parent":"Bone003","initpos":[-1.333288,-0.200669,-0.041686],"initquaternion":[0.894895,0.446276,-0.0,-4e-06],"initscale":[0.999999,0.999999,0.999999],"offmtx":[[-4e-06,0.601675,-0.79874,3.32358],[7e-06,0.79874,0.601675,4.078628],[1.0,-3e-06,-8e-06,-0.041705]],"boundingbox":[[-0.027017,-0.749859,-1.271272],[2.853643,0.66614,1.187917]]}],"boundingbox":[[-2.024878,-7.694559,-6.275254],[2.024878,15.41357,3.199971]]}