{"skeleton":[{"name":"root","parent":"root","initpos":[0.0,0.0,-0.0],"initquaternion":[0.707106,0.0,0.0,0.707106],"initscale":[1.0,0.999999,0.999999],"offmtx":[[1.0,0.0,0.0,0.0],[0.0,1.0,0.0,0.0],[0.0,0.0,1.0,0.0]],"boundingbox":[[0.0,0.0,0.0],[0.0,0.0,0.0]]},{"name":"bone_01","parent":"root","initpos":[-0.219639,-9.190677019432769e-07,-3.432429],"initquaternion":[-0.497732,0.502256,0.502251,0.497738],"initscale":[1.0,0.999999,0.999999],"offmtx":[[-0.009037,0.999959,3.289021321961627e-07,-3.434273],[-0.999959,-0.009037,1e-05,-0.188611],[1e-05,-2.3773630175583094e-07,0.999999,3e-06]],"boundingbox":[[-1.269846,-10.30028,-12.686967],[16.185953,9.867815,24.845733]]},{"name":"bone_02","parent":"bone_01","initpos":[9.659587,-0.306847,-16.378812],"initquaternion":[-0.622706,-0.335014,-0.340629,0.619656],"initscale":[1.0,0.999999,0.999999],"offmtx":[[1.2e-05,0.543496,0.839411,6.63179],[-8e-06,0.839411,-0.543496,-19.893421],[-1.0,-6.547206226059643e-07,1.4e-05,-1.4e-05]],"boundingbox":[[-12.720221,-3.066024,-14.602415],[12.536536,7.87376,14.601985]]},{"name":"Bone005","parent":"bone_02","initpos":[5.844213,-5e-06,-0.0],"initquaternion":[2.2956793088724226e-07,-0.0,-0.269704,0.962943],"initscale":[0.999999,0.999999,1.0],"offmtx":[[1.4e-05,0.028422,0.999596,11.006024],[-1e-06,0.999596,-0.028422,-16.590232],[-1.0,-1e-06,1.4e-05,-7e-06]],"boundingbox":[[-0.154821,-1.405489,-13.328748],[4.941435,2.882362,13.328426]]},{"name":"bone_10","parent":"bone_01","initpos":[3.621707,-0.400042,-12.448117],"initquaternion":[0.003921,0.867786,-0.002246,0.496916],"initscale":[1.0,0.999999,1.0],"offmtx":[[-8e-06,-0.506137,-0.862452,-7.163791],[-1.0,1e-06,8e-06,0.147627],[-2e-06,0.862452,-0.506137,-12.387314]],"boundingbox":[[-4.77676,-8.0251,-6.276464],[9.733238,8.403855,7.850309]]},{"name":"Bone003","parent":"bone_01","initpos":[13.636609,-0.342969,14.229319],"initquaternion":[-0.555109,-0.438009,-0.443006,0.551131],"initscale":[1.0,0.999999,0.999999],"offmtx":[[1e-05,0.223795,0.974636,-17.688953],[-6e-06,0.974636,-0.223795,-13.45412],[-1.0,-3e-06,1.1e-05,0.000117]],"boundingbox":[[-1.107838,-3.304431,-5.734159],[17.475778,4.106517,5.734701]]},{"name":"Bind","parent":"bone_01","initpos":[10.851713,-0.317703,3.393926],"initquaternion":[-1e-06,0.0,-0.004518,0.999989],"initscale":[0.999999,0.999999,1.0],"offmtx":[[2.882400167436572e-07,0.999999,0.0,-14.286569],[-1.0,2.8823998832194775e-07,6e-06,-9e-06],[6e-06,-0.0,0.999999,-3.393927]],"boundingbox":[[0.244076,4.36373,1.849727],[0.244076,4.36373,1.849727]]},{"name":"Bone007","parent":"bone_01","initpos":[0.024,8.725999,12.665132],"initquaternion":[-0.495207,0.504741,-0.500247,-0.499757],"initscale":[0.999999,0.999999,0.999999],"offmtx":[[2.4803193809930235e-07,-0.010024,0.999949,-12.630723],[-6e-06,-0.999949,-0.010024,3.504306],[1.0,-6e-06,-3.121973861652805e-07,8.945398]],"boundingbox":[[-1.998172,-2.740713,-3.099706],[16.784929,3.059927,4.059558]]},{"name":"Bone006","parent":"bone_01","initpos":[-0.141901,-9.631099,12.665318],"initquaternion":[0.499754,0.50025,0.504738,-0.49521],"initscale":[0.999999,0.999999,0.999999],"offmtx":[[-1.1524934961926192e-07,-0.010024,0.999949,-12.630724],[-4e-06,0.999949,0.010024,-3.504322],[-1.0,-4e-06,-1.6015563630844554e-07,9.412493]],"boundingbox":[[-1.998172,-3.059927,-2.63259],[16.784931,2.740712,4.526666]]}],"boundingbox":[[-14.60217,0.299573,-29.441663],[14.60217,26.00534,30.828477]]}