{"skeleton":[{"name":"root","parent":"root","initpos":[0.0,0.0,-0.0],"initquaternion":[0.707106,0.0,0.0,0.707106],"initscale":[1.0,0.999999,0.999999],"offmtx":[[1.0,0.0,0.0,0.0],[0.0,1.0,0.0,0.0],[0.0,0.0,1.0,0.0]],"boundingbox":[[0.0,0.0,0.0],[0.0,0.0,0.0]]},{"name":"Bone001","parent":"root","initpos":[-0.0,1.249907,-12.325598],"initquaternion":[-0.378551,-0.597242,0.378551,0.597242],"initscale":[0.999999,0.999999,0.999999],"offmtx":[[-0.0,-0.426794,0.904348,4.130149],[0.0,0.904348,0.426794,-11.68009],[-1.0,0.0,-0.0,-5.105528657622926e-07]],"boundingbox":[[0.023008,-1.528092,-2.303701],[4.137727,1.690787,2.246299]]},{"name":"Bone002","parent":"Bone001","initpos":[2.029042,-1.425017,-0.0],"initquaternion":[2.812303137034178e-07,-1.6446874440134707e-07,-0.005495,0.999984],"initscale":[0.999999,0.999999,1.0],"offmtx":[[-3.6564455285770237e-07,-0.436708,0.899602,2.213696],[-5.396401547841378e-07,0.899602,0.436708,-10.231355],[-1.0,-3.257816842960892e-07,-5.646006684401073e-07,4e-06]],"boundingbox":[[-0.044878,-3.393346,-3.303706],[7.060375,3.515054,3.246301]]},{"name":"Bone003","parent":"Bone002","initpos":[5.470825,-0.909184,-9.5367431640625e-07],"initquaternion":[-0.0,-0.0,0.371564,0.928407],"initscale":[1.0,1.0,1.0],"offmtx":[[-6.369948550855042e-07,0.304535,0.9525,-8.789385],[-1.0560970054029895e-07,0.9525,-0.304535,-4.50095],[-1.0,-2.945807011656143e-07,-5.745763473896659e-07,5e-06]],"boundingbox":[[-0.023006,-2.163807,-2.203706],[6.693817,2.159461,2.146298]]},{"name":"Bone004","parent":"Bone003","initpos":[5.439654,-0.376145,-9.5367431640625e-07],"initquaternion":[0.0,0.0,0.313047,0.949737],"initscale":[0.999999,0.999999,1.0],"offmtx":[[-5.74943840092601e-07,0.811228,0.584729,-13.892902],[2.9386291089394945e-07,0.584729,-0.811228,5.144596],[-1.0,-2.945807011656143e-07,-5.74576290546247e-07,6e-06]],"boundingbox":[[-0.007607,-1.23758,-0.703708],[4.798784,1.22786,0.696295]]}],"boundingbox":[[-3.246299,4.133171,0.631879],[3.303701,13.827734,15.375012]]}