{
  "skeleton": [
    {
      "name": "RootNode",
      "parent": "RootNode",
      "initpos": [
        0,
        0,
        0
      ],
      "initquaternion": [
        0,
        0,
        0,
        1
      ],
      "initscale": [
        1,
        1,
        1
      ],
      "offmtx": [
        [
          1,
          0,
          0,
          0
        ],
        [
          0,
          1,
          0,
          0
        ],
        [
          0,
          0,
          1,
          0
        ]
      ],
      "boundingbox": [
        [
          0,
          0,
          0
        ],
        [
          0,
          0,
          0
        ]
      ]
    },
    {
      "name": "root",
      "parent": "RootNode",
      "initpos": [
        0,
        0,
        0
      ],
      "initquaternion": [
        0.707106,
        0,
        0,
        0.707106
      ],
      "initscale": [
        1,
        0.999999,
        0.999999
      ],
      "offmtx": [
        [
          1,
          0,
          0,
          0
        ],
        [
          0,
          1,
          0,
          0
        ],
        [
          0,
          0,
          1,
          0
        ]
      ],
      "boundingbox": [
        [
          0,
          0,
          0
        ],
        [
          0,
          0,
          0
        ]
      ]
    },
    {
      "name": "Bone005",
      "parent": "root",
      "initpos": [
        0,
        23.514354,
        -9.579112
      ],
      "initquaternion": [
        -0.49737,
        0.502615,
        -0.49737,
        0.502615
      ],
      "initscale": [
        1,
        0.999999,
        0.999999
      ],
      "offmtx": [
        [
          -1.6291171789362124e-7,
          0.010488,
          -0.999944,
          23.41259
        ],
        [
          0,
          0.999944,
          0.010488,
          -9.825222
        ],
        [
          0.999999,
          0,
          -1.624622143481247e-7,
          0.000003
        ]
      ],
      "boundingbox": [
        [
          -0.199861,
          -9.790678,
          -15.225664
        ],
        [
          40.631324,
          15.058959,
          15.646908
        ]
      ]
    },
    {
      "name": "Bone012",
      "parent": "Bone005",
      "initpos": [
        11.323087,
        9.318107,
        9.328312
      ],
      "initquaternion": [
        0.13381,
        0.010993,
        0.986712,
        0.091496
      ],
      "initscale": [
        1,
        0.999999,
        0.999999
      ],
      "offmtx": [
        [
          0.262053,
          0.173555,
          0.949318,
          -17.411525
        ],
        [
          0.046181,
          -0.984824,
          0.167298,
          16.240074
        ],
        [
          0.963947,
          -2.754559886852803e-7,
          -0.266091,
          -5.721827
        ]
      ],
      "boundingbox": [
        [
          -0.666561,
          -7.620934,
          -0.677046
        ],
        [
          16.573261,
          6.678238,
          3.210727
        ]
      ]
    },
    {
      "name": "Bone013",
      "parent": "Bone005",
      "initpos": [
        11.450007,
        8.562034,
        -10.065792
      ],
      "initquaternion": [
        0.11459,
        0.99009,
        0.008487,
        0.080736
      ],
      "initscale": [
        0.999999,
        0.999999,
        0.999999
      ],
      "offmtx": [
        [
          -0.157928,
          0.21819,
          0.963042,
          -17.279579
        ],
        [
          0.035309,
          0.975906,
          -0.215314,
          -14.84828
        ],
        [
          -0.986818,
          3.987370007507707e-7,
          -0.161827,
          -7.966148
        ]
      ],
      "boundingbox": [
        [
          -0.698201,
          -6.401228,
          -1.610125
        ],
        [
          16.827997,
          7.709509,
          2.753962
        ]
      ]
    },
    {
      "name": "bind",
      "parent": "Bone005",
      "initpos": [
        13.222871,
        9.61408,
        0.000003
      ],
      "initquaternion": [
        -0.498052,
        -0.501939,
        0.49276,
        0.507135
      ],
      "initscale": [
        0.999999,
        0.999999,
        0.999999
      ],
      "offmtx": [
        [
          0.018261,
          0.999833,
          2.7723979201255133e-7,
          -19.328142
        ],
        [
          -0.999833,
          0.018261,
          1.649909648904213e-7,
          -0.353026
        ],
        [
          1.5990056567716238e-7,
          -2.811378578826407e-7,
          1,
          -10.393048
        ]
      ],
      "boundingbox": [
        [
          -0.154082,
          -7.4188,
          -4.505026
        ],
        [
          -0.154082,
          -7.4188,
          -4.505026
        ]
      ]
    },
    {
      "name": "Bone008",
      "parent": "Bone005",
      "initpos": [
        39.520637,
        0.308018,
        0.000005
      ],
      "initquaternion": [
        -1.726739071727934e-7,
        -2.2735812876817363e-7,
        -0.475761,
        0.879574
      ],
      "initscale": [
        0.999999,
        0.999999,
        1
      ],
      "offmtx": [
        [
          5.102513682686549e-7,
          -0.831148,
          -0.55605,
          -0.335112
        ],
        [
          -2.4675742338331474e-7,
          0.55605,
          -0.831148,
          -19.027336
        ],
        [
          0.999999,
          5.613042048935313e-7,
          0,
          -0.000003
        ]
      ],
      "boundingbox": [
        [
          -0.026796,
          -1.133092,
          -0.81807
        ],
        [
          5.120351,
          0.929594,
          1.240093
        ]
      ]
    },
    {
      "name": "Bone009",
      "parent": "Bone008",
      "initpos": [
        4.361287,
        0.000001,
        1.8308969629288185e-7
      ],
      "initquaternion": [
        0,
        0,
        0.528188,
        0.849127
      ],
      "initscale": [
        1,
        1,
        1
      ],
      "offmtx": [
        [
          0,
          0.131381,
          -0.991332,
          -19.143459
        ],
        [
          -3.9192423173517454e-7,
          0.991331,
          0.131381,
          -4.198057
        ],
        [
          0.999999,
          3.767358975892421e-7,
          1.4046086960206594e-7,
          -0.000001
        ]
      ],
      "boundingbox": [
        [
          -0.681716,
          -1.180048,
          -0.844092
        ],
        [
          4.46272,
          0.956861,
          1.266085
        ]
      ]
    },
    {
      "name": "Bone010",
      "parent": "Bone009",
      "initpos": [
        4.27456,
        -0.000005,
        0
      ],
      "initquaternion": [
        0,
        0,
        0.48048,
        0.877005
      ],
      "initscale": [
        1,
        1,
        1
      ],
      "offmtx": [
        [
          -2.8199204393786204e-7,
          0.906181,
          -0.422887,
          -16.143373
        ],
        [
          -3.832174400031363e-7,
          0.422887,
          0.906181,
          17.476228
        ],
        [
          0.999999,
          4.175940375716891e-7,
          2.2801383181558776e-7,
          0
        ]
      ],
      "boundingbox": [
        [
          -0.822914,
          -0.981241,
          -0.818074
        ],
        [
          6.442948,
          1.308149,
          1.24009
        ]
      ]
    },
    {
      "name": "Bone011",
      "parent": "Bone010",
      "initpos": [
        6.338302,
        -0.000001,
        -9.587758995621698e-7
      ],
      "initquaternion": [
        0,
        0,
        0.359688,
        0.933072
      ],
      "initscale": [
        1,
        1,
        1
      ],
      "offmtx": [
        [
          -4.6625339678030286e-7,
          0.955561,
          0.294791,
          -4.933946
        ],
        [
          0,
          -0.294791,
          0.955561,
          28.04462
        ],
        [
          0.999999,
          4.175940375716891e-7,
          2.2801360444191232e-7,
          0.000001
        ]
      ],
      "boundingbox": [
        [
          -0.787601,
          -3.527198,
          -1.332591
        ],
        [
          1.524084,
          4.736152,
          1.754632
        ]
      ]
    },
    {
      "name": "Bone014",
      "parent": "Bone005",
      "initpos": [
        7.432594,
        5.235718,
        9.5367431640625e-7
      ],
      "initquaternion": [
        -0.13882,
        0.990317,
        3.169450621953729e-7,
        0
      ],
      "initscale": [
        1,
        0.999999,
        0.999999
      ],
      "offmtx": [
        [
          0,
          -0.285022,
          0.95852,
          -11.223032
        ],
        [
          6.560920269294002e-7,
          0.95852,
          0.285022,
          -18.874206
        ],
        [
          -0.999999,
          6.058598387426173e-7,
          2.6440994815857266e-7,
          -0.000013
        ]
      ],
      "boundingbox": [
        [
          -0.066991,
          -1.530632,
          -12.832179
        ],
        [
          8.602499,
          1.105637,
          12.410926
        ]
      ]
    },
    {
      "name": "Bone015",
      "parent": "Bone014",
      "initpos": [
        8.549573,
        0,
        0.000001
      ],
      "initquaternion": [
        0,
        -1.3826833367147628e-7,
        0.340823,
        0.940127
      ],
      "initscale": [
        1,
        1,
        1
      ],
      "offmtx": [
        [
          1.5660199892408855e-7,
          0.395447,
          0.918488,
          -27.274259
        ],
        [
          3.6449219464884663e-7,
          0.918488,
          -0.395447,
          -1.818355
        ],
        [
          -0.999999,
          3.967099075907754e-7,
          0,
          -0.000006
        ]
      ],
      "boundingbox": [
        [
          0.782087,
          -0.71691,
          -13.373585
        ],
        [
          9.841981,
          1.906678,
          12.952326
        ]
      ]
    },
    {
      "name": "Bone016",
      "parent": "Bone015",
      "initpos": [
        9.844409,
        9.5367431640625e-7,
        -0.000001
      ],
      "initquaternion": [
        0,
        0,
        0.246061,
        0.969254
      ],
      "initscale": [
        1,
        1,
        1
      ],
      "offmtx": [
        [
          3.114987237040623e-7,
          0.785673,
          0.618641,
          -33.491226
        ],
        [
          3.250143834065966e-7,
          0.618641,
          -0.785673,
          16.107147
        ],
        [
          -0.999999,
          4.4580357894119516e-7,
          0,
          -0.000003
        ]
      ],
      "boundingbox": [
        [
          1.52535,
          -1.730806,
          -11.989887
        ],
        [
          11.734819,
          0.893993,
          11.568629
        ]
      ]
    },
    {
      "name": "Bone017",
      "parent": "Bone016",
      "initpos": [
        11.671092,
        0.000001,
        -0.000002
      ],
      "initquaternion": [
        0,
        0,
        0.356324,
        0.934362
      ],
      "initscale": [
        1,
        1,
        1
      ],
      "offmtx": [
        [
          4.4881670646645944e-7,
          0.9981,
          -0.061611,
          -22.968776
        ],
        [
          0,
          -0.061611,
          -0.9981,
          42.089321
        ],
        [
          -0.999999,
          4.458035220977763e-7,
          0,
          -0.000001
        ]
      ],
      "boundingbox": [
        [
          -0.222406,
          -2.035438,
          -6.514556
        ],
        [
          6.052814,
          3.255149,
          6.093301
        ]
      ]
    },
    {
      "name": "Bone020",
      "parent": "Bone017",
      "initpos": [
        -0.406665,
        -0.473487,
        3.757913
      ],
      "initquaternion": [
        0.029731,
        0.70648,
        0.706971,
        0.013852
      ],
      "initscale": [
        0.999999,
        0.999999,
        0.999999
      ],
      "offmtx": [
        [
          -0.022466,
          -0.999747,
          -3.5284980981487024e-7,
          25.050821
        ],
        [
          -0.999747,
          0.022466,
          0.000001,
          -4.321888
        ],
        [
          -0.000001,
          3.952246743210708e-7,
          -0.999999,
          41.091838
        ]
      ],
      "boundingbox": [
        [
          -0.026178,
          -0.802365,
          -0.12918
        ],
        [
          4.561797,
          0.693938,
          0.342727
        ]
      ]
    },
    {
      "name": "Bone019",
      "parent": "Bone017",
      "initpos": [
        0,
        0,
        0
      ],
      "initquaternion": [
        0.015044,
        0.706946,
        0.70653,
        0.028539
      ],
      "initscale": [
        0.999999,
        0.999999,
        0.999999
      ],
      "offmtx": [
        [
          0.019093,
          -0.999817,
          -2.0104414488741895e-7,
          25.513656
        ],
        [
          -0.999817,
          -0.019093,
          3.8830077642160177e-7,
          0.487213
        ],
        [
          -3.9206858559737157e-7,
          1.9452491528682003e-7,
          -1,
          40.594223
        ]
      ],
      "boundingbox": [
        [
          0.331561,
          -1.27916,
          -1.442089
        ],
        [
          6.37975,
          1.008463,
          -0.970172
        ]
      ]
    },
    {
      "name": "Bone018",
      "parent": "Bone017",
      "initpos": [
        -0.30475,
        -0.479778,
        -4.257663
      ],
      "initquaternion": [
        0.017951,
        0.706876,
        0.706644,
        0.025633
      ],
      "initscale": [
        0.999999,
        0.999999,
        0.999999
      ],
      "offmtx": [
        [
          0.010868,
          -0.99994,
          -3.5098713624392985e-7,
          25.195936
        ],
        [
          -0.99994,
          -0.010868,
          0.000005,
          4.53153
        ],
        [
          -0.000005,
          2.867256796434958e-7,
          -1,
          41.09188
        ]
      ],
      "boundingbox": [
        [
          0.078826,
          -0.629036,
          -0.12918
        ],
        [
          4.655543,
          0.829365,
          0.342735
        ]
      ]
    }
  ],
  "boundingbox": [
    [
      -15.225666,
      0.004518,
      -28.568256
    ],
    [
      15.646906,
      31.378078,
      42.41941
    ]
  ]
}
