{"skeleton":[{"name":"root","parent":"root","initpos":[0.0,0.0,-0.0],"initquaternion":[0.707106,0.0,0.0,0.707106],"initscale":[1.0,0.999999,0.999999],"offmtx":[[1.0,0.0,0.0,0.0],[0.0,1.0,0.0,0.0],[0.0,0.0,1.0,0.0]],"boundingbox":[[0.0,0.0,0.0],[0.0,0.0,0.0]]},{"name":"Bone001","parent":"root","initpos":[0.0,-10.233215,-12.525137],"initquaternion":[-0.500151,-0.499848,0.500152,0.499847],"initscale":[0.999999,0.999999,0.999999],"offmtx":[[-1.629206565212371e-07,0.000607,0.999999,10.2256],[0.0,0.999999,-0.000607,-12.531356],[-1.0,0.0,-1.6294724503040925e-07,-2e-06]],"boundingbox":[[0.003451,-6.32201,-5.483751],[12.003453,5.677991,5.51625]]},{"name":"Bone002","parent":"Bone001","initpos":[12.000024,9.5367431640625e-07,-9.536741458759934e-07],"initquaternion":[0.0,0.0,0.000305,0.999999],"initscale":[1.0,1.0,1.0],"offmtx":[[-1.6289386906009895e-07,0.001219,0.999999,-1.782083],[0.0,0.999999,-0.001219,-12.53027],[-1.0,0.0,-1.6294725924126396e-07,-1e-06]],"boundingbox":[[0.000783,-4.325684,-3.48375],[6.00663,5.20575,3.51625]]},{"name":"Bone003","parent":"Bone002","initpos":[5.983829,0.0,-0.0],"initquaternion":[0.0,0.0,0.000606,0.999999],"initscale":[0.999999,0.999999,1.0],"offmtx":[[-1.6284050730064337e-07,0.002431,0.999996,-7.781095],[0.0,0.999996,-0.002431,-12.520845],[-1.0,0.0,-1.6294725924126396e-07,-1e-06]],"boundingbox":[[0.013534,-3.336641,-2.483751],[6.026288,4.672749,2.516248]]},{"name":"Bone004","parent":"Bone003","initpos":[6.019537,0.636452,-2e-06],"initquaternion":[0.0,0.0,-0.001215,0.999999],"initscale":[0.999999,0.999999,1.0],"offmtx":[[1.8791590150613047e-07,0.0,0.999999,-13.768602],[0.0,0.999999,-0.0,-13.190815],[-1.0,0.0,1.8791588729527575e-07,-3e-06]],"boundingbox":[[-2e-06,-3.992657,-1.483748],[8.001835,7.007341,1.516253]]},{"name":"Bone005","parent":"Bone004","initpos":[7.983835,0.0,1e-06],"initquaternion":[0.0,0.0,0.0,1.0],"initscale":[1.0,1.0,1.0],"offmtx":[[1.8791590150613047e-07,0.0,0.999999,-21.752439],[-0.0,0.999999,0.0,-13.190816],[-1.0,-0.0,1.8791588729527575e-07,-6e-06]],"boundingbox":[[0.017995,-4.992657,-0.136123],[6.017992,7.007342,0.163878]]},{"name":"Bone006","parent":"Bone005","initpos":[6.013738,0.0,0.0],"initquaternion":[0.0,0.0,0.0,1.0],"initscale":[1.0,1.0,1.0],"offmtx":[[2.8463932721933816e-07,0.0,0.999999,-27.766178],[-0.0,0.999999,0.0,-13.190816],[-1.0,-0.0,2.846392987976287e-07,-1e-05]],"boundingbox":[[0.004251,-4.992656,-0.136124],[6.004257,7.007342,0.163878]]},{"name":"Bone007","parent":"Bone006","initpos":[6.01563,0.0,-1e-06],"initquaternion":[0.0,0.0,0.0,1.0],"initscale":[1.0,1.0,1.0],"offmtx":[[2.8463932721933816e-07,0.0,0.999999,-33.781806],[-0.0,0.999999,0.0,-13.190817],[-1.0,-0.0,2.846392987976287e-07,-1.2e-05]],"boundingbox":[[-0.011371,0.007341,-0.136123],[4.988628,7.007343,0.163878]]},{"name":"Bone008","parent":"Bone007","initpos":[4.993366,0.0,1e-06],"initquaternion":[0.0,0.0,0.0,1.0],"initscale":[1.0,1.0,1.0],"offmtx":[[2.8463932721933816e-07,0.0,0.999999,-38.775173],[-1.9960708641519886e-07,0.999999,0.0,-13.190818],[-1.0,-1.9960707220434415e-07,2.846392987976287e-07,-1.4e-05]],"boundingbox":[[-0.004737,0.00734,-0.136125],[4.995269,6.007343,0.163876]]},{"name":"Bone009","parent":"Bone008","initpos":[4.968555,-4e-06,0.0],"initquaternion":[0.0,0.0,0.0,1.0],"initscale":[1.0,1.0,1.0],"offmtx":[[2.8463932721933816e-07,0.0,0.999999,-43.743728],[-1.4000244163980824e-07,0.999999,0.0,-13.190814],[-1.0,-1.4000242742895352e-07,2.846392987976287e-07,-1.7e-05]],"boundingbox":[[0.026699,3.007347,-0.136126],[5.026706,6.007348,0.163875]]},{"name":"Bone010","parent":"Bone007","initpos":[4.988624,8.048599,-3e-06],"initquaternion":[0.0,0.0,0.0,1.0],"initscale":[1.0,1.0,1.0],"offmtx":[[2.8463932721933816e-07,0.0,0.999999,-38.770431],[0.0,0.999999,-0.0,-21.239418],[-1.0,0.0,2.846392987976287e-07,-1.3e-05]],"boundingbox":[[-3e-06,-1.041257,-0.136121],[4.999996,0.958744,0.16388]]},{"name":"Bone011","parent":"Bone006","initpos":[5.005029,10.268638,-3e-06],"initquaternion":[0.0,0.0,0.0,1.0],"initscale":[1.0,1.0,1.0],"offmtx":[[2.9295327408362937e-07,0.0,0.999999,-32.771205],[0.0,0.999999,-0.0,-23.459457],[-1.0,0.0,2.9295324566191994e-07,-1.2e-05]],"boundingbox":[[0.003421,-1.01337,-0.136122],[3.003429,0.986628,0.163878]]},{"name":"Bone012","parent":"Bone006","initpos":[6.004262,-2.995967,-4e-06],"initquaternion":[0.0,0.0,0.0,1.0],"initscale":[1.0,1.0,1.0],"offmtx":[[2.8463932721933816e-07,0.0,0.999999,-33.770439],[0.0,0.999999,-0.0,-10.19485],[-1.0,0.0,2.846392987976287e-07,-1e-05]],"boundingbox":[[-3e-06,-1.996689,-0.136119],[5.0,3.003314,0.163881]]},{"name":"Bone013","parent":"Bone012","initpos":[5.0,-1.476108,1e-06],"initquaternion":[0.0,0.0,0.0,1.0],"initscale":[1.0,1.0,1.0],"offmtx":[[2.8463932721933816e-07,0.0,0.999999,-38.770439],[0.0,0.999999,-0.0,-8.718743],[-1.0,0.0,2.846392987976287e-07,-1.4e-05]],"boundingbox":[[-1.1e-05,-1.520585,-0.136121],[4.000003,1.479417,0.163879]]},{"name":"Bone014","parent":"Bone001","initpos":[8.958362,1.261322,-4.57602],"initquaternion":[0.433583,0.281685,-0.479906,0.708765],"initscale":[0.999999,1.0,0.999999],"offmtx":[[0.815457,-0.435782,0.38095,2.764676],[-0.344252,0.163951,0.924451,0.493352],[-0.465317,-0.884993,-0.016323,14.314223]],"boundingbox":[[-0.000115,-2.911753,-0.118971],[12.996886,2.284623,0.194013]]},{"name":"Bone015","parent":"Bone001","initpos":[6.569334,0.91197,-4.431171],"initquaternion":[0.303331,0.302645,-0.638978,0.638828],"initscale":[0.999999,1.0,0.999999],"offmtx":[[0.774322,-0.63279,0.000608,5.076477],[-0.000785,-0.0,0.999999,3.667917],[-0.63279,-0.774322,-0.000496,13.209933]],"boundingbox":[[-0.000304,-2.577914,-0.160302],[14.000001,2.422231,0.142181]]},{"name":"Bone016","parent":"Bone001","initpos":[8.958363,1.261322,4.575979],"initquaternion":[0.708765,-0.479906,0.281685,0.433583],"initscale":[1.0,0.999999,0.999999],"offmtx":[[-0.815456,-0.435782,0.38095,2.764707],[-0.344252,-0.163951,-0.924451,-0.493333],[0.465317,-0.884993,-0.016323,14.314204]],"boundingbox":[[-8.3e-05,-2.284611,-0.118986],[12.996912,2.911764,0.193994]]},{"name":"Bone017","parent":"Bone001","initpos":[6.569335,0.911968,4.430828],"initquaternion":[-0.638828,0.638978,-0.302645,-0.303331],"initscale":[1.0,0.999999,0.999999],"offmtx":[[-0.774322,-0.63279,0.000607,5.076741],[-0.000785,3.433087272242119e-07,-0.999999,-3.667922],[0.63279,-0.774322,-0.000497,13.209712]],"boundingbox":[[-4.1e-05,-2.422234,-0.160522],[14.000263,2.577912,0.141961]]},{"name":"Bone018","parent":"Bone001","initpos":[0.134514,-0.526226,-0.0],"initquaternion":[0.0,-0.0,0.990933,-0.134356],"initscale":[1.0,1.0,1.0],"offmtx":[[0.0,-0.266861,-0.963734,-6.530087],[0.0,-0.963734,0.266861,14.25872],[-1.0,-0.0,0.0,1e-06]],"boundingbox":[[-0.000154,-4.34847,-4.483719],[11.020472,3.651532,4.516281]]},{"name":"Bone019","parent":"Bone018","initpos":[4.731566,-4.575408,1.271542],"initquaternion":[0.062323,0.700711,0.571559,-0.422419],"initscale":[0.999999,0.999999,0.999999],"offmtx":[[-0.663231,0.550742,0.50676,-1.137724],[-0.748344,-0.47875,-0.459106,-0.990823],[-0.010237,-0.683725,0.729667,21.929203]],"boundingbox":[[0.016767,-0.8076,-0.125024],[3.354427,0.861524,0.036588]]},{"name":"Bone020","parent":"Bone018","initpos":[4.731566,-4.575408,-1.272458],"initquaternion":[-0.422419,0.57156,0.700711,0.062323],"initscale":[1.0,0.999999,1.0],"offmtx":[[0.663231,0.550743,0.50676,-1.138338],[-0.748344,0.478749,0.459106,0.991508],[0.010238,-0.683725,0.729667,21.929197]],"boundingbox":[[-0.007913,-0.833674,-0.125402],[3.329745,0.835448,0.036212]]},{"name":"Bone021","parent":"Bone018","initpos":[4.347425,-4.587188,-0.326275],"initquaternion":[-0.228761,0.686405,0.688569,0.048858],"initscale":[0.999999,0.999999,0.999999],"offmtx":[[0.382109,0.475469,0.792414,4.911995],[-0.922922,0.152763,0.353379,3.451723],[0.046968,-0.866366,0.497194,20.917764]],"boundingbox":[[5e-06,-1.09218,-0.145204],[3.665772,1.099312,0.037582]]},{"name":"Bone022","parent":"Bone018","initpos":[4.347425,-4.587188,0.305724],"initquaternion":[0.048858,0.688569,0.686405,-0.228761],"initscale":[0.999999,0.999999,0.999999],"offmtx":[[-0.382109,0.475469,0.792414,4.91985],[-0.922922,-0.152763,-0.353379,-3.432757],[-0.046968,-0.866367,0.497194,20.918735]],"boundingbox":[[0.019786,-0.972121,-0.147115],[3.685555,1.219372,0.035673]]},{"name":"Bone023","parent":"Bone018","initpos":[2.884657,-0.368808,-4.44392],"initquaternion":[-0.195127,0.679651,0.602931,0.369423],"initscale":[1.0,0.999999,0.999999],"offmtx":[[0.737454,1.6999545948692685e-07,0.675396,5.487325],[-0.675396,-1.1175868763757535e-07,0.737454,12.571249],[2.0084543450593628e-07,-0.999999,0.0,11.58462]],"boundingbox":[[1e-06,-0.221787,-2.438671],[6.000001,0.250561,2.561326]]},{"name":"Bone024","parent":"Bone018","initpos":[3.362725,2.338902,-4.737027],"initquaternion":[-0.321537,0.629772,0.521127,0.477939],"initscale":[0.999999,0.999999,0.999999],"offmtx":[[0.93711,1.0581612741589197e-07,0.349032,-0.001167],[-0.349032,-0.0,0.93711,13.568734],[1.1001175437286292e-07,-0.999999,0.0,8.847527]],"boundingbox":[[-8.407514542341232e-07,-0.215069,-0.975689],[6.0,0.221708,1.024305]]},{"name":"Bone025","parent":"Bone018","initpos":[2.884657,-0.368808,4.444078],"initquaternion":[0.369423,0.602931,0.67965,-0.195127],"initscale":[1.0,0.999999,0.999999],"offmtx":[[-0.737454,0.0,0.675396,5.487209],[-0.675396,-3.562308563687111e-07,-0.737454,-12.571352],[2.1312470721568388e-07,-1.0,2.878647080706287e-07,11.584623]],"boundingbox":[[-0.000113,-0.250669,-2.438674],[5.999886,0.221679,2.561324]]},{"name":"Bone026","parent":"Bone018","initpos":[3.362723,2.338901,4.736972],"initquaternion":[0.477939,0.521127,0.629772,-0.321537],"initscale":[0.999999,0.999999,0.999999],"offmtx":[[-0.93711,-0.0,0.349032,-0.00112],[-0.349032,-3.5891230254492257e-07,-0.93711,-13.568712],[1.4763134004169842e-07,-0.999999,3.280127316429571e-07,8.847531]],"boundingbox":[[5.1e-05,-0.221691,-0.975691],[6.000053,0.215086,1.024303]]},{"name":"Bone027","parent":"Bone018","initpos":[5.110883,-4.264223,-9.5367431640625e-07],"initquaternion":[-0.268548,0.654126,0.654126,-0.268548],"initscale":[1.0,1.0,1.0],"offmtx":[[-0.0,0.867056,0.49821,-4.732438],[-1.0,0.0,-2.5944538606381684e-07,-4e-06],[-2.5849863050098065e-07,-0.49821,0.867056,21.359207]],"boundingbox":[[-0.018277,-1.759801,-0.041742],[3.551476,1.791674,0.032896]]},{"name":"Bone028","parent":"Bone001","initpos":[7.586729,6.785016,0.0],"initquaternion":[-6.6e-05,-0.000185,0.706891,0.707321],"initscale":[0.999999,0.999999,1.0],"offmtx":[[-0.000168,0.999999,6.715142717439448e-07,-19.314762],[0.000355,7.313636274375312e-07,-0.999999,-2.650628],[-0.999999,-0.000168,-0.000355,0.002306]],"boundingbox":[[-0.006926,-7.418968,-5.004724],[4.002669,5.584989,5.000571]]},{"name":"Bind","parent":"Bone028","initpos":[0.29862,-2.238566,-0.000848],"initquaternion":[0.707232,5.9e-05,-5.9e-05,0.70698],"initscale":[1.0,0.999999,0.999999],"offmtx":[[3.1391647326017846e-07,0.999999,0.0,-19.613384],[3.8147763348206354e-07,-0.0,-0.999999,-0.412047],[-1.0,3.1391644483846903e-07,-3.814776050603541e-07,-6e-06]],"boundingbox":[[-0.097262,-1.178831,3.998586],[-0.097262,-1.178831,3.998586]]}],"boundingbox":[[-15.372165,4.473091,-21.297901],[15.372165,24.44609,48.770431]]}