{"skeleton":[{"name":"root","parent":"root","initpos":[0.0,0.0,-0.0],"initquaternion":[0.707106,0.0,0.0,0.707106],"initscale":[1.0,0.999999,0.999999],"offmtx":[[1.0,0.0,0.0,0.0],[0.0,1.0,0.0,0.0],[0.0,0.0,1.0,0.0]],"boundingbox":[[0.0,0.0,0.0],[0.0,0.0,0.0]]},{"name":"Bone001","parent":"root","initpos":[1e-05,6.974771,-11.841691],"initquaternion":[0.502444,-0.497543,0.502444,-0.497543],"initscale":[1.0,1.0,1.0],"offmtx":[[-1.6291286897285318e-07,-0.009803,-0.999951,7.090655],[-1.6451787132609752e-07,0.999951,-0.009803,-11.785789],[1.0,1.6291285476199846e-07,-1.645178571152428e-07,-9.5367431640625e-07]],"boundingbox":[[-2.087829,-4.081307,-5.17448],[4.999478,5.968035,4.948048]]},{"name":"Bone013","parent":"Bone001","initpos":[-0.756555,4.155171,1e-06],"initquaternion":[0.0,0.0,-0.861968,0.506961],"initscale":[1.0,1.0,1.0],"offmtx":[[1.3553325572956965e-07,-0.869163,0.494524,10.118339],[-1.4985145924129029e-07,-0.494524,-0.869163,14.605207],[1.0,0.0,-1.9726995503788203e-07,-4.76837158203125e-07]],"boundingbox":[[-0.051632,-2.00386,-2.127896],[5.973494,2.033931,1.872104]]},{"name":"Bone014","parent":"Bone013","initpos":[5.685106,-0.000129,-2.1224877855274826e-07],"initquaternion":[0.0,0.0,-0.207227,0.978292],"initscale":[0.999999,0.999999,1.0],"offmtx":[[1.954017392336027e-07,-0.457555,0.88918,-4.270424],[-0.0,-0.88918,-0.457555,14.65376],[1.0,0.0,-1.9726991240531788e-07,-4.76837158203125e-07]],"boundingbox":[[-0.896877,-2.159184,-2.188204],[5.289461,2.126152,1.93241]]},{"name":"Bone030","parent":"Bone014","initpos":[3.876935,0.479484,-2e-06],"initquaternion":[-0.0,-0.0,-0.317085,0.948396],"initscale":[0.999999,0.999999,1.0],"offmtx":[[2.7445148020888155e-07,0.169247,0.985573,-15.034099],[-0.0,-0.985573,0.169247,6.423821],[1.0,-0.0,-2.686353752778814e-07,4e-06]],"boundingbox":[[-0.021398,-1.986377,-2.127895],[4.996417,2.026981,1.872106]]},{"name":"Bone021","parent":"Bone001","initpos":[3.479844,-1.528851,-3.249399],"initquaternion":[8.907907158572925e-07,9.87092562354519e-07,-0.862804,0.505538],"initscale":[1.113549,1.171566,1.087074],"offmtx":[[0.0,-0.772273,0.458311,6.196582],[2.8259435680411116e-07,-0.435615,-0.734031,7.026164],[0.919899,2.1323302235032315e-07,2.2760715978620283e-07,2.989121]],"boundingbox":[[0.387429,-1.680601,-1.389597],[5.818305,1.794825,1.370103]]},{"name":"Bone042","parent":"Bone021","initpos":[5.338736,-1.160001,-0.071959],"initquaternion":[-1.1e-05,-1.3e-05,0.514051,0.857759],"initscale":[0.862873,0.889082,0.9199],"offmtx":[[-9e-06,-0.848505,-0.529185,8.639295],[-3.1e-05,0.529185,-0.848505,3.305824],[1.0,9e-06,-3.1e-05,3.32783]],"boundingbox":[[0.147404,-1.171808,-1.009358],[5.212594,0.997266,0.990746]]},{"name":"Bone043","parent":"Bone042","initpos":[4.983968,-1.01407,0.044427],"initquaternion":[1.5e-05,-3e-06,0.475654,0.879632],"initscale":[1.0,1.0,1.0],"offmtx":[[2.50084610797785e-07,0.0,-0.999999,5.76278],[0.0,0.999999,0.0,-1.085824],[1.0,-0.0,2.500846392194944e-07,3.283131]],"boundingbox":[[0.013217,-1.106097,-1.226355],[2.503343,0.893902,1.118675]]},{"name":"Bone024","parent":"Bone001","initpos":[3.46712,-1.521126,3.29101],"initquaternion":[1e-06,3.899347404967557e-07,-0.862039,0.50684],"initscale":[1.113549,1.171566,1.087074],"offmtx":[[0.0,-0.772273,0.458311,6.19658],[2.8259435680411116e-07,-0.435615,-0.734031,7.026167],[0.919899,2.1323302235032315e-07,2.2760715978620283e-07,-3.027403]],"boundingbox":[[0.387427,-1.680597,-1.40838],[5.818304,1.794829,1.351321]]},{"name":"Bone044","parent":"Bone024","initpos":[5.33545,-1.164653,-0.028209],"initquaternion":[-1.2e-05,-1.3e-05,0.512637,0.858605],"initscale":[0.862989,0.888969,0.9199],"offmtx":[[-9e-06,-0.848505,-0.529185,8.639354],[-3.1e-05,0.529185,-0.848505,3.306033],[1.0,9e-06,-3.1e-05,-3.260131]],"boundingbox":[[0.147403,-2.372198,-1.450634],[5.212594,1.322137,2.642636]]},{"name":"Bone045","parent":"Bone044","initpos":[4.986302,-1.012171,0.044418],"initquaternion":[1.6e-05,-3e-06,0.475448,0.879743],"initscale":[1.0,1.0,1.0],"offmtx":[[2.0754139029577345e-07,0.0,-0.999999,5.762781],[0.0,1.0,0.0,-1.085824],[1.0,-0.0,2.0754140450662817e-07,-3.304829]],"boundingbox":[[0.013219,-1.106097,-1.140371],[2.503345,0.893902,1.204659]]},{"name":"Bone028","parent":"Bone001","initpos":[4.877242,-3.7e-05,2e-06],"initquaternion":[4.907221864414169e-07,-1.5691777832671505e-07,0.012256,0.999924],"initscale":[1.0,1.0,1.0],"offmtx":[[1.5894480043243675e-07,0.01471,-0.999891,1.923857],[-0.0,0.999891,0.01471,-11.836462],[1.0,0.0,1.6000224434264965e-07,-9.5367431640625e-07]],"boundingbox":[[0.02336,-4.129651,-5.17448],[6.640599,3.965086,4.948047]]},{"name":"bind","parent":"Bone028","initpos":[2.479714,4.028036,-0.0],"initquaternion":[-0.503663,-0.496308,0.496308,0.503663],"initscale":[1.0,0.999999,0.999999],"offmtx":[[8.834477398522722e-07,0.999998,0.0,-15.857905],[-0.999999,8.83448649346974e-07,3.984150680480525e-07,-1.5e-05],[3.984146985658299e-07,-0.0,0.999998,0.322429]],"boundingbox":[[-0.084305,5.174478,2.337093],[-0.084305,5.174478,2.337093]]},{"name":"Bone029","parent":"Bone028","initpos":[6.503256,4.4e-05,0.0],"initquaternion":[-1.5099169559107395e-07,0.0,-0.007358,0.999972],"initscale":[0.999999,0.999999,1.0],"offmtx":[[5e-06,0.0,-0.999999,-4.404788],[-0.0,0.999999,-0.0,-11.902588],[1.0,0.0,5e-06,2.5e-05]],"boundingbox":[[0.07958,-5.128967,-5.174519],[6.581252,3.871036,4.948046]]},{"name":"Bone031","parent":"Bone029","initpos":[-2.03349,6.079839,1e-06],"initquaternion":[-1.1979552994034748e-07,2.649779560215393e-07,-0.183957,0.982934],"initscale":[1.0,1.0,1.0],"offmtx":[[-3.0209395163183217e-07,-0.361641,-0.932317,4.292369],[-3.410489455291099e-07,0.932317,-0.361641,-17.622909],[1.0,2.087160027031132e-07,-4.0498488829143753e-07,-6e-06]],"boundingbox":[[-0.048516,-3.577149,-6.27937],[11.559949,1.994509,6.193976]]},{"name":"Bone015","parent":"Bone029","initpos":[2.857396,-2.159689,3.299457],"initquaternion":[1.7490076231752028e-07,1.6208097974867997e-07,-0.733476,0.679714],"initscale":[0.999999,0.999999,1.0],"offmtx":[[-0.0,-0.997109,0.075982,10.266518],[-1.609291473414487e-07,-0.075982,-0.997109,-6.500887],[1.0,-0.0,-1.5825447974293638e-07,-3.299458]],"boundingbox":[[0.045455,-1.522933,-1.550926],[5.07877,1.532929,1.449074]]},{"name":"Bone016","parent":"Bone015","initpos":[5.082708,-3e-05,1e-06],"initquaternion":[3.2289867135659733e-07,0.0,0.316566,0.94857],"initscale":[1.0,1.0,1.0],"offmtx":[[0.0,-0.842892,-0.538082,0.240591],[-1.1121076681774866e-07,0.538082,-0.842892,-8.311144],[1.0,0.0,-0.0,-3.299458]],"boundingbox":[[-0.52466,-0.984099,-1.026395],[4.559469,1.236646,0.973604]]},{"name":"Bone017","parent":"Bone016","initpos":[3.710196,-0.760734,-0.029954],"initquaternion":[-5.775908675786923e-07,2.3068108134793874e-07,0.483464,0.875364],"initscale":[0.738081,1.594416,1.594414],"offmtx":[[-1.0469778288779708e-07,0.008914,-1.354833,-11.161941],[-2.4157020561688114e-07,0.627175,0.004126,-0.679908],[0.627189,2.418838960238645e-07,-0.0,-2.050599]],"boundingbox":[[0.216167,-0.737554,-0.706357],[3.6077,0.527072,0.71082]]},{"name":"Bone018","parent":"Bone029","initpos":[2.857393,-2.159687,-3.246623],"initquaternion":[4.874747219218989e-07,-4.616879323293688e-07,-0.733476,0.679714],"initscale":[0.999999,0.999999,1.0],"offmtx":[[-0.0,-0.997109,0.075982,10.266516],[-1.609291473414487e-07,-0.075982,-0.997109,-6.500888],[1.0,-0.0,-1.5825447974293638e-07,3.246622]],"boundingbox":[[0.045453,-1.522933,-1.501907],[5.078768,1.532929,1.498092]]},{"name":"Bone019","parent":"Bone018","initpos":[5.08271,-3.1e-05,4.76837158203125e-07],"initquaternion":[-7.91211220985133e-07,-0.0,0.316566,0.94857],"initscale":[1.0,1.0,1.0],"offmtx":[[0.0,-0.842892,-0.538082,0.240591],[-1.1121076681774866e-07,0.538082,-0.842892,-8.311142],[1.0,0.0,-0.0,3.246622]],"boundingbox":[[-0.52466,-0.984097,-1.02644],[4.559469,1.236649,0.97356]]},{"name":"Bone020","parent":"Bone019","initpos":[3.710196,-0.760733,-0.029953],"initquaternion":[0.0,5.570984740188578e-07,0.483464,0.875363],"initscale":[0.738081,1.594416,1.594414],"offmtx":[[-1.0469778288779708e-07,0.008914,-1.354833,-11.16194],[-2.4157020561688114e-07,0.627175,0.004126,-0.67991],[0.627189,2.418838960238645e-07,-0.0,2.055032]],"boundingbox":[[0.216169,-0.737554,-0.706384],[3.607702,0.527071,0.710791]]},{"name":"Bone032","parent":"Bone029","initpos":[4.887698,4.136844,-3e-06],"initquaternion":[0.0,3.371692400833126e-07,0.70345,0.710744],"initscale":[0.999999,0.999999,1.0],"offmtx":[[0.0,0.999946,-0.010319,-16.134449],[-2.481464775883069e-07,0.010319,0.999946,9.126489],[1.0,-0.0,2.4832283429532254e-07,1e-06]],"boundingbox":[[-0.019977,-6.095482,-6.82992],[16.443477,4.990205,6.829918]]},{"name":"Bone033","parent":"Bone032","initpos":[8.299114,-2.400691,-4.919498],"initquaternion":[-0.438554,0.554679,0.559176,0.432807],"initscale":[0.999999,0.999999,0.999999],"offmtx":[[-0.970597,-0.240708,-0.0,1.077574],[0.240708,-0.970597,0.0,24.782596],[-0.0,0.0,0.999999,11.778719]],"boundingbox":[[-0.308546,-0.582613,-1.007357],[5.783914,4.453916,0.992643]]},{"name":"Bone034","parent":"Bone032","initpos":[8.299112,-2.400689,4.813292],"initquaternion":[0.438554,-0.554679,0.559176,0.432806],"initscale":[0.999999,0.999999,1.0],"offmtx":[[0.970597,-0.240708,3.6814674331253627e-07,1.180655],[-0.240708,-0.970597,-0.0,24.75703],[3.813778732819628e-07,0.0,-0.999999,-11.778717]],"boundingbox":[[-0.205467,-0.608179,-0.99264],[5.886993,4.42835,1.007362]]},{"name":"Bone039","parent":"Bone032","initpos":[3.823581,-5.239226,4.349495],"initquaternion":[0.503446,-0.496529,-0.501706,-0.498288],"initscale":[0.364957,0.999999,0.999999],"offmtx":[[-2.740034,0.009585,7.617473443133349e-07,11.727914],[-0.003498,-0.999993,-1.4e-05,19.8236],[2.2870821680953668e-07,-1.4e-05,0.999999,14.571191]],"boundingbox":[[-0.126996,-0.76526,0.141346],[1.952585,0.749418,0.141367]]},{"name":"Bone038","parent":"Bone032","initpos":[3.823589,-5.239226,3.423969],"initquaternion":[0.503445,-0.496529,-0.501706,-0.498288],"initscale":[0.775948,0.999999,0.999999],"offmtx":[[-1.288738,0.004508,6.656950972683262e-07,4.323307],[-0.003498,-0.999993,-1.4e-05,19.820377],[4.672508566727629e-07,-1.4e-05,1.0,14.57119]],"boundingbox":[[0.033174,-0.765001,0.141344],[1.98863,0.75233,0.141366]]},{"name":"Bone037","parent":"Bone032","initpos":[3.866298,-5.252799,-3.857636],"initquaternion":[0.503328,-0.496648,-0.50168,-0.498314],"initscale":[0.364956,0.999999,0.999999],"offmtx":[[-2.740036,0.009081,-1e-06,-10.750361],[-0.003314,-0.999994,0.000275,19.842405],[2.2889345530074934e-07,0.000275,0.999999,14.579463]],"boundingbox":[[-0.023216,-0.722507,0.155152],[2.090709,0.792075,0.155568]]},{"name":"Bone036","parent":"Bone032","initpos":[3.866611,-5.252791,-2.150062],"initquaternion":[0.503328,-0.496648,-0.50168,-0.498314],"initscale":[0.775947,0.999999,0.999999],"offmtx":[[-1.288739,0.004271,-8.800433306532796e-07,-2.855669],[-0.003314,-0.999994,0.000275,19.848377],[2.2889848594331852e-07,0.000275,0.999999,14.579459]],"boundingbox":[[-0.053725,-0.722309,0.155148],[1.901373,0.794745,0.155565]]}],"boundingbox":[[-10.646578,-0.020269,-15.395237],[10.646578,32.51781,18.993616]]}