{
  "skeleton": [
    {
      "name": "root",
      "parent": "root",
      "initpos": [
        0,
        0,
        0
      ],
      "initquaternion": [
        0.707106,
        0,
        0,
        0.707106
      ],
      "initscale": [
        1,
        0.999999,
        0.999999
      ],
      "offmtx": [
        [
          1,
          0,
          0,
          0
        ],
        [
          0,
          1,
          0,
          0
        ],
        [
          0,
          0,
          1,
          0
        ]
      ],
      "boundingbox": [
        [
          0,
          0,
          0
        ],
        [
          0,
          0,
          0
        ]
      ]
    },
    {
      "name": "Bone01",
      "parent": "root",
      "initpos": [
        -0.47785,
        -8.39567,
        -18.387174
      ],
      "initquaternion": [
        -0.499992,
        -0.500008,
        0.499978,
        0.500021
      ],
      "initscale": [
        1,
        1,
        1
      ],
      "offmtx": [
        [
          0.000026,
          -0.000058,
          0.999999,
          8.396761
        ],
        [
          1.9625169045411894e-7,
          0.999999,
          0.000058,
          -18.386682
        ],
        [
          -1,
          1.947095000787158e-7,
          0.000026,
          -0.477633
        ]
      ],
      "boundingbox": [
        [
          -0.004749,
          -6.724556,
          -5.583603
        ],
        [
          16.796134,
          4.476486,
          5.61687
        ]
      ]
    },
    {
      "name": "Bone02",
      "parent": "Bone01",
      "initpos": [
        1.879813,
        -0.394783,
        0.032621
      ],
      "initquaternion": [
        -0.000012,
        -0.000003,
        0.978517,
        0.206164
      ],
      "initscale": [
        1,
        1,
        1
      ],
      "offmtx": [
        [
          -1.7375532479491085e-7,
          0.403525,
          -0.914968,
          -13.222163
        ],
        [
          0.000001,
          -0.914968,
          -0.403525,
          13.833051
        ],
        [
          -1,
          -0.000001,
          -3.621541395659733e-7,
          -0.510402
        ]
      ],
      "boundingbox": [
        [
          -1.075225,
          -4.731126,
          -4.01617
        ],
        [
          6.170984,
          2.515054,
          3.983833
        ]
      ]
    },
    {
      "name": "Bone03",
      "parent": "Bone02",
      "initpos": [
        4.279402,
        0.000001,
        -0.000001
      ],
      "initquaternion": [
        0.000472,
        -0.000333,
        -0.574495,
        0.818507
      ],
      "initscale": [
        1,
        0.999999,
        0.999999
      ],
      "offmtx": [
        [
          -0.000004,
          0.997651,
          0.068492,
          -18.958345
        ],
        [
          -0.001155,
          0.068492,
          -0.99765,
          -11.758103
        ],
        [
          -0.999999,
          -0.000083,
          0.001152,
          -0.496747
        ]
      ],
      "boundingbox": [
        [
          -0.240869,
          -2.796513,
          -2.380671
        ],
        [
          7.341923,
          1.948167,
          2.349303
        ]
      ]
    },
    {
      "name": "Bone04",
      "parent": "Bone03",
      "initpos": [
        6.218893,
        -0.000002,
        -7.748603820800781e-7
      ],
      "initquaternion": [
        -0.002721,
        0.002852,
        0.120139,
        0.992749
      ],
      "initscale": [
        0.999999,
        0.999999,
        0.999999
      ],
      "offmtx": [
        [
          0.006037,
          0.985173,
          -0.171454,
          -27.251453
        ],
        [
          0.003596,
          -0.171478,
          -0.985181,
          -5.410051
        ],
        [
          -0.999975,
          0.005331,
          -0.004578,
          -0.694447
        ]
      ],
      "boundingbox": [
        [
          -0.01537,
          -5.279786,
          -2.429262
        ],
        [
          7.606173,
          3.539155,
          2.4274
        ]
      ]
    },
    {
      "name": "Bone05",
      "parent": "Bone04",
      "initpos": [
        2.441164,
        3.520213,
        0.007761
      ],
      "initquaternion": [
        -0.000851,
        -0.003409,
        0.704626,
        0.709569
      ],
      "initscale": [
        0.999999,
        0.999999,
        0.999999
      ],
      "offmtx": [
        [
          0,
          -0.164576,
          -0.986364,
          -9.139801
        ],
        [
          0,
          -0.986363,
          0.164576,
          29.633035
        ],
        [
          -0.999999,
          0,
          0,
          -0.490809
        ]
      ],
      "boundingbox": [
        [
          -0.009988,
          -1.557845,
          -1.596551
        ],
        [
          2.419371,
          1.664123,
          1.603456
        ]
      ]
    },
    {
      "name": "Bone06",
      "parent": "Bone05",
      "initpos": [
        2.838402,
        -0.754144,
        0.00344
      ],
      "initquaternion": [
        0,
        0,
        0.715008,
        0.699115
      ],
      "initscale": [
        0.999999,
        0.999999,
        1
      ],
      "offmtx": [
        [
          1.6136279157308309e-7,
          -0.982415,
          0.186703,
          30.648725
        ],
        [
          1.5983890477855311e-7,
          0.186703,
          0.982416,
          11.292222
        ],
        [
          -1,
          -1.2868297005752538e-7,
          1.8715539340519172e-7,
          -0.494247
        ]
      ],
      "boundingbox": [
        [
          0.017322,
          -0.416522,
          -1.599993
        ],
        [
          3.227673,
          0.425878,
          1.60001
        ]
      ]
    },
    {
      "name": "Bone07",
      "parent": "Bone01",
      "initpos": [
        14.395711,
        4.531486,
        0.447643
      ],
      "initquaternion": [
        -0.000006,
        -0.000011,
        0.530111,
        0.847928
      ],
      "initscale": [
        1,
        1,
        1
      ],
      "offmtx": [
        [
          2.653951014508493e-7,
          0.898966,
          0.438016,
          -23.230596
        ],
        [
          -2.7723464768314443e-7,
          0.438016,
          -0.898966,
          -4.644308
        ],
        [
          -1,
          1.1714791270378555e-7,
          3.654722320334258e-7,
          -0.925119
        ]
      ],
      "boundingbox": [
        [
          -0.04972,
          -0.105685,
          -5.643506
        ],
        [
          12.315402,
          0.098956,
          5.581834
        ]
      ]
    },
    {
      "name": "Bind",
      "parent": "Bone01",
      "initpos": [
        8.369288,
        4.947206,
        0.415275
      ],
      "initquaternion": [
        0.500719,
        0.499286,
        0.499279,
        0.500712
      ],
      "initscale": [
        1,
        1,
        1
      ],
      "offmtx": [
        [
          0,
          0.999995,
          0.002924,
          -23.333715
        ],
        [
          -1,
          -1.7309426425526908e-7,
          0.00004,
          -0.892899
        ],
        [
          0.00004,
          -0.002924,
          0.999995,
          0.09436
        ]
      ],
      "boundingbox": [
        [
          -0.495707,
          -5.998983,
          -8.372262
        ],
        [
          -0.495707,
          -5.998983,
          -8.372262
        ]
      ]
    },
    {
      "name": "Bone08",
      "parent": "Bone01",
      "initpos": [
        7.316083,
        3.008337,
        -6.490838
      ],
      "initquaternion": [
        0.36131,
        0.356484,
        -0.565618,
        0.64996
      ],
      "initscale": [
        0.999999,
        0.999999,
        0.999999
      ],
      "offmtx": [
        [
          0.872132,
          -0.477663,
          0.105937,
          5.089725
        ],
        [
          -0.066379,
          0.099002,
          0.99287,
          -0.647136
        ],
        [
          -0.484745,
          -0.872946,
          0.054636,
          21.650617
        ]
      ],
      "boundingbox": [
        [
          -0.376724,
          -7.723241,
          -0.799226
        ],
        [
          12.677207,
          5.248777,
          0.943912
        ]
      ]
    },
    {
      "name": "Bone09",
      "parent": "Bone08",
      "initpos": [
        11.949342,
        0.969704,
        -0.207046
      ],
      "initquaternion": [
        -0.003507,
        -0.020637,
        0.380603,
        0.924501
      ],
      "initscale": [
        0.999999,
        1,
        1
      ],
      "offmtx": [
        [
          0.55479,
          -0.300163,
          0.775956,
          -5.228766
        ],
        [
          -0.650012,
          0.425772,
          0.629444,
          3.192867
        ],
        [
          -0.519317,
          -0.853592,
          0.041104,
          22.133491
        ]
      ],
      "boundingbox": [
        [
          -0.083597,
          -1.165401,
          -0.401323
        ],
        [
          10.348498,
          2.08395,
          0.752665
        ]
      ]
    },
    {
      "name": "Bone10",
      "parent": "Bone08",
      "initpos": [
        10.716012,
        3.63636,
        0.392665
      ],
      "initquaternion": [
        -0.012346,
        0.028265,
        0.604705,
        0.795851
      ],
      "initscale": [
        0.999999,
        0.999999,
        0.999999
      ],
      "offmtx": [
        [
          0.198117,
          0.019965,
          0.979974,
          -6.896344
        ],
        [
          -0.864904,
          0.473971,
          0.165197,
          4.57873
        ],
        [
          -0.461181,
          -0.880313,
          0.11117,
          20.817766
        ]
      ],
      "boundingbox": [
        [
          0.035263,
          -1.254692,
          -0.356866
        ],
        [
          6.430166,
          1.148915,
          0.123312
        ]
      ]
    },
    {
      "name": "Bone11",
      "parent": "Bone08",
      "initpos": [
        8.982946,
        2.659197,
        0.074649
      ],
      "initquaternion": [
        -0.007925,
        -0.005568,
        0.74078,
        0.671677
      ],
      "initscale": [
        0.999999,
        0.999999,
        1
      ],
      "offmtx": [
        [
          -0.149092,
          0.148856,
          0.977554,
          -3.002612
        ],
        [
          -0.852168,
          0.482124,
          -0.203384,
          3.789029
        ],
        [
          -0.501578,
          -0.863363,
          0.054969,
          21.638824
        ]
      ],
      "boundingbox": [
        [
          0.084475,
          -1.232416,
          -0.051598
        ],
        [
          6.530938,
          1.29427,
          0.037004
        ]
      ]
    },
    {
      "name": "Bone12",
      "parent": "Bone08",
      "initpos": [
        7.278823,
        0.855118,
        0.062477
      ],
      "initquaternion": [
        0.005905,
        0.019935,
        0.840316,
        0.541697
      ],
      "initscale": [
        0.999999,
        0.999999,
        0.999999
      ],
      "offmtx": [
        [
          -0.41503,
          0.297647,
          0.859741,
          -0.715776
        ],
        [
          -0.785751,
          0.359093,
          -0.503632,
          3.473293
        ],
        [
          -0.458633,
          -0.884565,
          0.084842,
          21.459737
        ]
      ],
      "boundingbox": [
        [
          0.218404,
          -1.184823,
          -0.076862
        ],
        [
          5.821043,
          1.221242,
          0.095845
        ]
      ]
    },
    {
      "name": "Bone13",
      "parent": "Bone01",
      "initpos": [
        7.315765,
        3.008335,
        5.535162
      ],
      "initquaternion": [
        0.649951,
        -0.565628,
        0.356501,
        0.361295
      ],
      "initscale": [
        1,
        1,
        1
      ],
      "offmtx": [
        [
          -0.872132,
          -0.477663,
          0.105936,
          5.090039
        ],
        [
          -0.066379,
          -0.099002,
          -0.99287,
          0.647157
        ],
        [
          0.484745,
          -0.872946,
          0.054636,
          21.650436
        ]
      ],
      "boundingbox": [
        [
          -0.37641,
          -5.248755,
          -0.799403
        ],
        [
          12.677518,
          7.72326,
          0.943734
        ]
      ]
    },
    {
      "name": "Bone14",
      "parent": "Bone13",
      "initpos": [
        10.716017,
        -3.63636,
        0.392667
      ],
      "initquaternion": [
        0.012346,
        0.028265,
        -0.604705,
        0.795851
      ],
      "initscale": [
        0.999999,
        1,
        0.999999
      ],
      "offmtx": [
        [
          -0.198117,
          0.019965,
          0.979974,
          -6.896273
        ],
        [
          -0.864904,
          -0.473971,
          -0.165198,
          -4.578423
        ],
        [
          0.461181,
          -0.880313,
          0.11117,
          20.817594
        ]
      ],
      "boundingbox": [
        [
          0.035337,
          -1.148615,
          -0.357035
        ],
        [
          6.43024,
          1.254995,
          0.123144
        ]
      ]
    },
    {
      "name": "Bone15",
      "parent": "Bone13",
      "initpos": [
        8.98295,
        -2.659197,
        0.074647
      ],
      "initquaternion": [
        0.007925,
        -0.005568,
        -0.74078,
        0.671677
      ],
      "initscale": [
        0.999999,
        0.999999,
        1
      ],
      "offmtx": [
        [
          0.149092,
          0.148856,
          0.977554,
          -3.002662
        ],
        [
          -0.852168,
          -0.482124,
          0.203384,
          -3.788729
        ],
        [
          0.501578,
          -0.863363,
          0.054969,
          21.638639
        ]
      ],
      "boundingbox": [
        [
          0.084425,
          -1.293967,
          -0.051773
        ],
        [
          6.530888,
          1.232718,
          0.036828
        ]
      ]
    },
    {
      "name": "Bone16",
      "parent": "Bone13",
      "initpos": [
        7.278829,
        -0.855119,
        0.062477
      ],
      "initquaternion": [
        -0.005905,
        0.019935,
        -0.840316,
        0.541697
      ],
      "initscale": [
        0.999999,
        0.999999,
        0.999999
      ],
      "offmtx": [
        [
          0.41503,
          0.297647,
          0.859741,
          -0.715921
        ],
        [
          -0.785751,
          -0.359093,
          0.503632,
          -3.473014
        ],
        [
          0.458633,
          -0.884565,
          0.084842,
          21.459573
        ]
      ],
      "boundingbox": [
        [
          0.218259,
          -1.220965,
          -0.077028
        ],
        [
          5.820899,
          1.185099,
          0.095679
        ]
      ]
    },
    {
      "name": "Bone17",
      "parent": "Bone13",
      "initpos": [
        11.949348,
        -0.969704,
        -0.207042
      ],
      "initquaternion": [
        0.003507,
        -0.020637,
        -0.380603,
        0.924501
      ],
      "initscale": [
        0.999999,
        0.999999,
        1
      ],
      "offmtx": [
        [
          -0.55479,
          -0.300163,
          0.775957,
          -5.228566
        ],
        [
          -0.650013,
          -0.425771,
          -0.629444,
          -3.192657
        ],
        [
          0.519316,
          -0.853592,
          0.041104,
          22.133296
        ]
      ],
      "boundingbox": [
        [
          -0.083398,
          -2.083723,
          -0.401514
        ],
        [
          10.348695,
          1.165629,
          0.752474
        ]
      ]
    },
    {
      "name": "Bone18",
      "parent": "Bone01",
      "initpos": [
        11.08427,
        -5.118495,
        -3.995195
      ],
      "initquaternion": [
        0.00001,
        -0.00001,
        -0.704947,
        0.709259
      ],
      "initscale": [
        1,
        1,
        1
      ],
      "offmtx": [
        [
          0,
          -0.999981,
          0.00604,
          13.251546
        ],
        [
          -0.000003,
          0.00604,
          0.999981,
          -2.768283
        ],
        [
          -1,
          0,
          -0.000003,
          3.517644
        ]
      ],
      "boundingbox": [
        [
          -0.008434,
          -2.31233,
          -1.588118
        ],
        [
          4.020507,
          2.511746,
          1.611899
        ]
      ]
    },
    {
      "name": "Bone19",
      "parent": "Bone18",
      "initpos": [
        3.995721,
        2.384185791015625e-7,
        7.152557373046875e-7
      ],
      "initquaternion": [
        2.350445100773868e-7,
        0,
        -0.167594,
        0.985855
      ],
      "initscale": [
        0.999999,
        0.999999,
        1
      ],
      "offmtx": [
        [
          0.000001,
          -0.945802,
          -0.32474,
          9.650644
        ],
        [
          -0.000003,
          -0.32474,
          0.945802,
          0.445799
        ],
        [
          -1,
          1.721122657727392e-7,
          -0.000003,
          3.517643
        ]
      ],
      "boundingbox": [
        [
          -0.538833,
          -1.559474,
          -0.81277
        ],
        [
          8.713912,
          2.118982,
          0.836541
        ]
      ]
    },
    {
      "name": "Bone20",
      "parent": "Bone19",
      "initpos": [
        8.730782,
        0.000002,
        -0.000001
      ],
      "initquaternion": [
        0.041631,
        0.061607,
        -0.580125,
        0.811126
      ],
      "initscale": [
        0.999999,
        0.999999,
        0.999999
      ],
      "offmtx": [
        [
          0.148248,
          0.001938,
          -0.988948,
          -0.645001
        ],
        [
          0.003943,
          -0.999991,
          -0.001368,
          1.000728
        ],
        [
          -0.988942,
          -0.003696,
          -0.148255,
          3.464278
        ]
      ],
      "boundingbox": [
        [
          -3.248345,
          -1.40781,
          -2.08371
        ],
        [
          4.738381,
          1.018126,
          2.183505
        ]
      ]
    },
    {
      "name": "Bone21",
      "parent": "Bone01",
      "initpos": [
        11.084083,
        -5.118496,
        3.040803
      ],
      "initquaternion": [
        0.709259,
        -0.704947,
        0.000009,
        -0.000009
      ],
      "initscale": [
        1,
        0.999999,
        0.999999
      ],
      "offmtx": [
        [
          0,
          -0.999981,
          0.00604,
          13.251547
        ],
        [
          2.814195454448054e-7,
          -0.00604,
          -0.999981,
          2.768294
        ],
        [
          1,
          0,
          2.8110147809456976e-7,
          3.518362
        ]
      ],
      "boundingbox": [
        [
          -0.008433,
          -2.511745,
          -1.587385
        ],
        [
          4.020508,
          2.312325,
          1.612625
        ]
      ]
    },
    {
      "name": "Bone22",
      "parent": "Bone21",
      "initpos": [
        3.995722,
        0,
        -9.5367431640625e-7
      ],
      "initquaternion": [
        -0.000002,
        3.7410703157547687e-7,
        0.167594,
        0.985855
      ],
      "initscale": [
        0.999999,
        0.999999,
        1
      ],
      "offmtx": [
        [
          -0.000001,
          -0.945802,
          -0.32474,
          9.650643
        ],
        [
          -0.000003,
          0.32474,
          -0.945802,
          -0.445804
        ],
        [
          1,
          0,
          -0.000003,
          3.518375
        ]
      ],
      "boundingbox": [
        [
          -0.538836,
          -2.118983,
          -0.812039
        ],
        [
          8.713912,
          1.55947,
          0.837271
        ]
      ]
    },
    {
      "name": "Bone23",
      "parent": "Bone22",
      "initpos": [
        8.730778,
        -0.000003,
        9.5367431640625e-7
      ],
      "initquaternion": [
        -0.041631,
        0.061607,
        0.580125,
        0.811126
      ],
      "initscale": [
        0.999999,
        0.999999,
        0.999999
      ],
      "offmtx": [
        [
          -0.148248,
          0.001938,
          -0.988948,
          -0.645111
        ],
        [
          0.003943,
          0.999991,
          0.001368,
          -1.000729
        ],
        [
          0.988942,
          -0.003696,
          -0.148255,
          3.465
        ]
      ],
      "boundingbox": [
        [
          -3.248455,
          -1.018127,
          -2.082988
        ],
        [
          4.738271,
          1.407809,
          2.184226
        ]
      ]
    },
    {
      "name": "Bone24",
      "parent": "Bone01",
      "initpos": [
        16.795349,
        4.519006,
        0.000087
      ],
      "initquaternion": [
        0,
        -0.000013,
        0.000029,
        1
      ],
      "initscale": [
        1,
        1,
        1
      ],
      "offmtx": [
        [
          0.000001,
          0,
          0.999999,
          -8.39994
        ],
        [
          1.9470986956093839e-7,
          0.999999,
          0,
          -22.905197
        ],
        [
          -1,
          1.9470985535008367e-7,
          0.000001,
          -0.477511
        ]
      ],
      "boundingbox": [
        [
          0.000034,
          -4.04254,
          -3.682088
        ],
        [
          12.000059,
          8.75751,
          3.672385
        ]
      ]
    }
  ],
  "boundingbox": [
    [
      -23.151762,
      0.012845,
      -17.180141
    ],
    [
      23.151762,
      34.018413,
      20.399991
    ]
  ]
}
