{"skeleton":[{"name":"root","parent":"root","initpos":[0.0,0.0,-0.0],"initquaternion":[0.707106,0.0,0.0,0.707106],"initscale":[1.0,0.999999,0.999999],"offmtx":[[1.0,0.0,0.0,0.0],[0.0,1.0,0.0,0.0],[0.0,0.0,1.0,0.0]],"boundingbox":[[0.0,0.0,0.0],[0.0,0.0,0.0]]},{"name":"bone000","parent":"root","initpos":[0.0,1.883033,-9.069264],"initquaternion":[2e-06,0.707106,-2e-06,0.707106],"initscale":[1.0,1.0,1.0],"offmtx":[[1.9470718370939721e-07,0.999999,0.0,-9.069264],[7e-06,-0.0,0.999999,-1.883033],[1.0,-1.947071694985425e-07,-7e-06,1.5e-05]],"boundingbox":[[-6.060616,-7.511705,-10.500027],[9.946475,9.652893,10.500025]]},{"name":"bone001","parent":"bone000","initpos":[-5.05122,6.110179,-3.451294],"initquaternion":[0.0,-2e-06,1.0,3.139166722121445e-07],"initscale":[0.999999,0.999999,1.0],"offmtx":[[6.293514047683857e-07,-0.999999,0.0,4.018046],[-1.1e-05,-0.0,-0.999999,7.993197],[1.0,6.293513479249668e-07,-1.1e-05,3.451341]],"boundingbox":[[0.002376,-1.498911,-1.502401],[4.002387,1.501123,1.497642]]},{"name":"bone002","parent":"bone000","initpos":[7.013705,9.400473,3.997932],"initquaternion":[-1e-06,3e-06,0.865918,0.500184],"initscale":[0.999999,0.999999,1.0],"offmtx":[[-1.0357283741768697e-07,-0.499631,0.866238,-1.73863],[-1.0058868582518699e-07,-0.866238,-0.499631,19.569265],[1.0,-1.38881944167224e-07,0.0,-3.997999]],"boundingbox":[[0.002018,-0.500958,-1.497953],[2.002443,0.499899,1.502051]]},{"name":"bone003","parent":"bone002","initpos":[2.003748,-1e-06,-4.76837158203125e-07],"initquaternion":[0.0,0.0,0.0,1.0],"initscale":[1.0,1.0,1.0],"offmtx":[[-1.9099562109659018e-07,-0.499631,0.866238,-3.74238],[2.2525267695527873e-07,-0.866238,-0.499631,19.569267],[1.0,0.0,2.779908641059592e-07,-3.998005]],"boundingbox":[[-0.00173,-0.500105,-1.497951],[1.998695,0.500756,1.502053]]},{"name":"bone004","parent":"bone003","initpos":[1.99941,0.0,-2.384185791015625e-07],"initquaternion":[0.0,0.0,0.0,1.0],"initscale":[1.0,1.0,1.0],"offmtx":[[-1.9099562109659018e-07,-0.499631,0.866238,-5.741791],[8.446823471786047e-07,-0.866238,-0.499631,19.569263],[1.0,6.362687372529763e-07,5.874769613001263e-07,-3.998017]],"boundingbox":[[-0.001141,-0.499255,-1.997944],[3.999284,0.502457,2.00206]]},{"name":"bone005","parent":"bone000","initpos":[7.013709,9.400418,-3.998078],"initquaternion":[-1e-06,3e-06,0.865918,0.500184],"initscale":[0.999999,0.999999,1.0],"offmtx":[[-1.0357283741768697e-07,-0.499631,0.866238,-1.738631],[-1.0058868582518699e-07,-0.866238,-0.499631,19.569269],[1.0,-1.38881944167224e-07,0.0,3.998012]],"boundingbox":[[0.002017,-0.500954,-1.502009],[2.002445,0.499904,1.497994]]},{"name":"bone006","parent":"bone005","initpos":[2.003748,-1e-06,-4.76837158203125e-07],"initquaternion":[0.0,0.0,0.0,1.0],"initscale":[1.0,1.0,1.0],"offmtx":[[-1.9099562109659018e-07,-0.499631,0.866238,-3.742382],[2.2525267695527873e-07,-0.866238,-0.499631,19.569271],[1.0,0.0,2.779908641059592e-07,3.998005]],"boundingbox":[[-0.001729,-0.500103,-1.502011],[1.998695,0.500757,1.497991]]},{"name":"bone007","parent":"bone006","initpos":[1.999412,0.0,-2.384185791015625e-07],"initquaternion":[0.0,0.0,0.0,1.0],"initscale":[1.0,1.0,1.0],"offmtx":[[-1.9099562109659018e-07,-0.499631,0.866238,-5.741794],[8.446823471786047e-07,-0.866238,-0.499631,19.569274],[1.0,6.362687372529763e-07,5.874769613001263e-07,3.997993]],"boundingbox":[[-0.001143,-0.499248,-2.002015],[3.999282,0.502461,1.997988]]},{"name":"bone008","parent":"bone000","initpos":[1.563303,-7.387949,5.2e-05],"initquaternion":[-2e-06,-2e-06,-0.707107,0.707106],"initscale":[1.0,1.0,1.0],"offmtx":[[6.601766813219001e-07,0.0,-0.999999,-5.504917],[0.0,0.999999,0.0,-10.632568],[1.0,-0.0,6.601766244784812e-07,3e-06]],"boundingbox":[[-0.040838,-4.616931,-5.046398],[9.959177,4.383131,4.953619]]},{"name":"bone009","parent":"bone008","initpos":[4.134776,3.121486,-3.868275],"initquaternion":[0.326513,0.627215,-0.627206,0.326497],"initscale":[0.999999,0.999999,0.999999],"offmtx":[[-0.819152,2.6e-05,0.573575,2.360025],[-0.573575,0.0,-0.819152,-10.11513],[-2.1e-05,-0.999999,1.5e-05,13.754116]],"boundingbox":[[-6e-05,-0.497735,-2.318747],[7.00062,0.502276,2.680874]]},{"name":"bone010","parent":"bone008","initpos":[4.134772,3.121487,3.868001],"initquaternion":[0.326497,-0.627206,0.627215,0.326513],"initscale":[0.999999,0.999999,0.999999],"offmtx":[[0.819152,2.6e-05,0.573576,2.360253],[-0.573576,3.0909174597582023e-07,0.819152,10.114964],[2.1e-05,-0.999999,1.5e-05,13.754118]],"boundingbox":[[0.000163,-0.502436,-2.318748],[7.000843,0.497573,2.680874]]},{"name":"bone011","parent":"bone000","initpos":[-5.051221,-4.868325,3.451035],"initquaternion":[0.0,-2e-06,1.0,3.139166722121445e-07],"initscale":[0.999999,0.999999,1.0],"offmtx":[[6.293514047683857e-07,-0.999999,0.0,4.01804],[-1.1e-05,-0.0,-0.999999,-2.985277],[1.0,6.293513479249668e-07,-1.1e-05,-3.451036]],"boundingbox":[[0.002374,-1.521254,-1.497396],[4.00238,1.478782,1.50265]]},{"name":"bone012","parent":"bone000","initpos":[-5.051222,-4.868372,-3.451214],"initquaternion":[0.0,-2e-06,1.0,3.139166722121445e-07],"initscale":[0.999999,0.999999,1.0],"offmtx":[[6.293514047683857e-07,-0.999999,0.0,4.018044],[-1.1e-05,-0.0,-0.999999,-2.985354],[1.0,6.293513479249668e-07,-1.1e-05,3.451213]],"boundingbox":[[0.002372,-1.521254,-1.502403],[4.002383,1.478781,1.497641]]},{"name":"bone013","parent":"bone000","initpos":[-5.051221,6.110229,3.450956],"initquaternion":[0.0,-2e-06,1.0,3.139166722121445e-07],"initscale":[0.999999,0.999999,1.0],"offmtx":[[6.293514047683857e-07,-0.999999,0.0,4.01804],[-1.1e-05,-0.0,-0.999999,7.993277],[1.0,6.293513479249668e-07,-1.1e-05,-3.450909]],"boundingbox":[[0.002375,-1.498909,-1.497395],[4.002381,1.501126,1.502651]]},{"name":"Bind","parent":"bone000","initpos":[8.982748,0.192681,-1e-06],"initquaternion":[-0.707109,1.685879738033691e-07,-1.6858679430242773e-07,0.707104],"initscale":[1.0,1.0,1.0],"offmtx":[[5.150565129952156e-07,0.999999,0.0,-18.052013],[-1.0,5.150564561517967e-07,0.0,-7e-06],[0.0,-0.0,0.999999,-2.075714]],"boundingbox":[[-0.036323,-3.500019,-3.539813],[-0.036323,-3.500019,-3.539813]]}],"boundingbox":[[-10.499996,0.015659,-15.464095],[10.499996,19.015739,18.464086]]}