{
  "skeleton": [
    {
      "name": "root",
      "parent": "root",
      "initpos": [
        0,
        0,
        0
      ],
      "initquaternion": [
        0.707106,
        0,
        0,
        0.707106
      ],
      "initscale": [
        1,
        0.999999,
        0.999999
      ],
      "offmtx": [
        [
          1,
          0,
          0,
          0
        ],
        [
          0,
          1,
          0,
          0
        ],
        [
          0,
          0,
          1,
          0
        ]
      ],
      "boundingbox": [
        [
          0,
          0,
          0
        ],
        [
          0,
          0,
          0
        ]
      ]
    },
    {
      "name": "bone003",
      "parent": "root",
      "initpos": [
        0,
        -9.4942100758999e-7,
        -10.870716
      ],
      "initquaternion": [
        -0.499999,
        0.5,
        0.499999,
        0.5
      ],
      "initscale": [
        1,
        1,
        1
      ],
      "offmtx": [
        [
          3.1391647326017846e-7,
          0.999999,
          0,
          -10.870716
        ],
        [
          -1,
          3.1391644483846903e-7,
          0.000003,
          -0.000003
        ],
        [
          0.000003,
          0,
          0.999999,
          9.494342521065846e-7
        ]
      ],
      "boundingbox": [
        [
          0.163648,
          -4.26273,
          -2.448088
        ],
        [
          4.507315,
          4.2658,
          2.361494
        ]
      ]
    },
    {
      "name": "bone004",
      "parent": "bone003",
      "initpos": [
        13.653692,
        7.839699,
        8.738759
      ],
      "initquaternion": [
        0.070383,
        -0.691009,
        0.703596,
        0.150015
      ],
      "initscale": [
        0.999999,
        0.999999,
        0.999999
      ],
      "offmtx": [
        [
          -0.113828,
          -0.945083,
          0.306366,
          19.607954
        ],
        [
          -0.000001,
          -0.308371,
          -0.951266,
          15.875525
        ],
        [
          0.9935,
          -0.108281,
          0.0351,
          10.13752
        ]
      ],
      "boundingbox": [
        [
          -0.067801,
          -1.132774,
          -0.704057
        ],
        [
          13.406648,
          1.618127,
          1.098064
        ]
      ]
    },
    {
      "name": "bone005",
      "parent": "bone003",
      "initpos": [
        14.066644,
        5.882873,
        5.172178
      ],
      "initquaternion": [
        0.060517,
        -0.702481,
        0.704514,
        0.080732
      ],
      "initscale": [
        0.999999,
        1,
        0.999999
      ],
      "offmtx": [
        [
          -0.028729,
          -0.979639,
          0.198696,
          23.232931
        ],
        [
          0.000001,
          -0.198778,
          -0.980044,
          10.025995
        ],
        [
          0.999587,
          -0.028155,
          0.005712,
          6.553007
        ]
      ],
      "boundingbox": [
        [
          -0.970669,
          -1.698922,
          -0.673171
        ],
        [
          20.101051,
          1.489355,
          0.968317
        ]
      ]
    },
    {
      "name": "bone006",
      "parent": "bone003",
      "initpos": [
        13.653692,
        -7.895193,
        8.738816
      ],
      "initquaternion": [
        0.070383,
        0.691012,
        0.703593,
        -0.150015
      ],
      "initscale": [
        1,
        0.999999,
        0.999999
      ],
      "offmtx": [
        [
          0.113828,
          -0.945083,
          0.306366,
          19.601625
        ],
        [
          -6.519254043269029e-7,
          0.308371,
          0.951265,
          -15.875523
        ],
        [
          -0.9935,
          -0.108281,
          0.0351,
          10.192712
        ]
      ],
      "boundingbox": [
        [
          -0.061836,
          -1.618126,
          -0.756159
        ],
        [
          13.41261,
          1.132776,
          1.04596
        ]
      ]
    },
    {
      "name": "bone007",
      "parent": "bone003",
      "initpos": [
        14.06665,
        -5.938392,
        5.172222
      ],
      "initquaternion": [
        0.060517,
        0.702483,
        0.704511,
        -0.080731
      ],
      "initscale": [
        1,
        0.999999,
        0.999999
      ],
      "offmtx": [
        [
          0.028728,
          -0.97964,
          0.198695,
          23.231344
        ],
        [
          0.000001,
          0.198777,
          0.980044,
          -10.025993
        ],
        [
          -0.999587,
          -0.028155,
          0.005712,
          6.608536
        ]
      ],
      "boundingbox": [
        [
          -0.969162,
          -1.489353,
          -0.72559
        ],
        [
          20.102558,
          1.698922,
          0.915896
        ]
      ]
    }
  ],
  "boundingbox": [
    [
      -8.97754,
      5.186983,
      -2.448081
    ],
    [
      9.085548,
      26.082561,
      13.132145
    ]
  ]
}
