{"skeleton":[{"name":"root","parent":"root","initpos":[0.0,0.0,-0.0],"initquaternion":[0.707106,0.0,0.0,0.707106],"initscale":[1.0,0.999999,0.999999],"offmtx":[[1.0,0.0,0.0,0.0],[0.0,1.0,0.0,0.0],[0.0,0.0,1.0,0.0]],"boundingbox":[[0.0,0.0,0.0],[0.0,0.0,0.0]]},{"name":"Bone001","parent":"root","initpos":[1.5e-05,-14.422714,-17.819705],"initquaternion":[0.503498,0.496477,0.503498,0.496476],"initscale":[0.999999,0.999999,0.999999],"offmtx":[[-1e-06,-0.014043,0.999901,14.671541],[0.0,-0.999901,-0.014043,17.615406],[1.0,-0.0,1e-06,4e-06]],"boundingbox":[[-1.99578,-6.480648,-9.64051],[9.800453,6.09963,9.640476]]},{"name":"Bone017","parent":"Bone001","initpos":[9.712764,0.0,3e-06],"initquaternion":[0.0,-4.1719107457538485e-07,0.00064,0.999999],"initscale":[1.0,1.0,1.0],"offmtx":[[-5.204874469200149e-07,-0.015323,0.999882,4.981328],[0.0,-0.999882,-0.015323,17.609039],[1.0,0.0,5.205616844250471e-07,-3e-06]],"boundingbox":[[-0.147892,-4.14737,-4.30399],[7.575938,4.257047,4.303983]]},{"name":"Bone018","parent":"Bone017","initpos":[7.120933,7.8e-05,-0.0],"initquaternion":[-0.0,-0.0,-0.006118,0.999981],"initscale":[0.999999,0.999999,1.0],"offmtx":[[-3.993543771230179e-07,-0.003087,0.999995,-2.354912],[0.0,-0.999995,-0.003087,17.581462],[1.0,0.0,3.9936003304319456e-07,-3e-06]],"boundingbox":[[0.092629,-5.158948,-5.215643],[8.906602,4.761128,5.215641]]},{"name":"Bone035","parent":"Bone018","initpos":[8.806839,-1.55544,-1e-06],"initquaternion":[-0.0,2.3841825225190405e-07,0.001681,0.999998],"initscale":[0.999999,0.999999,1.0],"offmtx":[[-8.761810477153631e-07,-0.006451,0.999979,-11.097316],[0.0,-0.999979,-0.006451,19.174341],[1.0,-0.0,8.761873004914378e-07,-6e-06]],"boundingbox":[[-0.554465,-2.36921,-2.381098],[4.238366,2.423616,2.381109]]},{"name":"Bone036","parent":"Bone035","initpos":[4.226976,-0.245197,1e-06],"initquaternion":[0.0,0.0,-0.003244,0.999994],"initscale":[1.0,1.0,1.0],"offmtx":[[-8.761873573348566e-07,3.7e-05,0.999999,-15.449988],[-0.0,-0.999999,3.7e-05,19.319686],[1.0,-0.0,8.761873004914378e-07,-8e-06]],"boundingbox":[[-0.006333,-2.118554,-2.040938],[4.075711,1.963487,2.040953]]},{"name":"Bone037","parent":"Bone036","initpos":[4.064735,-0.108766,-1e-06],"initquaternion":[0.0,-0.0,0.007612,0.999971],"initscale":[0.999999,0.999999,1.0],"offmtx":[[-7.037692171252274e-07,-0.015185,0.999884,-19.21669],[0.0,-0.999884,-0.015185,19.723291],[1.0,0.0,7.038620424282271e-07,-3e-06]],"boundingbox":[[-0.007104,-1.458265,-1.360618],[5.476114,1.345329,1.360644]]},{"name":"Bone038","parent":"Bone037","initpos":[5.397455,-0.326652,-1e-06],"initquaternion":[0.0,0.0,-0.007623,0.99997],"initscale":[0.999999,0.999999,1.0],"offmtx":[[-7.038622698019026e-07,5.9e-05,1.0,-24.916961],[0.0,-1.0,5.9e-05,19.672351],[1.0,0.0,7.038620424282271e-07,-1e-06]],"boundingbox":[[-2.092325,-6.519211,-3.371836],[11.313325,4.337335,3.371872]]},{"name":"Bone031","parent":"Bone018","initpos":[4.680134,-0.905727,-4.322446],"initquaternion":[-3.770010152948089e-07,-3.1411667578140623e-07,0.706014,0.708197],"initscale":[0.999999,0.999999,1.0],"offmtx":[[1.2774937374615547e-07,-0.999999,0.0,18.465379],[-5.781640197710658e-07,-0.0,-0.999999,7.092093],[1.0,1.2774935953530075e-07,-5.781639629276469e-07,4.322448]],"boundingbox":[[-2.512463,-3.102154,-2.854656],[6.02091,3.17272,1.675634]]},{"name":"Bone032","parent":"Bone031","initpos":[4.561369,0.917922,-9.5367431640625e-07],"initquaternion":[2.2408019617614627e-07,-0.0,-0.341558,0.93986],"initscale":[0.999999,0.999999,1.0],"offmtx":[[3.0512484272549045e-07,-0.766675,0.642035,6.69583],[-0.0,-0.642035,-0.766675,13.660451],[1.0,2.1995985832745646e-07,-2.1258489368847222e-07,4.322446]],"boundingbox":[[-0.893056,-2.024068,-2.096473],[5.849414,2.148768,1.030987]]},{"name":"Bone033","parent":"Bone032","initpos":[5.003723,-0.303963,1e-06],"initquaternion":[0.0,0.0,0.341558,0.93986],"initscale":[1.0,1.0,1.0],"offmtx":[[3.243852688683546e-07,-0.999999,0.0,10.262935],[-2.125847800016345e-07,-0.0,-0.999999,9.619776],[1.0,3.243852404466452e-07,-2.1258476579077978e-07,4.322444]],"boundingbox":[[-0.789723,-3.168217,-1.784584],[6.403165,1.244548,0.717386]]},{"name":"Bone034","parent":"Bone033","initpos":[8.548252,-0.172436,-9.5367431640625e-07],"initquaternion":[-0.0,-1.7792307005493058e-07,0.699625,0.714509],"initscale":[0.999999,0.999999,1.0],"offmtx":[[0.0,-0.021047,-0.999778,9.826132],[-5.017482749281044e-07,0.999778,-0.021047,-1.508203],[1.0,5.020271487410355e-07,0.0,4.322443]],"boundingbox":[[-6.07794,-1.631052,-2.199065],[3.135262,3.198692,1.03013]]},{"name":"Bone027","parent":"Bone018","initpos":[4.680132,-0.905727,4.321992],"initquaternion":[0.708197,0.706014,-1.6842236050251813e-07,-1.0703031705361354e-07],"initscale":[1.0,1.0,0.999999],"offmtx":[[1.2774938795701019e-07,-0.999999,0.0,18.465379],[-7.013515528342396e-07,-0.0,0.999999,-7.092094],[-1.0,-1.2774937374615547e-07,-7.013514959908207e-07,4.322]],"boundingbox":[[-2.512461,-3.172722,-2.855109],[6.020912,3.102153,1.675182]]},{"name":"Bone028","parent":"Bone027","initpos":[4.561369,-0.917921,-9.5367431640625e-07],"initquaternion":[-2.5839665340754436e-07,-0.0,0.341558,0.93986],"initscale":[0.999999,1.0,1.0],"offmtx":[[-5.16369311753806e-07,-0.766675,0.642035,6.695828],[0.0,0.642034,0.766675,-13.66045],[-1.0,4.392169046241179e-07,-2.7978609296042123e-07,4.32199]],"boundingbox":[[-0.893057,-2.14877,-2.096928],[5.849411,2.024064,1.030534]]},{"name":"Bone029","parent":"Bone028","initpos":[5.003719,0.303958,-4.76837158203125e-07],"initquaternion":[0.0,2.460749612964719e-07,-0.341558,0.93986],"initscale":[1.0,1.0,1.0],"offmtx":[[1.108848408648555e-07,-0.999999,0.0,10.262932],[-1.5099578831723193e-07,-0.0,0.999999,-9.619775],[-1.0,-1.1088484797028286e-07,-1.5099578831723193e-07,4.321994]],"boundingbox":[[-0.789722,-1.244548,-1.785035],[6.403165,3.168217,0.716933]]},{"name":"Bone030","parent":"Bone029","initpos":[8.548252,0.172436,4e-06],"initquaternion":[0.0,-1.6516422363110905e-07,-0.699625,0.714509],"initscale":[0.999999,0.999999,1.0],"offmtx":[[-0.0,-0.021047,-0.999778,9.826134],[-2.6755779458653706e-07,-0.999778,0.021047,1.508201],[-1.0,2.6781123096952797e-07,0.0,4.321988]],"boundingbox":[[-6.077939,-3.198691,-2.199522],[3.135263,1.631053,1.029673]]},{"name":"Bone019","parent":"Bone018","initpos":[5.612884,-11.0188,-3e-06],"initquaternion":[-2.384510935371509e-07,-0.0,0.999998,0.001543],"initscale":[1.0,1.0,1.0],"offmtx":[[1.033847851772407e-07,0.0,-0.999999,8.05607],[-0.0,0.999999,-0.0,-28.575523],[1.0,0.0,1.0338477807181334e-07,1e-06]],"boundingbox":[[-2.177988,-0.310059,-5.942547],[6.395933,7.565489,5.931896]]},{"name":"Bone025","parent":"Bone019","initpos":[-0.958091,-4.218595,6.363996],"initquaternion":[0.414992,0.909824,2.951267390471912e-07,3.966630686136341e-07],"initscale":[0.999999,0.999999,1.0],"offmtx":[[-4.590542630467098e-07,0.75514,0.655562,-24.302253],[7.15516875970934e-07,0.655562,-0.75514,-9.160536],[-1.0,1.2241555680247984e-07,-8.412548027081357e-07,6.363997]],"boundingbox":[[-0.427597,-1.097013,-1.418726],[3.332341,0.965928,1.302535]]},{"name":"Bone023","parent":"Bone019","initpos":[-2.81329,1.007343,10.206994],"initquaternion":[0.457195,0.889366,2.7918673595195287e-07,1.435211771649847e-07],"initscale":[1.0,1.0,0.999999],"offmtx":[[0.0,0.813228,0.581944,-30.382984],[4.7581556827935856e-07,0.581944,-0.813228,-8.376319],[-1.0,2.846565791969624e-07,-3.813949831510399e-07,10.206987]],"boundingbox":[[-0.222336,-1.058218,-1.03258],[3.588222,1.030532,0.686232]]},{"name":"Bone021","parent":"Bone019","initpos":[-5.36265,6.520725,8.125003],"initquaternion":[0.723599,0.69022,1e-06,1e-06],"initscale":[1.0,0.999999,0.999999],"offmtx":[[2.785223784940172e-07,0.998885,-0.047191,-34.4239],[3e-06,-0.047191,-0.998885,15.059982],[-1.0,1.0174576203780816e-07,-3e-06,8.125046]],"boundingbox":[[-0.142765,-1.136198,-0.818159],[3.465396,1.051868,0.812392]]},{"name":"Bone020","parent":"Bone019","initpos":[-5.478486,14.370857,-0.0],"initquaternion":[0.0,0.0,-0.689447,0.724335],"initscale":[1.0,1.0,1.0],"offmtx":[[0.0,-0.998782,-0.049322,43.561672],[-0.0,0.049322,-0.998782,11.399844],[1.0,0.0,-0.0,3e-06]],"boundingbox":[[0.148627,-0.806199,-4.918683],[2.554611,1.353623,4.924079]]},{"name":"Bone022","parent":"Bone019","initpos":[-5.362645,6.520721,-8.125453],"initquaternion":[-0.0,-1.4408071535854106e-07,0.69022,0.723599],"initscale":[1.0,1.0,1.0],"offmtx":[[0.0,0.998885,-0.047191,-34.423896],[-2.505132101759955e-07,0.047191,0.998885,-15.06001],[1.0,-0.0,2.5212665377694066e-07,8.125454]],"boundingbox":[[-0.14276,-1.051861,-0.812311],[3.465401,1.136198,0.818232]]},{"name":"Bone024","parent":"Bone019","initpos":[-2.813284,1.007343,-10.206652],"initquaternion":[0.0,-0.0,0.889366,0.457195],"initscale":[1.0,1.0,1.0],"offmtx":[[0.0,0.813228,0.581944,-30.382987],[0.0,-0.581944,0.813228,8.376318],[1.0,-0.0,-0.0,10.206658]],"boundingbox":[[-0.222331,-1.030531,-1.027528],[3.588228,1.058219,0.691284]]},{"name":"Bind","parent":"Bone019","initpos":[3.268777,0.398029,-1e-06],"initquaternion":[0.5,0.5,-0.499999,-0.499999],"initscale":[1.0,1.0,1.0],"offmtx":[[2.3546574823285482e-07,0.999999,0.0,-28.973552],[-1.0,2.354657340220001e-07,-4.112849580906186e-07,-1e-05],[-4.1128498651232803e-07,0.0,0.999999,-4.787292]],"boundingbox":[[-0.027772,-3.061421,-3.127157],[-0.027772,-3.061421,-3.127157]]},{"name":"Bone026","parent":"Bone019","initpos":[-0.958086,-4.218593,-6.36447],"initquaternion":[0.0,-0.0,0.909824,0.414992],"initscale":[1.0,1.0,1.0],"offmtx":[[1.0520565041360896e-07,0.75514,0.655562,-24.302257],[-0.0,-0.655562,0.75514,9.160533],[1.0,-0.0,-0.0,6.364477]],"boundingbox":[[-0.427598,-0.965923,-1.418244],[3.332341,1.097016,1.303016]]},{"name":"Bone009","parent":"Bone001","initpos":[4.174603,-0.70437,4.321992],"initquaternion":[0.712054,0.702124,5.240822815721913e-07,5.937506557529559e-07],"initscale":[0.999999,0.999999,0.999999],"offmtx":[[1.551791939391478e-07,-0.999999,0.0,18.465381],[2.5051113539120706e-07,0.0,0.999999,10.238623],[-1.0,-1.551791797282931e-07,2.5051110696949763e-07,4.322007]],"boundingbox":[[-1.742741,-3.23111,-2.416796],[5.740722,3.126117,1.834271]]},{"name":"Bone010","parent":"Bone009","initpos":[4.778206,-1.043387,1e-06],"initquaternion":[-1.781495058139626e-07,-1.4525016922561917e-07,0.284638,0.958634],"initscale":[1.0,1.0,1.0],"offmtx":[[-1.2360453638393665e-07,-0.837961,0.545729,17.626251],[6.883834657855914e-07,0.545729,0.837961,1.98439],[-1.0,4.792469781023101e-07,5.093840513836767e-07,4.321998]],"boundingbox":[[-0.50484,-2.242618,-1.445686],[6.049667,2.456942,1.469829]]},{"name":"Bone011","parent":"Bone010","initpos":[5.368948,0.311571,-4.76837158203125e-07],"initquaternion":[-0.0,0.0,-0.3753,0.926903],"initscale":[0.999999,0.999999,1.0],"offmtx":[[-5.677173930962454e-07,-0.981589,-0.191002,7.640563],[5.833144882672059e-07,-0.191002,0.981589,9.729414],[-1.0,4.458511000393628e-07,6.810105901422503e-07,4.322]],"boundingbox":[[-1.241729,-1.537271,-1.081249],[7.055708,2.734938,1.105389]]},{"name":"Bone012","parent":"Bone011","initpos":[7.758163,0.425856,-4.76837158203125e-07],"initquaternion":[-1.320902498491705e-07,-0.0,-0.636002,0.771686],"initscale":[0.999999,0.999999,1.0],"offmtx":[[1e-06,0.0,-0.999999,-9.154747],[-2.710054900489922e-07,-0.999999,-0.0,1.661564],[-1.0,2.710054616272828e-07,-1e-06,4.321985]],"boundingbox":[[-5.368658,-3.06427,-1.814247],[3.674695,1.738507,1.469828]]},{"name":"Bone013","parent":"Bone001","initpos":[4.174612,-0.704368,-4.322454],"initquaternion":[-5.715507427339617e-07,-5.63579817480786e-07,0.702124,0.712054],"initscale":[0.999999,0.999999,1.0],"offmtx":[[0.0,-0.999999,0.0,18.465379],[-2.5051113539120706e-07,-0.0,-0.999999,-10.238627],[1.0,0.0,-2.5051110696949763e-07,4.32244]],"boundingbox":[[-1.742744,-3.126119,-2.416353],[5.740718,3.231109,1.834713]]},{"name":"Bone014","parent":"Bone013","initpos":[4.778208,1.043385,-9.5367431640625e-07],"initquaternion":[2.2855640224861418e-07,-0.0,-0.284639,0.958634],"initscale":[0.999999,0.999999,1.0],"offmtx":[[1.3671123610947689e-07,-0.83796,0.54573,17.626253],[2.669187892934133e-07,-0.54573,-0.83796,-1.98438],[1.0,2.6022428301075706e-07,1.4905999989878183e-07,4.322444]],"boundingbox":[[-0.504845,-2.456946,-1.445239],[6.049667,2.24262,1.470275]]},{"name":"Bone015","parent":"Bone014","initpos":[5.368953,-0.311569,-0.0],"initquaternion":[2.2535661514666572e-07,0.0,0.3753,0.926903],"initscale":[1.0,1.0,1.0],"offmtx":[[3.071694720802043e-07,-0.981589,-0.191001,7.640567],[5.73449597141007e-07,0.191001,-0.981589,-9.729407],[1.0,1.9198471079562296e-07,6.215620373950514e-07,4.322449]],"boundingbox":[[-1.241731,-2.734936,-1.080801],[7.055705,1.537273,1.105835]]},{"name":"Bone016","parent":"Bone015","initpos":[7.758164,-0.425858,-0.0],"initquaternion":[-0.0,-1.5581198908876104e-07,0.636002,0.771686],"initscale":[0.999999,0.999999,1.0],"offmtx":[[8.487109539601079e-07,0.0,-0.999999,-9.154729],[-4.1415614759898745e-07,0.999999,-0.0,-1.66156],[1.0,4.14156119177278e-07,8.48710897116689e-07,4.322451]],"boundingbox":[[-5.368652,-1.738502,-1.813795],[3.674703,3.064275,1.470273]]},{"name":"Bone039","parent":"Bone001","initpos":[2.438013,-4.517944,-1.3e-05],"initquaternion":[0.0,-3.341405658829899e-07,-0.606095,0.795391],"initscale":[1.0,1.0,1.0],"offmtx":[[1.105424658476295e-07,0.960345,0.27881,-18.09472],[-8.276082326119649e-07,-0.27881,0.960345,17.667057],[1.0,-3.36905060294157e-07,7.639700356776302e-07,1.8e-05]],"boundingbox":[[-0.98456,-3.610403,-3.239134],[2.763091,3.806887,3.239136]]},{"name":"Bone040","parent":"Bone039","initpos":[2.641826,0.0,-0.0],"initquaternion":[2.3831329087897757e-07,-0.0,-0.029717,0.999558],"initscale":[0.999999,0.999999,1.0],"offmtx":[[1.5951378884437872e-07,0.975213,0.221265,-21.749494],[-3.4274228255526396e-07,-0.221265,0.975213,16.403942],[1.0,-2.3139723737131135e-07,2.98951931654301e-07,1e-05]],"boundingbox":[[-0.426848,-3.360392,-2.823779],[3.540832,3.344339,2.823781]]},{"name":"Bone041","parent":"Bone040","initpos":[3.328872,0.0,-1.6717422113288194e-07],"initquaternion":[-0.0,0.0,-0.107077,0.99425],"initscale":[0.999999,0.999999,1.0],"offmtx":[[2.288337697109455e-07,0.999963,0.008546,-27.996074],[-4.996539360035968e-07,-0.008546,0.999963,10.688016],[1.0,-2.3309577557029115e-07,4.976799345968175e-07,1.2e-05]],"boundingbox":[[-4.64048,-2.841704,-4.343719],[2.966694,7.687821,4.343725]]},{"name":"Bone042","parent":"Bone041","initpos":[3.191921,0.0,-0.0],"initquaternion":[0.0,0.0,-0.161547,0.986864],"initscale":[1.0,1.0,1.0],"offmtx":[[3.7620702642016113e-07,0.950494,-0.310739,-32.968017],[-4.0319494587492954e-07,0.310739,0.950494,0.185807],[1.0,-2.3229438284033677e-07,5.001373324375891e-07,1.2e-05]],"boundingbox":[[-8.164354,-3.135113,-2.505855],[2.533688,7.217801,2.505861]]},{"name":"Bone043","parent":"Bone042","initpos":[5.177909,0.914052,-0.0],"initquaternion":[-0.63621,0.771515,-0.0,0.0],"initscale":[1.0,1.0,0.999999],"offmtx":[[3.7423703247441154e-07,-0.486093,-0.873906,7.98067],[-3.586942227684631e-07,-0.873906,0.486093,37.308849],[-1.0,1.3155083422589087e-07,-5.014075554754527e-07,-8e-06]],"boundingbox":[[-5.478661,-3.351608,-8.044589],[10.835536,3.543345,8.044592]]},{"name":"Bone049","parent":"Bone043","initpos":[5.158267,1.586372,-0.0],"initquaternion":[-0.0,-0.0,0.057138,0.998366],"initscale":[0.999999,0.999999,1.0],"offmtx":[[3.29509475704981e-07,-0.582623,-0.812741,6.879554],[-2.2420326217797992e-07,-0.812741,0.582623,35.167213],[-1.0,-0.0,-3.9843251897764276e-07,-2e-06]],"boundingbox":[[1.228577,-0.794651,-1.853334],[5.278808,1.811037,1.853234]]},{"name":"Bone044","parent":"Bone043","initpos":[2.911293,-0.722599,3e-06],"initquaternion":[0.003139,0.999995,-3.141519755445188e-07,0.0],"initscale":[0.999999,0.999999,0.999999],"offmtx":[[-2.254861612982495e-07,0.480597,0.876941,-4.830499],[1.2049960673721216e-07,-0.876941,0.480597,38.062541],[1.0,2.1403918992746185e-07,1.398262838847586e-07,-4e-06]],"boundingbox":[[0.484835,-3.243402,-4.450999],[6.043525,1.865262,4.451004]]},{"name":"Bone047","parent":"Bone044","initpos":[4.267698,-3e-06,-6.158002179290634e-07],"initquaternion":[0.0,-0.0,0.246952,0.969027],"initscale":[0.999999,0.999999,1.0],"offmtx":[[0.0,0.002267,0.999997,10.228561],[2.137215915354318e-07,-0.999997,0.002267,37.774478],[1.0,2.1371994307628484e-07,-0.0,-5e-06]],"boundingbox":[[-0.435061,-3.967459,-5.35655],[7.268629,7.126307,5.356556]]},{"name":"Bone048","parent":"Bone047","initpos":[4.568483,3e-06,-9.224727932632959e-07],"initquaternion":[3e-06,-7.114487630133226e-07,0.242598,0.970126],"initscale":[0.999999,0.999999,1.0],"offmtx":[[2e-06,-0.4687,0.883357,22.774374],[5e-06,-0.883357,-0.4687,30.663923],[1.0,6e-06,1.213316238590778e-07,-0.000245]],"boundingbox":[[-1.818935,-4.668796,-5.490578],[9.791146,6.079111,5.490603]]},{"name":"Bone046","parent":"Bone044","initpos":[-0.142367,1.200565,-2.210647],"initquaternion":[-0.037651,0.281106,0.345146,0.89467],"initscale":[1.0,1.0,1.0],"offmtx":[[-0.528986,-0.232883,0.81605,17.985462],[0.126674,-0.972504,-0.195418,31.249576],[0.839122,-3.799792978043115e-07,0.543942,9.255113]],"boundingbox":[[-0.641265,-5.706326,-2.208141],[12.351258,6.766641,6.902099]]},{"name":"Bone045","parent":"Bone044","initpos":[-0.142366,1.200569,2.211002],"initquaternion":[0.89467,0.345146,0.281106,-0.037651],"initscale":[0.999999,0.999999,1.0],"offmtx":[[0.528985,-0.232883,0.81605,17.98528],[0.126675,0.972504,0.195417,-31.249637],[-0.839122,0.0,0.543941,9.255388]],"boundingbox":[[-0.641453,-6.766692,-2.207849],[12.351075,5.706279,6.902385]]},{"name":"Bone002","parent":"Bone001","initpos":[-1.368852,-0.761863,-1.7e-05],"initquaternion":[-7.158519110816997e-07,-0.0,0.999975,0.007021],"initscale":[1.0,1.0,1.0],"offmtx":[[1.0,0.0,0.0,0.0],[0.0,1.0,0.0,0.0],[0.0,0.0,1.0,0.0]],"boundingbox":[[0.0,0.0,0.0],[0.0,0.0,0.0]]},{"name":"Bone003","parent":"Bone002","initpos":[-0.37192,2.23151,9.395003],"initquaternion":[0.0,1.0,1.9470719792025193e-07,0.0],"initscale":[0.999999,0.999999,0.999999],"offmtx":[[0.0,0.0,0.999999,15.408808],[1.6292069915380125e-07,0.999999,-0.0,-20.832225],[-1.0,1.6292071336465597e-07,0.0,9.395]],"boundingbox":[[-0.317558,-2.084714,-0.225969],[11.699136,2.326748,0.148606]]},{"name":"Bone004","parent":"Bone003","initpos":[11.798662,-0.777193,0.008835],"initquaternion":[-0.0,0.707106,0.0,0.707106],"initscale":[1.0,1.0,1.0],"offmtx":[[1.0,-3.848931839911529e-07,1.4630695943651517e-07,-9.386157],[3.8489321241286234e-07,0.999999,0.0,-20.055032],[-1.4630694522566046e-07,-0.0,0.999999,3.610148]],"boundingbox":[[0.030306,-0.627212,-0.099526],[0.030309,0.733425,0.070556]]},{"name":"Bone005","parent":"Bone004","initpos":[2.705244,0.033361,-0.083251],"initquaternion":[2.5288113647548016e-07,-0.707106,2.528810796320613e-07,0.707106],"initscale":[1.0,1.0,1.0],"offmtx":[[3.3383622621840914e-07,0.0,0.999999,3.693394],[-3.30362581735244e-07,0.999999,0.0,-20.088386],[-1.0,-3.3036261015695345e-07,3.338361977966997e-07,12.091418]],"boundingbox":[[-0.016277,-0.660566,-0.046334],[12.339707,1.380383,0.12451]]},{"name":"Bone006","parent":"Bone002","initpos":[-0.371915,2.231513,-9.395318],"initquaternion":[-0.0,-0.0,1.0,0.0],"initscale":[0.999999,0.999999,1.0],"offmtx":[[0.0,0.0,0.999999,15.408813],[-0.0,-0.999999,0.0,20.832225],[1.0,-0.0,-0.0,9.395318]],"boundingbox":[[-0.317555,-2.326746,-0.225651],[11.699139,2.084716,0.148921]]},{"name":"Bone007","parent":"Bone006","initpos":[11.798662,0.777194,0.008834],"initquaternion":[0.0,0.707106,0.0,0.707106],"initscale":[1.0,1.0,1.0],"offmtx":[[-1.0,2.3389735304135684e-07,2.9763799602733343e-07,-9.386487],[-2.3389739567392098e-07,-0.999999,-0.0,20.055032],[2.9763802444904286e-07,-0.0,0.999999,3.610155]],"boundingbox":[[0.029989,-0.733421,-0.099522],[0.029992,0.627216,0.07056]]},{"name":"Bone008","parent":"Bone007","initpos":[2.705243,-0.033361,-0.083251],"initquaternion":[-0.0,-0.707106,-0.0,0.707106],"initscale":[1.0,1.0,1.0],"offmtx":[[0.0,0.0,0.999999,3.693403],[-4.683475651745539e-07,-0.999999,0.0,20.088392],[1.0,-4.6834753675284446e-07,-0.0,12.091736]],"boundingbox":[[-0.016274,-1.380378,-0.046021],[12.339711,0.660571,0.124827]]}],"boundingbox":[[-12.137747,-0.076945,-21.124826],[12.137747,42.763183,36.228946]]}