{"skeleton":[{"name":"root","parent":"root","initpos":[0.0,0.0,-0.0],"initquaternion":[0.707106,0.0,0.0,0.707106],"initscale":[1.0,0.999999,0.999999],"offmtx":[[1.0,0.0,0.0,0.0],[0.0,1.0,0.0,0.0],[0.0,0.0,1.0,0.0]],"boundingbox":[[0.0,0.0,0.0],[0.0,0.0,0.0]]},{"name":"bone_231","parent":"root","initpos":[-19.38071,-0.014697,-14.028038],"initquaternion":[0.707071,-0.007025,0.007026,0.707071],"initscale":[0.999999,0.999999,1.0],"offmtx":[[0.999802,-0.019871,3.5673710385708546e-07,40.583164],[-0.019871,-0.999802,1.2406724181346362e-07,45.634929],[3.542012336765765e-07,-1.311317987529037e-07,-0.999999,-0.014678]],"boundingbox":[[0.014601,-0.93613,-1.486058],[6.171212,1.619788,1.417625]]},{"name":"bone_226","parent":"bone_231","initpos":[5.951765,-4e-06,2.6170164346694946e-07],"initquaternion":[-0.0,-0.0,-0.011843,0.999929],"initscale":[1.0,1.0,1.0],"offmtx":[[0.999992,0.003813,2.0270269374123018e-07,33.540821],[0.003813,-0.999992,0.0,46.442352],[2.028731245218296e-07,-0.0,-0.999999,-0.014688]],"boundingbox":[[-0.092183,-4.002248,-1.808687],[7.32691,1.841361,1.740257]]},{"name":"bone_239","parent":"bone_226","initpos":[5.427619,-4e-06,8.437782526016235e-07],"initquaternion":[0.0,0.0,-0.004251,0.99999],"initscale":[0.999999,0.999999,1.0],"offmtx":[[0.999924,0.012316,1.872675454706041e-07,27.717304],[0.012316,-0.999924,0.0,46.679729],[1.8782951372031675e-07,-0.0,-0.999999,-0.014689]],"boundingbox":[[-0.093586,-3.607885,-1.970003],[7.76828,1.89842,1.901573]]},{"name":"bone_241","parent":"bone_239","initpos":[5.374943,0.000222,0.0],"initquaternion":[1e-06,0.0,0.003028,0.999995],"initscale":[1.0,1.0,1.0],"offmtx":[[0.99998,0.006258,1.8754745667592942e-07,22.624721],[0.006258,-0.99998,-2e-06,46.543296],[1.6992308360386232e-07,2e-06,-0.999999,-0.014822]],"boundingbox":[[-0.085799,-3.256947,-2.050666],[7.520752,1.941564,1.982236]]},{"name":"bone_227","parent":"bone_241","initpos":[5.953794,-2e-06,-0.0],"initquaternion":[1e-06,0.0,0.010242,0.999947],"initscale":[0.999999,0.999999,1.0],"offmtx":[[0.999898,-0.014225,1.2983855413040146e-07,17.620813],[-0.014225,-0.999898,-5e-06,46.192058],[2.1250939141737035e-07,5e-06,-0.999999,-0.01496]],"boundingbox":[[-0.132583,-2.874781,-2.131327],[7.381175,1.950376,2.062901]]},{"name":"bone_229","parent":"bone_227","initpos":[6.403543,-2e-06,0.0],"initquaternion":[9.536730090076162e-07,-0.0,-0.002095,0.999997],"initscale":[1.0,1.0,1.0],"offmtx":[[0.999949,-0.010035,1.541941827554183e-07,11.023595],[-0.010035,-0.999949,-7e-06,46.238651],[2.3394198933601729e-07,7e-06,-0.999999,-0.015059]],"boundingbox":[[-0.095773,-2.600997,-2.007472],[6.263031,1.858663,1.939046]]},{"name":"bone_242","parent":"bone_229","initpos":[5.718577,0.000164,0.0],"initquaternion":[-2.6850781864595774e-07,-0.0,0.001636,0.999998],"initscale":[0.999999,0.999999,1.0],"offmtx":[[0.999911,-0.013308,1.2817957895094878e-07,5.456342],[-0.013308,-0.999911,-7e-06,46.220878],[2.2679500943922903e-07,7e-06,-0.999999,-0.015034]],"boundingbox":[[-0.089302,-2.464991,-1.894539],[5.282367,1.801168,1.82611]]},{"name":"bone_243","parent":"bone_242","initpos":[4.883469,0.000144,0.0],"initquaternion":[2e-06,-3.399792376512778e-07,0.015394,0.999881],"initscale":[1.0,1.0,1.0],"offmtx":[[0.999027,-0.044084,-8.534698281437159e-07,1.995491],[-0.044084,-0.999027,-1.2e-05,46.181171],[-3.1571474323754956e-07,1.2e-05,-0.999999,-0.015256]],"boundingbox":[[-0.167898,-2.393237,-1.792294],[4.659404,1.738385,1.72386]]},{"name":"bone_40","parent":"bone_241","initpos":[1.930845,-0.125946,-2.98332],"initquaternion":[-0.008012,-0.008072,0.70957,0.704542],"initscale":[0.999999,0.999999,0.999999],"offmtx":[[-0.000851,-0.999999,-6e-06,46.520942],[-0.999741,0.00085,0.022745,-21.087249],[-0.022745,2.5e-05,-0.999741,2.489336]],"boundingbox":[[-3.476246,-2.685437,-1.43274],[3.254383,2.023024,1.097478]]},{"name":"bone_48","parent":"bone_40","initpos":[2.291542,-1.407972,-0.216499],"initquaternion":[0.011402,7.6e-05,-0.000449,0.999934],"initscale":[0.999999,0.999999,1.0],"offmtx":[[5e-05,-0.999999,0.000135,44.24662],[-1.0,-5e-05,-5.8e-05,-19.572586],[5.8e-05,-0.000135,-1.0,3.160175]],"boundingbox":[[0.119544,-0.738875,-0.705248],[3.991419,0.874572,0.908528]]},{"name":"bone_39","parent":"bone_48","initpos":[3.643627,-1.253135,0.00552],"initquaternion":[-9.390058721692185e-07,6e-06,0.580831,0.814024],"initscale":[1.0,1.0,1.0],"offmtx":[[-0.945604,-0.325317,5.856709890394995e-07,-4.116346],[-0.325317,0.945604,-0.000153,-44.353805],[4.9e-05,-0.000145,-0.999999,3.154886]],"boundingbox":[[-1.146787,-1.629982,-1.057668],[2.725045,0.422732,1.200907]]},{"name":"bone_49","parent":"bone_39","initpos":[2.283867,-0.122611,-0.499069],"initquaternion":[-0.121457,0.217368,0.064602,0.966346],"initscale":[1.0,1.0,1.0],"offmtx":[[-0.871816,-0.223662,0.435788,-10.521425],[-0.145019,0.967638,0.206508,-42.175048],[-0.467873,0.116839,-0.876038,-11.012576]],"boundingbox":[[0.089288,-0.37041,-0.345344],[1.727287,0.302493,0.3684]]},{"name":"bone_47","parent":"bone_49","initpos":[1.543663,0.309207,-0.04356],"initquaternion":[0.01512,-0.01882,-0.700596,0.713149],"initscale":[0.999999,1.0,0.999999],"offmtx":[[0.126984,-0.970752,-0.203749,42.202312],[-0.895694,-0.200473,0.396913,-13.334419],[-0.426151,0.132095,-0.894955,-10.580885]],"boundingbox":[[0.068807,-0.310987,-0.326592],[2.284929,0.4397,0.378105]]},{"name":"bone_44","parent":"bone_39","initpos":[2.468108,0.178955,0.000532],"initquaternion":[0.016398,0.00921,0.237477,0.971211],"initscale":[0.999999,1.0,0.999999],"offmtx":[[-0.98895,0.147906,0.010032,-26.428108],[0.147455,0.988399,-0.036364,-36.33633],[-0.015294,-0.034483,-0.999288,4.206745]],"boundingbox":[[-0.009081,-0.517228,-0.282006],[1.650303,0.171135,0.450304]]},{"name":"bone_41","parent":"bone_44","initpos":[1.331936,0.199703,-0.022066],"initquaternion":[0.014799,-0.067073,-0.699627,0.711199],"initscale":[0.999999,1.0,0.999999],"offmtx":[[-0.160088,-0.98636,-0.038262,36.412773],[-0.980908,0.1633,-0.105607,-27.837203],[0.110415,0.020625,-0.993671,4.752309]],"boundingbox":[[0.114557,-0.272124,-0.303161],[2.380191,0.402144,0.44771]]},{"name":"bone_43","parent":"bone_39","initpos":[2.207243,-0.067573,0.513686],"initquaternion":[0.051113,-0.269949,0.055466,0.959915],"initscale":[0.999999,0.999999,0.999999],"offmtx":[[-0.827607,-0.201378,-0.523939,-7.473026],[-0.194823,0.978455,-0.068333,-42.754364],[0.526412,0.045522,-0.849009,11.155803]],"boundingbox":[[0.150525,-0.417643,-0.431959],[1.780499,0.284354,0.265479]]},{"name":"bone_51","parent":"bone_43","initpos":[1.518719,0.267963,0.006946],"initquaternion":[0.02425,0.060639,-0.67482,0.735086],"initscale":[1.0,1.0,1.0],"offmtx":[[0.060786,-0.989887,0.12817,40.460937],[-0.864975,-0.116321,-0.488146,-13.250638],[0.498119,-0.081191,-0.863299,15.601331]],"boundingbox":[[0.01206,-0.329442,-0.415977],[2.187806,0.439141,0.308405]]},{"name":"bone_58","parent":"bone_241","initpos":[1.930843,-0.125923,2.954305],"initquaternion":[0.704631,0.709481,-0.00831,-0.007831],"initscale":[0.999999,0.999999,0.999999],"offmtx":[[-0.000608,-0.999999,0.000595,46.527778],[0.999739,-0.000594,0.022829,21.075563],[-0.022829,0.000608,0.999739,2.460805]],"boundingbox":[[-3.476833,-2.023119,-1.431141],[3.254516,2.685362,1.09801]]},{"name":"bone_53","parent":"bone_58","initpos":[2.291774,1.407369,-0.217949],"initquaternion":[-0.011318,0.000352,0.000351,0.999935],"initscale":[0.999999,1.0,1.0],"offmtx":[[0.000102,-0.999999,-0.000102,44.247734],[1.0,0.000102,0.000195,19.571077],[-0.000195,-0.000102,0.999999,3.15409]],"boundingbox":[[0.11952,-0.874864,-0.704969],[3.991424,0.739004,0.908898]]},{"name":"bone_57","parent":"bone_53","initpos":[3.643699,1.25295,0.005081],"initquaternion":[-0.000111,-5.3e-05,-0.580852,0.814008],"initscale":[1.0,1.0,1.0],"offmtx":[[-0.945604,-0.325317,-5.499459234670212e-07,-4.11635],[0.325317,-0.945604,-0.000153,44.35379],[4.9e-05,-0.000145,0.999999,3.155241]],"boundingbox":[[-1.146789,-0.422743,-1.057292],[2.72504,1.629969,1.201284]]},{"name":"bone_54","parent":"bone_57","initpos":[2.283869,0.122611,-0.499069],"initquaternion":[0.121458,0.217368,-0.064602,0.966346],"initscale":[0.999999,1.0,1.0],"offmtx":[[-0.871816,-0.223662,-0.435787,-10.521577],[0.145019,-0.967637,0.206508,42.175094],[-0.467873,0.116839,0.876038,-11.012263]],"boundingbox":[[0.089123,-0.302419,-0.345011],[1.727119,0.370482,0.368731]]},{"name":"bone_56","parent":"bone_54","initpos":[1.543665,-0.309204,-0.043555],"initquaternion":[-0.01512,-0.01882,0.700596,0.713149],"initscale":[0.999999,0.999999,0.999999],"offmtx":[[0.126985,-0.970752,0.203749,42.202381],[0.895695,0.200474,0.396914,13.334555],[-0.426151,0.132095,0.894955,-10.580558]],"boundingbox":[[0.068866,-0.43955,-0.326255],[2.284988,0.311136,0.37844]]},{"name":"bone_167","parent":"bone_57","initpos":[2.468111,-0.178947,0.000534],"initquaternion":[-0.016398,0.00921,-0.237477,0.971211],"initscale":[1.0,1.0,1.0],"offmtx":[[-0.98895,0.147906,-0.010032,-26.428089],[-0.147455,-0.988399,-0.036364,36.336311],[-0.015294,-0.034483,0.999288,4.207098]],"boundingbox":[[-0.009081,-0.17116,-0.28163],[1.650302,0.517203,0.450679]]},{"name":"bone_163","parent":"bone_167","initpos":[1.331939,-0.199702,-0.022071],"initquaternion":[-0.014799,-0.067073,0.699626,0.711199],"initscale":[0.999999,0.999999,1.0],"offmtx":[[-0.160089,-0.98636,0.038262,36.412761],[0.980907,-0.163301,-0.105608,27.837171],[0.110416,0.020625,0.993671,4.752711]],"boundingbox":[[0.11456,-0.402184,-0.302782],[2.380194,0.272084,0.44809]]},{"name":"bone_166","parent":"bone_57","initpos":[2.207243,0.067577,0.513682],"initquaternion":[-0.051113,-0.269949,-0.055466,0.959915],"initscale":[0.999999,1.0,0.999999],"offmtx":[[-0.827607,-0.201378,0.523939,-7.472838],[0.194823,-0.978454,-0.068334,42.754302],[0.526412,0.045521,0.84901,11.156139]],"boundingbox":[[0.150726,-0.284394,-0.431639],[1.7807,0.417602,0.2658]]},{"name":"bone_159","parent":"bone_166","initpos":[1.518726,-0.267959,0.006947],"initquaternion":[-0.02425,0.060638,0.67482,0.735086],"initscale":[0.999999,1.0,1.0],"offmtx":[[0.060786,-0.989887,-0.128169,40.460876],[0.864975,0.11632,-0.488146,13.25048],[0.498119,-0.08119,0.863299,15.601623]],"boundingbox":[[0.012002,-0.439325,-0.415652],[2.187748,0.329259,0.308728]]},{"name":"bone_162","parent":"bone_231","initpos":[0.735635,0.337677,-0.014698],"initquaternion":[-2.390450788425369e-07,-0.0,0.999775,0.021182],"initscale":[0.999999,0.999999,1.0],"offmtx":[[-0.999747,-0.022492,1.25675086337651e-07,-37.893192],[-0.022492,0.999747,-0.0,-46.944358],[-1.2395948090215825e-07,-0.0,-0.999999,-1e-06]],"boundingbox":[[-0.433253,-1.815014,-2.736203],[5.705212,6.02038,2.736192]]},{"name":"bone_01","parent":"bone_162","initpos":[4.926021,-3e-06,1.1744123185053468e-07],"initquaternion":[-0.0,-0.0,-0.001764,0.999998],"initscale":[1.0,1.0,1.0],"offmtx":[[-0.999661,-0.026021,1.0225423352494545e-07,-42.653247],[-0.026021,0.999661,-0.0,-47.095199],[-1.00283209292229e-07,-0.0,-0.999999,-8.264680673164548e-07]],"boundingbox":[[-7.408217,-0.591904,-6.311274],[3.786981,0.986896,6.311264]]},{"name":"bone_08","parent":"bone_162","initpos":[3.668752,0.581527,-1.107822],"initquaternion":[-0.11363,-0.109395,0.705092,0.69135],"initscale":[0.999999,1.0,1.0],"offmtx":[[-0.004246,0.99995,0.008978,-46.767642],[0.950282,0.001239,0.311384,40.098773],[0.311358,0.009854,-0.950241,13.863903]],"boundingbox":[[-0.100571,-0.936293,-0.257283],[0.91218,0.768499,0.800684]]},{"name":"bone_02","parent":"bone_162","initpos":[4.095541,1.373157,-1.08057],"initquaternion":[-0.038394,-0.122786,0.557437,0.82019],"initscale":[0.999999,0.999999,0.999999],"offmtx":[[-0.369064,0.915769,-0.158611,-59.093971],[0.896304,0.395838,0.199874,19.636045],[0.245823,-0.068397,-0.966898,14.870542]],"boundingbox":[[-0.03976,-0.732937,-0.267096],[0.448764,0.578286,0.238484]]},{"name":"bone_03","parent":"bone_162","initpos":[3.274839,1.425936,1.274],"initquaternion":[-0.06278,-0.095013,0.82889,0.547696],"initscale":[1.0,1.0,1.0],"offmtx":[[0.371383,0.928479,-1.2665984172599565e-07,-28.350399],[0.904396,-0.36175,0.22628,55.65364],[0.210096,-0.084036,-0.974062,11.620742]],"boundingbox":[[-0.112437,-0.705617,-0.489358],[0.381993,0.657213,0.510714]]},{"name":"bone_04","parent":"bone_162","initpos":[4.095537,1.373157,1.081],"initquaternion":[0.820191,0.557436,-0.122786,-0.038395],"initscale":[0.999999,1.0,0.999999],"offmtx":[[-0.369067,0.915768,0.158611,-59.093978],[-0.896303,-0.395841,0.199874,-19.635791],[0.245823,-0.068396,0.966898,14.870889]],"boundingbox":[[-0.039687,-0.578196,-0.266672],[0.448833,0.733025,0.238907]]},{"name":"bone_05","parent":"bone_162","initpos":[3.274847,1.425933,-0.88758],"initquaternion":[0.547695,0.82889,-0.095012,-0.06278],"initscale":[0.999999,1.0,0.999999],"offmtx":[[0.371385,0.928478,-0.0,-28.35025],[-0.904396,0.361752,0.22628,-55.566291],[0.210096,-0.084037,0.974062,11.997153]],"boundingbox":[[-0.112432,-0.569776,-0.112952],[0.382001,0.793055,0.88712]]},{"name":"bone_06","parent":"bone_162","initpos":[3.668748,0.581527,1.053],"initquaternion":[0.691349,0.705092,-0.109395,-0.11363],"initscale":[0.999999,1.0,1.0],"offmtx":[[-0.004246,0.99995,-0.008979,-46.76715],[-0.950283,-0.001239,0.311384,-40.115871],[0.311358,0.009855,0.950241,13.811775]],"boundingbox":[[-0.100117,-0.784443,-0.305938],[0.912634,0.92035,0.752029]]},{"name":"bone_169","parent":"bone_162","initpos":[2.109949,1.601511,0.046596],"initquaternion":[0.162679,0.704251,-0.674814,-0.148964],"initscale":[1.0,1.0,0.999999],"offmtx":[[0.892785,0.450377,0.00974,15.227308],[-0.028898,0.03568,0.998945,-2.840327],[0.449554,-0.892125,0.04487,60.967353]],"boundingbox":[[-0.515526,-2.053634,-1.497943],[7.560074,3.222913,3.455909]]},{"name":"bone_176","parent":"bone_162","initpos":[2.133306,0.56327,-1.185043],"initquaternion":[-0.193304,-0.004901,0.981122,0.002801],"initscale":[0.999999,1.0,1.0],"offmtx":[[0.92485,0.028202,0.379283,36.233875],[0.026093,-0.999602,0.0107,47.636135],[0.379434,0.0,-0.925218,16.685461]],"boundingbox":[[-0.981813,-2.585247,-1.575591],[7.923209,3.851994,1.529932]]},{"name":"bone_182","parent":"bone_162","initpos":[2.133316,0.563266,1.184997],"initquaternion":[0.002802,0.981122,-0.004901,-0.193304],"initscale":[0.999999,1.0,0.999999],"offmtx":[[0.92485,0.028202,-0.379283,36.233886],[-0.026093,0.999602,0.0107,-47.636142],[0.379434,4.656612304643204e-07,0.925218,16.685417]],"boundingbox":[[-0.981789,-3.851992,-1.575622],[7.923232,4.199113,1.529904]]},{"name":"bone_244","parent":"bone_162","initpos":[4.945657,-0.872638,1.8523496692068875e-07],"initquaternion":[-0.0,-0.0,-0.001764,0.999998],"initscale":[1.0,1.0,1.0],"offmtx":[[-0.999661,-0.026021,1.0225423352494545e-07,-42.67596],[-0.026021,0.999661,-0.0,-46.22264],[-1.00283209292229e-07,-0.0,-0.999999,-8.93722699402133e-07]],"boundingbox":[[-2.278244,-0.544669,-0.996476],[3.418266,0.361026,0.994362]]}],"boundingbox":[[-47.642356,37.400009,-6.311268],[4.788488,52.100692,6.311269]]}