{"skeleton":[{"name":"root","parent":"root","initpos":[0.0,0.0,-0.0],"initquaternion":[0.707106,0.0,0.0,0.707106],"initscale":[1.0,0.999999,0.999999],"offmtx":[[1.0,0.0,0.0,0.0],[0.0,1.0,0.0,0.0],[0.0,0.0,1.0,0.0]],"boundingbox":[[0.0,0.0,0.0],[0.0,0.0,0.0]]},{"name":"Bone001","parent":"root","initpos":[3e-06,-0.131908,5.27109],"initquaternion":[0.002858,0.707101,0.002856,0.7071],"initscale":[0.999999,0.999999,1.0],"offmtx":[[0.0,0.999967,0.008081,5.271986],[-7.172734513005707e-07,-0.008081,0.999967,0.089302],[1.0,-0.0,7.168314368755091e-07,-2.0898315256090427e-07]],"boundingbox":[[-5.944631,-2.151986,-1.466705],[25.793663,2.835841,2.420723]]},{"name":"Bone002","parent":"Bone001","initpos":[-5.086575,0.123987,3.728769684130384e-07],"initquaternion":[0.0,-1e-06,0.999973,-0.00732],"initscale":[0.999999,1.0,1.0],"offmtx":[[0.0,-0.999741,-0.022722,-10.356893],[-2e-06,0.022722,-0.999741,0.186341],[1.0,1.236348623478989e-07,-2e-06,5.759781629421923e-07]],"boundingbox":[[-0.140688,-1.358231,-1.061333],[2.32161,0.676969,1.185099]]},{"name":"Bone003","parent":"Bone001","initpos":[14.372682,0.014722,7.44600185953459e-07],"initquaternion":[-0.0,-0.0,-0.004041,0.999991],"initscale":[1.0,1.0,1.0],"offmtx":[[1.7197993429363123e-07,0.999999,0.0,-9.101177],[-7.17656803317368e-07,0.0,0.999999,0.001019],[1.0,-1.7197992008277652e-07,7.176567464739492e-07,1e-06]],"boundingbox":[[0.475849,0.036486,0.001905],[1.084035,0.644928,0.006847]]},{"name":"Bone004","parent":"Bone001","initpos":[20.43453,-3.443777,0.855249],"initquaternion":[0.838409,0.517357,0.061586,-0.160059],"initscale":[1.0,0.999999,0.999999],"offmtx":[[-2.377421566279736e-07,-0.025797,-0.999667,-10.378439],[-0.0,0.999667,-0.025797,-14.913701],[1.0,0.0,-2.388991617863212e-07,-3e-06]],"boundingbox":[[-0.502425,-0.937961,-0.650682],[4.284439,1.627649,0.650684]]},{"name":"Bone005","parent":"Bone004","initpos":[3.944015,-1.9e-05,-1.4e-05],"initquaternion":[-0.373663,0.026348,-0.487952,0.788406],"initscale":[0.999999,1.0,1.0],"offmtx":[[-0.0,0.009008,-0.999959,-14.832819],[-0.0,0.999959,0.009008,-14.406214],[1.0,0.0,-0.0,-1e-06]],"boundingbox":[[-0.079685,-0.592372,-0.214952],[2.594872,0.610245,0.214954]]},{"name":"Bone006","parent":"Bone005","initpos":[2.823597,9e-06,9e-06],"initquaternion":[0.335961,-0.114589,-0.409275,0.84053],"initscale":[0.999999,0.999999,0.999999],"offmtx":[[-0.0,0.008546,-0.999963,-17.649766],[-0.0,0.999963,0.008546,-14.414372],[1.0,0.0,-0.0,-1e-06]],"boundingbox":[[-0.054767,-1.219179,-0.214951],[3.198585,0.584584,0.214955]]},{"name":"Bone007","parent":"Bone006","initpos":[2.976445,3.1e-05,9.5367431640625e-07],"initquaternion":[0.395309,-0.295862,-0.188267,0.84897],"initscale":[1.0,0.999999,0.999999],"offmtx":[[9e-06,0.0,-0.999999,-20.502258],[-0.0,0.999999,-0.0,-14.590153],[1.0,0.0,9e-06,0.000202]],"boundingbox":[[0.065731,-1.145913,-0.214981],[3.025732,0.558691,0.214954]]},{"name":"Bone008","parent":"Bone007","initpos":[3.331995,8e-06,5e-06],"initquaternion":[0.966343,-0.17848,0.121183,0.140138],"initscale":[0.999999,0.999998,1.0],"offmtx":[[-0.0,0.008195,-0.999966,-23.953048],[-0.0,0.999966,0.008195,-14.39429],[1.0,0.0,-0.0,-1e-06]],"boundingbox":[[-0.141691,-0.638671,-0.214951],[2.825483,0.841278,0.214955]]},{"name":"Bone009","parent":"Bone008","initpos":[3.103421,-8e-06,2.3e-05],"initquaternion":[-0.345596,-0.134249,0.161615,0.91456],"initscale":[0.999999,0.999999,1.0],"offmtx":[[1.741182558134824e-07,0.0,-0.999999,-26.937555],[-0.0,0.999999,-0.0,-14.615555],[1.0,0.0,1.741182700243371e-07,5e-06]],"boundingbox":[[-0.083709,-0.354709,-0.214951],[2.580289,0.533291,0.214955]]},{"name":"Bone010","parent":"Bone009","initpos":[3.026877,-6e-06,9.5367431640625e-07],"initquaternion":[-0.302999,-0.391693,-0.102369,0.862721],"initscale":[0.999998,0.999999,1.0],"offmtx":[[-0.0,-0.024185,-0.999707,-29.602184],[-0.0,0.999707,-0.024185,-15.33599],[1.0,0.0,-0.0,-1e-06]],"boundingbox":[[-0.004499,-0.347242,-0.214951],[2.673042,0.597768,0.214955]]},{"name":"Bone011","parent":"Bone010","initpos":[3.155197,8e-06,-2e-06],"initquaternion":[0.372218,-0.22497,-0.163372,0.885523],"initscale":[0.999998,0.999999,1.0],"offmtx":[[-0.0,0.039651,-0.999213,-33.669158],[-0.0,0.999213,0.039651,-13.214606],[1.0,0.0,-0.0,-1e-06]],"boundingbox":[[-0.02787,-0.335729,-0.21495],[2.657508,0.610257,0.214956]]},{"name":"Bone012","parent":"Bone011","initpos":[3.207571,-3e-06,-2e-06],"initquaternion":[0.437157,-0.232662,-0.13432,0.858323],"initscale":[1.0,0.999999,1.0],"offmtx":[[-0.0,-0.03893,-0.999241,-35.725242],[-0.0,0.999241,-0.03893,-16.069419],[1.0,0.0,-0.0,-1e-06]],"boundingbox":[[-0.138416,-0.398412,-0.21495],[1.647762,0.54653,0.214956]]},{"name":"Bone013","parent":"Bone012","initpos":[1.96013,9e-06,4e-06],"initquaternion":[-0.444922,-0.053393,-0.165778,0.87847],"initscale":[1.000002,1.0,1.0],"offmtx":[[3.468093439096265e-07,0.0,-0.999999,-38.282402],[-0.0,1.0,-0.0,-14.590123],[1.0,0.0,3.4680931548791705e-07,1.4e-05]],"boundingbox":[[-0.653186,-0.871815,-0.214951],[2.898815,0.312184,0.214956]]},{"name":"Bone022","parent":"Bone011","initpos":[2.545176,-0.571765,1e-06],"initquaternion":[-2.520830548746744e-07,0.0,-0.02578,0.999667],"initscale":[1.0,0.999999,0.999997],"offmtx":[[-0.0,-0.011903,-0.999929,-35.514568],[-2.830321648161771e-07,0.999929,-0.011903,-14.492632],[1.0,2.821467433022917e-07,-0.0,-5e-06]],"boundingbox":[[-0.052959,-0.0551,-0.10862],[0.542522,0.247924,0.13138]]},{"name":"Bone021","parent":"Bone008","initpos":[2.707737,1.243481,3.2e-05],"initquaternion":[-4.1261802152803284e-07,-2.3672940585584001e-07,-0.004098,0.999991],"initscale":[1.0,1.0,0.999998],"offmtx":[[1.741182700243371e-07,0.0,-0.999999,-26.531667],[-1.6099235722322192e-07,0.999999,-0.0,-15.855801],[1.0,1.609923430123672e-07,1.7411828423519182e-07,2e-06]],"boundingbox":[[-0.248596,-0.428207,-0.108621],[0.639402,0.163793,0.131379]]},{"name":"Bone020","parent":"Bone007","initpos":[0.5263,1.282036,-8e-06],"initquaternion":[1.0395892502401693e-07,-0.0,-0.011486,0.999934],"initscale":[0.999999,0.999999,1.0],"offmtx":[[-0.0,-0.022981,-0.999735,-20.658216],[-0.0,0.999735,-0.022981,-16.351303],[1.0,0.0,-0.0,-1e-06]],"boundingbox":[[-0.14188,-0.459044,-0.108621],[1.048608,0.16001,0.131378]]},{"name":"Bone019","parent":"Bone006","initpos":[0.474403,1.221392,-1e-06],"initquaternion":[-3.2298271435138304e-07,-6.095727940191864e-07,-0.004273,0.99999],"initscale":[0.999999,0.999999,1.0],"offmtx":[[1.6325618901191774e-07,0.0,-0.999999,-17.989871],[-1.6099235722322192e-07,0.999999,-0.0,-15.790092],[1.0,1.609923430123672e-07,1.6325617480106303e-07,7.945477591420058e-07]],"boundingbox":[[-0.213335,-0.374293,-0.108621],[0.970666,0.217704,0.131379]]},{"name":"Bone017","parent":"Bone005","initpos":[0.42248,1.189276,-9e-06],"initquaternion":[0.0,0.0,0.011385,0.999935],"initscale":[0.999999,0.999998,1.0],"offmtx":[[-0.0,0.031775,-0.999495,-15.606455],[-1.5343809423029597e-07,0.999495,0.031775,-15.244096],[1.0,1.5576607381717622e-07,-0.0,-3e-06]],"boundingbox":[[-0.180238,-0.339604,-0.108621],[1.021975,0.280312,0.131378]]},{"name":"Bone018","parent":"Bone017","initpos":[0.718738,0.868526,2.1e-05],"initquaternion":[-1.0499073965775096e-07,-0.0,-0.009223,0.999957],"initscale":[1.0,1.000001,1.0],"offmtx":[[-0.0,0.013333,-0.999911,-16.025226],[-1.5782219975335465e-07,0.999911,0.013333,-16.41098],[1.0,1.5877964187893667e-07,-0.0,-3e-06]],"boundingbox":[[-0.309159,-0.36793,-0.108621],[0.882629,0.235855,0.131378]]},{"name":"Bone014","parent":"Bone004","initpos":[0.281826,-1.061476,-3.4e-05],"initquaternion":[-0.0,-2.2246250352964125e-07,-0.060963,0.998139],"initscale":[1.0,0.999999,1.0],"offmtx":[[-2.301441952567984e-07,-0.147266,-0.989096,-8.895215],[-1.9602921952355246e-07,0.989096,-0.147266,-15.046669],[1.0,1.5999941638256132e-07,-2.56503341233838e-07,-5e-06]],"boundingbox":[[-0.048065,-0.418792,-0.730752],[1.210206,0.341116,0.730752]]},{"name":"Bone015","parent":"Bone014","initpos":[1.500984,1.1e-05,5e-06],"initquaternion":[-0.02758,-0.044578,-0.000118,0.998625],"initscale":[0.999999,0.999999,0.999998],"offmtx":[[-1.2631545587282744e-07,-0.093838,-0.995587,-11.190675],[-1.8336321261358535e-07,0.995587,-0.093838,-14.465545],[1.0,1.7070087210413476e-07,-1.4296453798579023e-07,-4e-06]],"boundingbox":[[-0.110487,-0.491559,-0.730752],[1.123839,0.208933,0.730752]]},{"name":"Bone016","parent":"Bone015","initpos":[1.376669,4.8e-05,2e-05],"initquaternion":[3.1023949986774824e-07,0.0,0.074739,0.997203],"initscale":[0.999999,0.999999,1.0],"offmtx":[[-0.0,0.055613,-0.998452,-14.583173],[-1.6248607437319151e-07,0.998452,0.055613,-12.430643],[1.0,1.6730432150779961e-07,-0.0,-3e-06]],"boundingbox":[[-0.037313,-0.093235,-0.730752],[0.570232,0.235231,0.730752]]}],"boundingbox":[[-1.466705,-12.687839,-41.181217],[2.420722,20.519783,2.803783]]}