{
  "skeleton": [
    {
      "name": "root",
      "parent": "root",
      "initpos": [
        0,
        0,
        0
      ],
      "initquaternion": [
        0.707106,
        0,
        0,
        0.707106
      ],
      "initscale": [
        1,
        0.999999,
        0.999999
      ],
      "offmtx": [
        [
          1,
          0,
          0,
          0
        ],
        [
          0,
          1,
          0,
          0
        ],
        [
          0,
          0,
          1,
          0
        ]
      ],
      "boundingbox": [
        [
          0,
          0,
          0
        ],
        [
          0,
          0,
          0
        ]
      ]
    },
    {
      "name": "bone_01",
      "parent": "root",
      "initpos": [
        4.3082843603770016e-7,
        9.856204,
        -18.129434
      ],
      "initquaternion": [
        -0.498272,
        0.501721,
        -0.498273,
        0.501721
      ],
      "initscale": [
        1,
        1,
        1
      ],
      "offmtx": [
        [
          -1.6291680537960929e-7,
          0.006896,
          -0.999976,
          9.730941
        ],
        [
          0,
          0.999976,
          0.006896,
          -18.196975
        ],
        [
          1,
          0,
          -1.634413280271474e-7,
          0.000002
        ]
      ],
      "boundingbox": [
        [
          -0.062971,
          -5.629411,
          -4.64873
        ],
        [
          9.175904,
          5.026072,
          4.446515
        ]
      ]
    },
    {
      "name": "bone_02",
      "parent": "bone_01",
      "initpos": [
        8.652565,
        0,
        0.000001
      ],
      "initquaternion": [
        0,
        0,
        0.018276,
        0.999832
      ],
      "initscale": [
        0.999999,
        0.999999,
        1
      ],
      "offmtx": [
        [
          0,
          0.043437,
          -0.999056,
          0.412626
        ],
        [
          0,
          0.999056,
          0.043437,
          -18.224231
        ],
        [
          1,
          0,
          0,
          0
        ]
      ],
      "boundingbox": [
        [
          -0.644323,
          -6.208378,
          -4.886812
        ],
        [
          10.793504,
          5.230922,
          4.838097
        ]
      ]
    },
    {
      "name": "bone_03",
      "parent": "bone_02",
      "initpos": [
        9.476215,
        -1.845479,
        0
      ],
      "initquaternion": [
        0,
        0,
        0.393336,
        0.919394
      ],
      "initscale": [
        1,
        1,
        1
      ],
      "offmtx": [
        [
          0,
          0.752576,
          -0.658504,
          -18.105207
        ],
        [
          0,
          0.658504,
          0.752576,
          -4.755373
        ],
        [
          1,
          0,
          0,
          0.000001
        ]
      ],
      "boundingbox": [
        [
          -0.581747,
          -9.285375,
          -5.010503
        ],
        [
          12.480928,
          5.141699,
          5.072437
        ]
      ]
    },
    {
      "name": "bone_04",
      "parent": "bone_03",
      "initpos": [
        10.783376,
        -0.000001,
        2.257129523286494e-7
      ],
      "initquaternion": [
        0,
        0,
        0.340821,
        0.940128
      ],
      "initscale": [
        0.999999,
        0.999999,
        1
      ],
      "offmtx": [
        [
          0,
          0.999729,
          -0.023247,
          -25.224634
        ],
        [
          0,
          0.023247,
          0.999729,
          14.862094
        ],
        [
          1,
          0,
          0,
          -0.000002
        ]
      ],
      "boundingbox": [
        [
          0.063477,
          -2.220095,
          -1.964081
        ],
        [
          4.709768,
          1.927434,
          2.087963
        ]
      ]
    },
    {
      "name": "bone_05",
      "parent": "bone_04",
      "initpos": [
        5.133676,
        -0.000096,
        4.917890237265965e-7
      ],
      "initquaternion": [
        0,
        0,
        -0.163187,
        0.986595
      ],
      "initscale": [
        1,
        1,
        1
      ],
      "offmtx": [
        [
          0,
          0.938997,
          -0.343922,
          -33.527027
        ],
        [
          0,
          0.343922,
          0.938997,
          4.295258
        ],
        [
          1,
          0,
          0,
          0.000001
        ]
      ],
      "boundingbox": [
        [
          -1.423965,
          -2.551704,
          -1.671505
        ],
        [
          3.781173,
          1.376379,
          1.758307
        ]
      ]
    },
    {
      "name": "bone_06",
      "parent": "bone_05",
      "initpos": [
        4.115238,
        -0.000001,
        0
      ],
      "initquaternion": [
        0,
        0,
        -0.621635,
        0.783306
      ],
      "initscale": [
        1,
        1,
        1
      ],
      "offmtx": [
        [
          0,
          -0.12165,
          -0.992572,
          -12.732988
        ],
        [
          0,
          0.992572,
          -0.12165,
          -35.682777
        ],
        [
          1,
          0,
          0,
          0.000001
        ]
      ],
      "boundingbox": [
        [
          -4.699279,
          -2.188012,
          -4.559557
        ],
        [
          8.965505,
          8.247952,
          4.609576
        ]
      ]
    },
    {
      "name": "bone_07",
      "parent": "bone_06",
      "initpos": [
        -0.302043,
        3.893203,
        -0.000003
      ],
      "initquaternion": [
        0,
        -3.2485894507772173e-7,
        0.996985,
        0.077594
      ],
      "initscale": [
        0.999999,
        0.999999,
        1
      ],
      "offmtx": [
        [
          0,
          0.273757,
          0.961798,
          6.158026
        ],
        [
          -7.003541782069078e-7,
          -0.961798,
          0.273757,
          41.022754
        ],
        [
          1,
          -6.500368954220903e-7,
          2.7451113737697597e-7,
          0.000032
        ]
      ],
      "boundingbox": [
        [
          0.087881,
          -0.473263,
          -2.611765
        ],
        [
          4.610422,
          0.014867,
          2.611771
        ]
      ]
    },
    {
      "name": "bone_08",
      "parent": "bone_07",
      "initpos": [
        4.418199,
        0,
        3.410641511436552e-7
      ],
      "initquaternion": [
        0,
        0,
        -0.135014,
        0.990843
      ],
      "initscale": [
        0.999999,
        0.999999,
        1
      ],
      "offmtx": [
        [
          2.856264131878561e-7,
          0.521112,
          0.853487,
          -9.29951
        ],
        [
          -6.978499413889949e-7,
          -0.853487,
          0.521112,
          39.992656
        ],
        [
          1,
          -7.444500056408287e-7,
          1.1987962977855204e-7,
          0.000033
        ]
      ],
      "boundingbox": [
        [
          -0.44769,
          -0.411562,
          -4.886904
        ],
        [
          6.134434,
          1.056938,
          4.886909
        ]
      ]
    },
    {
      "name": "bone_09",
      "parent": "bone_02",
      "initpos": [
        5.724085,
        -1.711759,
        -4.310737
      ],
      "initquaternion": [
        0,
        0,
        0.976153,
        -0.217083
      ],
      "initscale": [
        1,
        1,
        1
      ],
      "offmtx": [
        [
          0,
          -0.462756,
          0.886485,
          11.809058
        ],
        [
          -1.9507368165250227e-7,
          -0.886485,
          -0.462756,
          12.705092
        ],
        [
          1,
          -1.549979344872554e-7,
          -1.2462336940188834e-7,
          4.310739
        ]
      ],
      "boundingbox": [
        [
          -0.214061,
          -2.256978,
          -2.623476
        ],
        [
          9.663384,
          3.500875,
          2.591286
        ]
      ]
    },
    {
      "name": "bone_10",
      "parent": "bone_09",
      "initpos": [
        8.4463,
        -0.146506,
        -9.5367431640625e-7
      ],
      "initquaternion": [
        0,
        0,
        0.517485,
        0.855691
      ],
      "initscale": [
        0.999999,
        0.999999,
        1
      ],
      "offmtx": [
        [
          0,
          -0.999998,
          0.001874,
          12.943314
        ],
        [
          -1.2488831657719857e-7,
          -0.001874,
          -0.999998,
          2.990392
        ],
        [
          1,
          0,
          -1.248883592097627e-7,
          4.310738
        ]
      ],
      "boundingbox": [
        [
          -0.464875,
          -3.652666,
          -1.651308
        ],
        [
          12.565312,
          1.751869,
          1.664219
        ]
      ]
    },
    {
      "name": "bone_11",
      "parent": "bone_10",
      "initpos": [
        11.992567,
        -2.384185791015625e-7,
        -0.000001
      ],
      "initquaternion": [
        0,
        0,
        0.469181,
        0.883101
      ],
      "initscale": [
        1,
        1,
        1
      ],
      "offmtx": [
        [
          -1.0343303102899881e-7,
          -0.561289,
          -0.827619,
          3.010216
        ],
        [
          0,
          0.827619,
          -0.561289,
          0.885979
        ],
        [
          1,
          0,
          -1.2491373979628406e-7,
          4.310739
        ]
      ],
      "boundingbox": [
        [
          -2.755124,
          -3.797121,
          -1.636125
        ],
        [
          4.871891,
          1.10624,
          1.441089
        ]
      ]
    },
    {
      "name": "bone_17",
      "parent": "bone_02",
      "initpos": [
        8.945297,
        2.094552,
        4.263124
      ],
      "initquaternion": [
        0.351295,
        -0.468795,
        0.595986,
        0.549201
      ],
      "initscale": [
        0.999999,
        1,
        0.999999
      ],
      "offmtx": [
        [
          0.933661,
          0.31844,
          0.163925,
          -9.309837
        ],
        [
          -0.172927,
          0,
          0.984934,
          8.264105
        ],
        [
          0.313643,
          -0.947942,
          0.055067,
          18.677928
        ]
      ],
      "boundingbox": [
        [
          0.206225,
          -0.947109,
          -0.816506
        ],
        [
          15.567879,
          13.91193,
          1.228811
        ]
      ]
    },
    {
      "name": "bone_18",
      "parent": "bone_17",
      "initpos": [
        14.588171,
        0.000001,
        0.000003
      ],
      "initquaternion": [
        0.035785,
        -0.15216,
        -0.184737,
        0.970277
      ],
      "initscale": [
        0.999999,
        1,
        1
      ],
      "offmtx": [
        [
          0.97904,
          0.014588,
          -0.203141,
          -18.944664
        ],
        [
          0.203275,
          -0.00843,
          0.979084,
          1.718967
        ],
        [
          0.012571,
          -0.999857,
          -0.011219,
          25.028381
        ]
      ],
      "boundingbox": [
        [
          -3.038104,
          -1.156095,
          -1.556401
        ],
        [
          11.724563,
          14.736288,
          2.153865
        ]
      ]
    },
    {
      "name": "bone_20",
      "parent": "bone_18",
      "initpos": [
        8.477714,
        0.000023,
        -0.000028
      ],
      "initquaternion": [
        0.676459,
        -0.246865,
        0.028933,
        0.693269
      ],
      "initscale": [
        0.999999,
        0.999999,
        0.999999
      ],
      "offmtx": [
        [
          0.803129,
          -0.366115,
          -0.470046,
          -14.992557
        ],
        [
          -0.337756,
          -0.929679,
          0.147025,
          33.51934
        ],
        [
          -0.49082,
          0.04068,
          -0.87031,
          5.748041
        ]
      ],
      "boundingbox": [
        [
          -0.101984,
          -1.226685,
          -25.291784
        ],
        [
          21.748729,
          2.967828,
          2.339617
        ]
      ]
    },
    {
      "name": "bone_21",
      "parent": "bone_20",
      "initpos": [
        3.668866,
        0.431999,
        -7.304286
      ],
      "initquaternion": [
        -0.541384,
        0.414905,
        0.418378,
        0.599762
      ],
      "initscale": [
        0.999999,
        0.999999,
        0.999999
      ],
      "offmtx": [
        [
          0.694309,
          -0.199479,
          0.691478,
          -16.371511
        ],
        [
          -0.63704,
          0.276676,
          0.719464,
          15.912571
        ],
        [
          -0.334833,
          -0.940031,
          0.065022,
          33.047664
        ]
      ],
      "boundingbox": [
        [
          -2.365522,
          -2.248849,
          -0.984669
        ],
        [
          24.020353,
          10.445643,
          1.158536
        ]
      ]
    },
    {
      "name": "bone_19",
      "parent": "bone_18",
      "initpos": [
        6.419584,
        6.496289,
        -0.6921
      ],
      "initquaternion": [
        0.016291,
        -0.027778,
        0.691822,
        0.721348
      ],
      "initscale": [
        0.999999,
        0.999999,
        0.999999
      ],
      "offmtx": [
        [
          0.243846,
          -0.070415,
          0.967254,
          -4.198801
        ],
        [
          -0.969661,
          0,
          0.244453,
          24.752975
        ],
        [
          -0.017213,
          -0.997517,
          -0.068278,
          26.407794
        ]
      ],
      "boundingbox": [
        [
          -1.954991,
          -3.916776,
          -1.71049
        ],
        [
          16.549594,
          6.017261,
          1.836882
        ]
      ]
    },
    {
      "name": "bone_22",
      "parent": "bone_02",
      "initpos": [
        5.724086,
        -1.711759,
        4.311261
      ],
      "initquaternion": [
        -0.217083,
        0.976153,
        -1.900640143048804e-7,
        0
      ],
      "initscale": [
        1,
        1,
        0.999999
      ],
      "offmtx": [
        [
          0,
          -0.462756,
          0.886485,
          11.809062
        ],
        [
          -1.307675887574078e-7,
          0.886485,
          0.462756,
          -12.70509
        ],
        [
          -1,
          -1.3385557906531176e-7,
          0,
          4.311263
        ]
      ],
      "boundingbox": [
        [
          -0.21406,
          -3.500872,
          -2.622952
        ],
        [
          9.663385,
          2.256979,
          2.591811
        ]
      ]
    },
    {
      "name": "bone_23",
      "parent": "bone_22",
      "initpos": [
        8.446304,
        0.146509,
        -9.5367431640625e-7
      ],
      "initquaternion": [
        1.6947045367032842e-7,
        -1.8049600214453676e-7,
        -0.517485,
        0.855691
      ],
      "initscale": [
        0.999999,
        0.999999,
        1
      ],
      "offmtx": [
        [
          0,
          -0.999998,
          0.001874,
          12.94331
        ],
        [
          -5.032167678109545e-7,
          0.001874,
          0.999998,
          -2.990392
        ],
        [
          -1,
          0,
          -5.03215346725483e-7,
          4.311264
        ]
      ],
      "boundingbox": [
        [
          -0.464877,
          -1.751872,
          -1.650784
        ],
        [
          12.565308,
          3.652663,
          1.664745
        ]
      ]
    },
    {
      "name": "bone_24",
      "parent": "bone_23",
      "initpos": [
        11.992612,
        -0.000002,
        -0.000001
      ],
      "initquaternion": [
        0,
        0,
        -0.469181,
        0.883101
      ],
      "initscale": [
        1,
        1,
        1
      ],
      "offmtx": [
        [
          3.169171236550028e-7,
          -0.561289,
          -0.827619,
          3.010188
        ],
        [
          -2.814345805290941e-7,
          -0.827619,
          0.561289,
          -0.886016
        ],
        [
          -1,
          0,
          -4.202531442842883e-7,
          4.311265
        ]
      ],
      "boundingbox": [
        [
          -2.755151,
          -1.106278,
          -1.58839
        ],
        [
          4.871863,
          3.79708,
          1.399417
        ]
      ]
    },
    {
      "name": "bind",
      "parent": "bone_02",
      "initpos": [
        4.206217,
        6.147077,
        0.016351
      ],
      "initquaternion": [
        -0.515032,
        -0.484501,
        0.4935,
        0.506415
      ],
      "initscale": [
        1,
        1,
        0.999999
      ],
      "offmtx": [
        [
          -0.017618,
          0.999844,
          -1.3334030768419325e-7,
          -24.508998
        ],
        [
          -0.999844,
          -0.017618,
          -1.665482329826773e-7,
          0.44824
        ],
        [
          -1.6887175036117696e-7,
          1.3038524571129528e-7,
          1,
          2.731386
        ]
      ],
      "boundingbox": [
        [
          -1.304894,
          -4.7995,
          4.802073
        ],
        [
          -1.304894,
          -4.7995,
          4.802073
        ]
      ]
    },
    {
      "name": "bone_12",
      "parent": "bone_02",
      "initpos": [
        8.945297,
        2.094554,
        -4.262874
      ],
      "initquaternion": [
        0.549201,
        0.595986,
        -0.468795,
        0.351295
      ],
      "initscale": [
        1,
        0.999999,
        0.999999
      ],
      "offmtx": [
        [
          -0.933661,
          0.31844,
          0.163925,
          -9.309607
        ],
        [
          -0.172927,
          -1.0058287358560847e-7,
          -0.984934,
          -8.264065
        ],
        [
          -0.313643,
          -0.947942,
          0.055067,
          18.678009
        ]
      ],
      "boundingbox": [
        [
          0.206456,
          -13.911892,
          -0.816424
        ],
        [
          15.568105,
          0.947151,
          1.228894
        ]
      ]
    },
    {
      "name": "bone_13",
      "parent": "bone_12",
      "initpos": [
        14.588164,
        -0.000001,
        0.000005
      ],
      "initquaternion": [
        -0.035785,
        -0.15216,
        0.184737,
        0.970277
      ],
      "initscale": [
        0.999999,
        1,
        1
      ],
      "offmtx": [
        [
          -0.97904,
          0.014588,
          -0.203141,
          -18.94441
        ],
        [
          0.203275,
          0.00843,
          -0.979085,
          -1.719023
        ],
        [
          -0.01257,
          -0.999858,
          -0.011219,
          25.028394
        ]
      ],
      "boundingbox": [
        [
          -3.037857,
          -14.736343,
          -1.556402
        ],
        [
          11.724807,
          1.156044,
          2.153864
        ]
      ]
    },
    {
      "name": "bone_16",
      "parent": "bone_13",
      "initpos": [
        6.419589,
        -6.496291,
        -0.692102
      ],
      "initquaternion": [
        -0.016291,
        -0.027778,
        -0.691822,
        0.721349
      ],
      "initscale": [
        0.999999,
        0.999999,
        1
      ],
      "offmtx": [
        [
          -0.243846,
          -0.070414,
          0.967254,
          -4.198746
        ],
        [
          -0.969661,
          -1.788139485370266e-7,
          -0.244453,
          -24.752723
        ],
        [
          0.017213,
          -0.997517,
          -0.068278,
          26.407798
        ]
      ],
      "boundingbox": [
        [
          -1.954931,
          -6.017024,
          -1.710492
        ],
        [
          16.549652,
          3.917011,
          1.836876
        ]
      ]
    },
    {
      "name": "bone_14",
      "parent": "bone_13",
      "initpos": [
        8.477714,
        -0.000022,
        -0.000036
      ],
      "initquaternion": [
        -0.676459,
        -0.246865,
        -0.028933,
        0.693269
      ],
      "initscale": [
        1,
        1,
        1
      ],
      "offmtx": [
        [
          -0.803128,
          -0.366115,
          -0.470046,
          -14.992348
        ],
        [
          -0.337756,
          0.929679,
          -0.147025,
          -33.519264
        ],
        [
          0.49082,
          0.04068,
          -0.87031,
          5.747921
        ]
      ],
      "boundingbox": [
        [
          -0.101779,
          -2.967752,
          -25.291906
        ],
        [
          21.748924,
          1.226764,
          2.339492
        ]
      ]
    },
    {
      "name": "bone_15",
      "parent": "bone_14",
      "initpos": [
        3.668868,
        -0.432003,
        -7.304284
      ],
      "initquaternion": [
        0.541384,
        0.414905,
        -0.418378,
        0.599762
      ],
      "initscale": [
        0.999999,
        0.999999,
        0.999999
      ],
      "offmtx": [
        [
          -0.694309,
          -0.199479,
          0.691478,
          -16.371337
        ],
        [
          -0.63704,
          -0.276675,
          -0.719464,
          -15.912426
        ],
        [
          0.334833,
          -0.94003,
          0.065022,
          33.047569
        ]
      ],
      "boundingbox": [
        [
          -2.365348,
          -10.445489,
          -0.984748
        ],
        [
          24.020523,
          2.249006,
          1.158458
        ]
      ]
    },
    {
      "name": "bone_25",
      "parent": "bone_01",
      "initpos": [
        0.91996,
        0.869947,
        0.000001
      ],
      "initquaternion": [
        0,
        0,
        0.990066,
        -0.140596
      ],
      "initscale": [
        1,
        1,
        1
      ],
      "offmtx": [
        [
          1.3514447516627115e-7,
          -0.285017,
          0.958522,
          -3.154401
        ],
        [
          -2.937939029834524e-7,
          -0.958522,
          -0.285017,
          20.766094
        ],
        [
          1,
          -2.4308945967277396e-7,
          -2.132754133299386e-7,
          0.000004
        ]
      ],
      "boundingbox": [
        [
          -1.824901,
          -3.899933,
          -4.173289
        ],
        [
          13.484467,
          3.316431,
          4.113562
        ]
      ]
    },
    {
      "name": "bone_26",
      "parent": "bone_25",
      "initpos": [
        4.887112,
        0.482267,
        -0.915721
      ],
      "initquaternion": [
        -0.537709,
        0.122518,
        0.339634,
        0.761909
      ],
      "initscale": [
        1,
        0.999999,
        0.999999
      ],
      "offmtx": [
        [
          -0.551944,
          -0.580487,
          0.598657,
          1.374829
        ],
        [
          -0.736149,
          0.001951,
          -0.676816,
          8.422152
        ],
        [
          0.391715,
          -0.814266,
          -0.428402,
          20.102621
        ]
      ],
      "boundingbox": [
        [
          -1.853034,
          -1.174773,
          -1.154387
        ],
        [
          15.932062,
          2.271938,
          0.516075
        ]
      ]
    },
    {
      "name": "bone_27",
      "parent": "bone_26",
      "initpos": [
        16.27675,
        0,
        0
      ],
      "initquaternion": [
        0.011418,
        0.088406,
        0.01124,
        0.995955
      ],
      "initscale": [
        0.999999,
        1,
        1
      ],
      "offmtx": [
        [
          -0.630025,
          -0.428038,
          0.647958,
          -17.994516
        ],
        [
          -0.71484,
          -0.006362,
          -0.699258,
          9.218548
        ],
        [
          0.303432,
          -0.903737,
          -0.30197,
          16.980302
        ]
      ],
      "boundingbox": [
        [
          -0.275728,
          -1.470875,
          -0.764814
        ],
        [
          7.836587,
          1.703151,
          -0.102685
        ]
      ]
    },
    {
      "name": "bone_28",
      "parent": "bone_27",
      "initpos": [
        7.852653,
        -0.000006,
        -0.000005
      ],
      "initquaternion": [
        -0.003861,
        0.160369,
        -0.001295,
        0.987048
      ],
      "initscale": [
        0.999999,
        1,
        0.999999
      ],
      "offmtx": [
        [
          -0.690962,
          -0.119894,
          0.712878,
          -29.928136
        ],
        [
          -0.718086,
          0.000336,
          -0.695953,
          9.047661
        ],
        [
          0.0832,
          -0.992786,
          -0.086327,
          7.989729
        ]
      ],
      "boundingbox": [
        [
          -0.027198,
          -2.635092,
          -0.287691
        ],
        [
          17.768768,
          2.927745,
          0.769567
        ]
      ]
    },
    {
      "name": "bone_29",
      "parent": "bone_25",
      "initpos": [
        4.885359,
        0.527856,
        -1.539196
      ],
      "initquaternion": [
        -0.635894,
        0.043703,
        0.205118,
        0.742734
      ],
      "initscale": [
        1,
        0.999999,
        1
      ],
      "offmtx": [
        [
          -0.325787,
          -0.498728,
          0.803201,
          -2.792304
        ],
        [
          -0.926672,
          2.235173752751507e-7,
          -0.375869,
          3.638331
        ],
        [
          0.187456,
          -0.866757,
          -0.462158,
          21.343816
        ]
      ],
      "boundingbox": [
        [
          -2.235373,
          -1.765873,
          -0.868716
        ],
        [
          20.416622,
          1.450589,
          0.274617
        ]
      ]
    },
    {
      "name": "bone_30",
      "parent": "bone_29",
      "initpos": [
        20.415706,
        -7.152557373046875e-7,
        -0.000003
      ],
      "initquaternion": [
        0.018985,
        0.187626,
        0.029032,
        0.981627
      ],
      "initscale": [
        1,
        1,
        0.999999
      ],
      "offmtx": [
        [
          -0.430566,
          -0.144451,
          0.890924,
          -29.140218
        ],
        [
          -0.899164,
          -0.016875,
          -0.437284,
          5.815138
        ],
        [
          0.078201,
          -0.989367,
          -0.122619,
          11.155252
        ]
      ],
      "boundingbox": [
        [
          -0.154981,
          -2.480155,
          -0.063996
        ],
        [
          10.072843,
          2.343376,
          0.364284
        ]
      ]
    },
    {
      "name": "bone_31",
      "parent": "bone_30",
      "initpos": [
        10.067573,
        0.000003,
        0.000003
      ],
      "initquaternion": [
        0.010269,
        0.140782,
        0.035227,
        0.98936
      ],
      "initscale": [
        1,
        1,
        1
      ],
      "offmtx": [
        [
          -0.499433,
          0.135299,
          0.855721,
          -40.233577
        ],
        [
          -0.86561,
          -0.037095,
          -0.49934,
          8.75639
        ],
        [
          -0.035816,
          -0.990109,
          0.135643,
          -0.300212
        ]
      ],
      "boundingbox": [
        [
          -0.25436,
          -3.962959,
          -0.142792
        ],
        [
          17.079235,
          3.375193,
          0.566339
        ]
      ]
    },
    {
      "name": "bone_32",
      "parent": "bone_25",
      "initpos": [
        5.129241,
        0.439651,
        -1.12445
      ],
      "initquaternion": [
        -0.682733,
        0.015426,
        0.101262,
        0.723451
      ],
      "initscale": [
        1,
        0.999999,
        1
      ],
      "offmtx": [
        [
          -0.160592,
          -0.399285,
          0.902652,
          -5.740389
        ],
        [
          -0.984725,
          0.002482,
          -0.174095,
          1.241145
        ],
        [
          0.067272,
          -0.916823,
          -0.393585,
          21.179111
        ]
      ],
      "boundingbox": [
        [
          -0.39198,
          -1.573894,
          -0.805623
        ],
        [
          19.605548,
          1.68721,
          -0.140413
        ]
      ]
    },
    {
      "name": "bone_33",
      "parent": "bone_32",
      "initpos": [
        19.988996,
        0,
        0.000003
      ],
      "initquaternion": [
        0.004162,
        0.171536,
        0.003144,
        0.985163
      ],
      "initscale": [
        0.999999,
        0.999999,
        0.999999
      ],
      "offmtx": [
        [
          -0.181381,
          -0.065914,
          0.981201,
          -31.362878
        ],
        [
          -0.983282,
          -0.004121,
          -0.182042,
          1.560309
        ],
        [
          0.016043,
          -0.997816,
          -0.064064,
          11.226385
        ]
      ],
      "boundingbox": [
        [
          -0.168073,
          -2.688181,
          -0.912011
        ],
        [
          11.624866,
          2.879515,
          -0.006225
        ]
      ]
    },
    {
      "name": "bone_34",
      "parent": "bone_33",
      "initpos": [
        11.67727,
        -0.000001,
        -0.000002
      ],
      "initquaternion": [
        -0.001803,
        0.160977,
        0.011658,
        0.986887
      ],
      "initscale": [
        1,
        1,
        1
      ],
      "offmtx": [
        [
          -0.199085,
          0.254509,
          0.946355,
          -44.330234
        ],
        [
          -0.978725,
          -0.002758,
          -0.205153,
          2.577466
        ],
        [
          -0.049602,
          -0.967065,
          0.249644,
          -3.017614
        ]
      ],
      "boundingbox": [
        [
          -0.12862,
          -4.340311,
          -0.443984
        ],
        [
          20.332012,
          4.445935,
          0.285456
        ]
      ]
    },
    {
      "name": "bone_35",
      "parent": "bone_25",
      "initpos": [
        5.042147,
        0.054655,
        -0.242174
      ],
      "initquaternion": [
        -0.707362,
        -0.009393,
        0.003495,
        0.70678
      ],
      "initscale": [
        0.999999,
        0.999999,
        0.999999
      ],
      "offmtx": [
        [
          0.008333,
          -0.302434,
          0.953133,
          -7.8153
        ],
        [
          -0.999964,
          -0.001663,
          0.008215,
          -0.326063
        ],
        [
          -0.000898,
          -0.953168,
          -0.302438,
          20.857145
        ]
      ],
      "boundingbox": [
        [
          0.959466,
          -1.609741,
          -0.525225
        ],
        [
          20.02593,
          1.603478,
          0.205087
        ]
      ]
    },
    {
      "name": "bone_36",
      "parent": "bone_35",
      "initpos": [
        20.220661,
        0.000004,
        -0.000001
      ],
      "initquaternion": [
        0.003495,
        0.170045,
        0.009163,
        0.985387
      ],
      "initscale": [
        0.999999,
        0.999999,
        1
      ],
      "offmtx": [
        [
          -0.011095,
          0.034439,
          0.999345,
          -33.40451
        ],
        [
          -0.999922,
          -0.006098,
          -0.010891,
          0.35566
        ],
        [
          0.005719,
          -0.999387,
          0.034504,
          10.254457
        ]
      ],
      "boundingbox": [
        [
          -0.117118,
          -2.471985,
          -0.567849
        ],
        [
          13.209892,
          2.347938,
          0.420791
        ]
      ]
    },
    {
      "name": "bone_37",
      "parent": "bone_36",
      "initpos": [
        13.270053,
        -0.000009,
        0.000002
      ],
      "initquaternion": [
        -0.011526,
        0.15984,
        0.002342,
        0.987072
      ],
      "initscale": [
        0.999999,
        1,
        1
      ],
      "offmtx": [
        [
          -0.013274,
          0.348082,
          0.93737,
          -47.525085
        ],
        [
          -0.999679,
          0.015609,
          -0.019952,
          0.517784
        ],
        [
          -0.021576,
          -0.937333,
          0.347763,
          -4.989421
        ]
      ],
      "boundingbox": [
        [
          -0.253303,
          -4.164774,
          -0.325258
        ],
        [
          9.23936,
          3.76598,
          0.060096
        ]
      ]
    },
    {
      "name": "bone_38",
      "parent": "bone_37",
      "initpos": [
        9.435482,
        -0.000002,
        -0.000002
      ],
      "initquaternion": [
        -0.00771,
        0.040341,
        -0.013978,
        0.999058
      ],
      "initscale": [
        0.999999,
        0.999999,
        1
      ],
      "offmtx": [
        [
          0.017052,
          0.421721,
          0.906565,
          -56.36658
        ],
        [
          -0.999175,
          0.040605,
          -0.000094,
          -0.955508
        ],
        [
          -0.036851,
          -0.905815,
          0.422065,
          -9.568911
        ]
      ],
      "boundingbox": [
        [
          -0.45325,
          -4.955583,
          -1.449455
        ],
        [
          14.558113,
          4.656208,
          0.049146
        ]
      ]
    },
    {
      "name": "bone_39",
      "parent": "bone_25",
      "initpos": [
        0.507318,
        -2.227609,
        0
      ],
      "initquaternion": [
        0,
        -1.3645723129229737e-7,
        -0.358156,
        0.933661
      ],
      "initscale": [
        0.999999,
        0.999999,
        1
      ],
      "offmtx": [
        [
          6.22801678673568e-7,
          0.429158,
          0.903229,
          -18.100349
        ],
        [
          -2.1545932327171613e-7,
          -0.903229,
          0.429158,
          14.645676
        ],
        [
          1,
          -4.618897548880341e-7,
          -4.700665670043236e-7,
          0.000011
        ]
      ],
      "boundingbox": [
        [
          -0.3658,
          -1.645128,
          -6.085883
        ],
        [
          10.086613,
          1.219882,
          5.587225
        ]
      ]
    },
    {
      "name": "bone_40",
      "parent": "bone_25",
      "initpos": [
        4.887112,
        0.482267,
        0.916278
      ],
      "initquaternion": [
        -0.762137,
        -0.336849,
        -0.123731,
        0.538859
      ],
      "initscale": [
        0.999999,
        0.999999,
        0.999999
      ],
      "offmtx": [
        [
          0.551629,
          -0.575948,
          0.603313,
          1.234141
        ],
        [
          -0.738011,
          0,
          0.674787,
          -8.426136
        ],
        [
          -0.388643,
          -0.817485,
          -0.425056,
          20.110105
        ]
      ],
      "boundingbox": [
        [
          -1.857621,
          -2.267273,
          -1.136115
        ],
        [
          15.937913,
          1.164815,
          0.506209
        ]
      ]
    },
    {
      "name": "bone_41",
      "parent": "bone_40",
      "initpos": [
        16.405029,
        -0.000004,
        0.000005
      ],
      "initquaternion": [
        -0.01106,
        0.075816,
        -0.005089,
        0.997047
      ],
      "initscale": [
        0.999999,
        1,
        1
      ],
      "offmtx": [
        [
          0.6127,
          -0.445798,
          0.652581,
          -17.934122
        ],
        [
          -0.724247,
          0.013781,
          0.689401,
          -9.011223
        ],
        [
          -0.316327,
          -0.895026,
          -0.314424,
          17.399322
        ]
      ],
      "boundingbox": [
        [
          -0.624891,
          -1.67033,
          -0.598727
        ],
        [
          7.53446,
          1.54447,
          -0.043293
        ]
      ]
    },
    {
      "name": "bone_42",
      "parent": "bone_41",
      "initpos": [
        7.539823,
        0.000013,
        -0.000009
      ],
      "initquaternion": [
        0.001171,
        0.170861,
        -0.010671,
        0.985236
      ],
      "initscale": [
        0.999999,
        0.999999,
        0.999999
      ],
      "offmtx": [
        [
          0.698235,
          -0.118594,
          0.705976,
          -29.65331
        ],
        [
          -0.710527,
          0.005422,
          0.703648,
          -9.578321
        ],
        [
          -0.087276,
          -0.992927,
          -0.080478,
          7.861203
        ]
      ],
      "boundingbox": [
        [
          -0.033235,
          -2.824958,
          -0.296787
        ],
        [
          17.76159,
          2.81649,
          0.785462
        ]
      ]
    },
    {
      "name": "bone_43",
      "parent": "bone_25",
      "initpos": [
        4.885359,
        0.527853,
        1.538805
      ],
      "initquaternion": [
        -0.743381,
        -0.205946,
        -0.039224,
        0.635162
      ],
      "initscale": [
        0.999999,
        0.999999,
        1
      ],
      "offmtx": [
        [
          0.319935,
          -0.505695,
          0.801195,
          -2.636952
        ],
        [
          -0.92818,
          0.002345,
          0.372123,
          -3.626024
        ],
        [
          -0.19006,
          -0.862708,
          -0.468626,
          21.365633
        ]
      ],
      "boundingbox": [
        [
          -2.231708,
          -1.27563,
          -0.89186
        ],
        [
          20.330928,
          1.970028,
          0.292318
        ]
      ]
    },
    {
      "name": "bone_44",
      "parent": "bone_43",
      "initpos": [
        20.134437,
        -7.152557373046875e-7,
        -0.000005
      ],
      "initquaternion": [
        -0.019804,
        0.193675,
        -0.034895,
        0.980244
      ],
      "initscale": [
        0.999999,
        1,
        0.999999
      ],
      "offmtx": [
        [
          0.437676,
          -0.140326,
          0.888114,
          -28.814731
        ],
        [
          -0.89581,
          0.016778,
          0.44412,
          -6.115848
        ],
        [
          -0.077223,
          -0.989962,
          -0.118362,
          10.976472
        ]
      ],
      "boundingbox": [
        [
          0.059444,
          -2.076593,
          -0.089838
        ],
        [
          10.254674,
          2.69382,
          0.354026
        ]
      ]
    },
    {
      "name": "bone_45",
      "parent": "bone_44",
      "initpos": [
        10.363477,
        -0.000005,
        0.000007
      ],
      "initquaternion": [
        -0.009938,
        0.138491,
        -0.031222,
        0.989821
      ],
      "initscale": [
        1,
        0.999999,
        0.999999
      ],
      "offmtx": [
        [
          0.498994,
          0.135043,
          0.856018,
          -40.206634
        ],
        [
          -0.865851,
          0.036493,
          0.498968,
          -8.727358
        ],
        [
          0.036143,
          -0.990167,
          0.135137,
          -0.279734
        ]
      ],
      "boundingbox": [
        [
          -0.366664,
          -3.116837,
          -0.151394
        ],
        [
          16.965541,
          4.217302,
          0.557225
        ]
      ]
    },
    {
      "name": "bone_46",
      "parent": "bone_25",
