{
  "skeleton": [
    {
      "name": "root",
      "parent": "root",
      "initpos": [
        0,
        0,
        0
      ],
      "initquaternion": [
        0.707106,
        0,
        0,
        0.707106
      ],
      "initscale": [
        1,
        0.999999,
        0.999999
      ],
      "offmtx": [
        [
          1,
          0,
          0,
          0
        ],
        [
          0,
          1,
          0,
          0
        ],
        [
          0,
          0,
          1,
          0
        ]
      ],
      "boundingbox": [
        [
          0,
          0,
          0
        ],
        [
          0,
          0,
          0
        ]
      ]
    },
    {
      "name": "bone_01",
      "parent": "root",
      "initpos": [
        0,
        0,
        0
      ],
      "initquaternion": [
        0,
        0,
        0,
        1
      ],
      "initscale": [
        1,
        1,
        1
      ],
      "offmtx": [
        [
          1,
          0,
          0,
          0
        ],
        [
          0,
          0,
          0.999999,
          0
        ],
        [
          0,
          -0.999999,
          0,
          -4.276321021734475e-7
        ]
      ],
      "boundingbox": [
        [
          -3.423356,
          -3.452058,
          -13.017666
        ],
        [
          3.423355,
          8.487924,
          13.503211
        ]
      ]
    },
    {
      "name": "bone_02",
      "parent": "bone_01",
      "initpos": [
        0,
        0.528352,
        -5.77124
      ],
      "initquaternion": [
        0.132655,
        0.694552,
        0.132655,
        0.694552
      ],
      "initscale": [
        0.999999,
        0.999999,
        1
      ],
      "offmtx": [
        [
          0,
          0.92961,
          0.368544,
          -5.559724
        ],
        [
          2.252175050898586e-7,
          -0.368544,
          0.92961,
          1.635798
        ],
        [
          1,
          0,
          -2.312399516313235e-7,
          0
        ]
      ],
      "boundingbox": [
        [
          -0.098345,
          -0.774666,
          -0.142251
        ],
        [
          2.126116,
          0.659664,
          0.142251
        ]
      ]
    },
    {
      "name": "bone_03",
      "parent": "bone_02",
      "initpos": [
        2.095929,
        2.384185791015625e-7,
        2.762467943284719e-7
      ],
      "initquaternion": [
        2.3240123425694037e-7,
        0,
        -0.130906,
        0.991394
      ],
      "initscale": [
        1,
        1,
        1
      ],
      "offmtx": [
        [
          0,
          0.993408,
          0.114624,
          -7.817858
        ],
        [
          7.0974238042254e-7,
          -0.114624,
          0.993408,
          -0.407362
        ],
        [
          1,
          0,
          -7.118791813809366e-7,
          3.3017528267009766e-7
        ]
      ],
      "boundingbox": [
        [
          -0.100757,
          -0.33338,
          -0.142252
        ],
        [
          1.811596,
          0.820528,
          0.14225
        ]
      ]
    },
    {
      "name": "bone_04",
      "parent": "bone_03",
      "initpos": [
        1.810455,
        -2.384185791015625e-7,
        0
      ],
      "initquaternion": [
        0,
        0,
        0.003329,
        0.999994
      ],
      "initscale": [
        1,
        1,
        1
      ],
      "offmtx": [
        [
          0,
          0.992623,
          0.121236,
          -9.630813
        ],
        [
          5.148582431502291e-7,
          -0.121236,
          0.992623,
          -0.343241
        ],
        [
          1,
          0,
          -5.188411478229682e-7,
          2.6342408432356024e-7
        ]
      ],
      "boundingbox": [
        [
          -0.043609,
          -0.350211,
          -0.142252
        ],
        [
          3.307813,
          0.705287,
          0.14225
        ]
      ]
    },
    {
      "name": "bone_05",
      "parent": "bone_04",
      "initpos": [
        3.043041,
        0.000004,
        0
      ],
      "initquaternion": [
        0,
        0,
        0.049391,
        0.998779
      ],
      "initscale": [
        0.999999,
        0.999999,
        1
      ],
      "offmtx": [
        [
          1.1466287475059289e-7,
          0.975818,
          0.21858,
          -12.645885
        ],
        [
          5.060142029833514e-7,
          -0.21858,
          0.975818,
          0.908872
        ],
        [
          1,
          0,
          -5.188412046663871e-7,
          2.6736447011899145e-7
        ]
      ],
      "boundingbox": [
        [
          -0.021481,
          -0.227522,
          -0.142252
        ],
        [
          1.489614,
          0.134365,
          0.14225
        ]
      ]
    },
    {
      "name": "bone_06",
      "parent": "bone_01",
      "initpos": [
        -1.293128,
        1.11582,
        -4.825501
      ],
      "initquaternion": [
        -0.266534,
        0.136591,
        0.849092,
        0.435136
      ],
      "initscale": [
        1,
        1,
        0.999999
      ],
      "offmtx": [
        [
          -0.47923,
          0.571496,
          0.66613,
          -4.120744
        ],
        [
          -0.811755,
          0,
          -0.583997,
          -0.398068
        ],
        [
          -0.333752,
          -0.820604,
          0.463915,
          3.010598
        ]
      ],
      "boundingbox": [
        [
          -0.633545,
          -0.865051,
          -0.595192
        ],
        [
          2.843499,
          1.457758,
          0.78069
        ]
      ]
    },
    {
      "name": "bone_07",
      "parent": "bone_06",
      "initpos": [
        2.143258,
        2.384185791015625e-7,
        0
      ],
      "initquaternion": [
        -0.005014,
        0.075601,
        -0.1184,
        0.99007
      ],
      "initscale": [
        1,
        1,
        1
      ],
      "offmtx": [
        [
          -0.219817,
          0.670812,
          0.708301,
          -6.370263
        ],
        [
          -0.891658,
          0.156393,
          -0.424836,
          -1.934523
        ],
        [
          -0.395759,
          -0.724949,
          0.563757,
          2.034031
        ]
      ],
      "boundingbox": [
        [
          -0.285056,
          -0.600903,
          -0.224075
        ],
        [
          2.153069,
          0.847465,
          0.377756
        ]
      ]
    },
    {
      "name": "bone_09",
      "parent": "bone_01",
      "initpos": [
        -1.934504,
        0.703226,
        -3.968869
      ],
      "initquaternion": [
        0.321617,
        0.457749,
        0.823176,
        0.096997
      ],
      "initscale": [
        1,
        1,
        1
      ],
      "offmtx": [
        [
          -0.774307,
          -0.440694,
          0.454132,
          -0.068199
        ],
        [
          0.134748,
          -0.816008,
          -0.562113,
          3.894597
        ],
        [
          0.618296,
          -0.374054,
          0.691224,
          2.194583
        ]
      ],
      "boundingbox": [
        [
          -0.018205,
          -0.367649,
          -0.170096
        ],
        [
          0.732717,
          0.383574,
          0.212267
        ]
      ]
    },
    {
      "name": "bone_10",
      "parent": "bone_09",
      "initpos": [
        0.660333,
        0,
        -2.384185791015625e-7
      ],
      "initquaternion": [
        -0.139371,
        -0.115432,
        -0.348523,
        0.919664
      ],
      "initscale": [
        0.999999,
        0.999999,
        1
      ],
      "offmtx": [
        [
          -0.456267,
          0.059199,
          0.887871,
          -2.224296
        ],
        [
          -0.533255,
          -0.816964,
          -0.219562,
          1.92069
        ],
        [
          0.712361,
          -0.57364,
          0.404322,
          3.446492
        ]
      ],
      "boundingbox": [
        [
          -0.177582,
          -0.482246,
          -0.05773
        ],
        [
          0.586016,
          0.282961,
          0.106382
        ]
      ]
    },
    {
      "name": "bone_11",
      "parent": "bone_10",
      "initpos": [
        0.57845,
        -0.000001,
        -9.5367431640625e-7
      ],
      "initquaternion": [
        0.005557,
        0.011943,
        -0.208691,
        0.977892
      ],
      "initscale": [
        1,
        1,
        1
      ],
      "offmtx": [
        [
          -0.217105,
          0.402095,
          0.889485,
          -3.430001
        ],
        [
          -0.66887,
          -0.724958,
          0.164462,
          0.629223
        ],
        [
          0.710969,
          -0.559244,
          0.426342,
          3.355881
        ]
      ],
      "boundingbox": [
        [
          -0.047857,
          -0.422127,
          -0.056992
        ],
        [
          2.668831,
          0.18164,
          0.078223
        ]
      ]
    },
    {
      "name": "bone_12",
      "parent": "bone_11",
      "initpos": [
        2.676205,
        4.76837158203125e-7,
        -0.000001
      ],
      "initquaternion": [
        -0.096244,
        0.003061,
        0.035679,
        0.994713
      ],
      "initscale": [
        1,
        1,
        1
      ],
      "offmtx": [
        [
          -0.272846,
          0.35728,
          0.893255,
          -6.089743
        ],
        [
          -0.775212,
          -0.631502,
          0.015795,
          0.411169
        ],
        [
          0.569737,
          -0.688152,
          0.449271,
          3.419006
        ]
      ],
      "boundingbox": [
        [
          -0.016391,
          -0.179197,
          -0.051574
        ],
        [
          0.333781,
          0.176117,
          0.054145
        ]
      ]
    },
    {
      "name": "bone_13",
      "parent": "bone_01",
      "initpos": [
        1.292871,
        1.11582,
        -4.825501
      ],
      "initquaternion": [
        -0.136591,
        0.266533,
        0.435137,
        0.849092
      ],
      "initscale": [
        1,
        1,
        0.999999
      ],
      "offmtx": [
        [
          0.47923,
          0.571495,
          0.66613,
          -4.120619
        ],
        [
          -0.811755,
          0,
          0.583996,
          0.39786
        ],
        [
          0.333751,
          -0.820604,
          0.463915,
          3.010685
        ]
      ],
      "boundingbox": [
        [
          -0.633421,
          -1.457967,
          -0.595107
        ],
        [
          2.843622,
          0.864841,
          0.780776
        ]
      ]
    },
    {
      "name": "bone_14",
      "parent": "bone_13",
      "initpos": [
        2.143257,
        -0.000001,
        -0.000001
      ],
      "initquaternion": [
        0.005014,
        0.075601,
        0.1184,
        0.990071
      ],
      "initscale": [
        1,
        0.999999,
        0.999999
      ],
      "offmtx": [
        [
          0.219817,
          0.670811,
          0.708301,
          -6.370203
        ],
        [
          -0.891658,
          -0.156393,
          0.424837,
          1.934294
        ],
        [
          0.395759,
          -0.72495,
          0.563756,
          2.034135
        ]
      ],
      "boundingbox": [
        [
          -0.284998,
          -0.847694,
          -0.223973
        ],
        [
          2.153126,
          0.600675,
          0.377859
        ]
      ]
    },
    {
      "name": "bone_16",
      "parent": "bone_01",
      "initpos": [
        1.935495,
        0.703226,
        -3.968869
      ],
      "initquaternion": [
        -0.457749,
        -0.321617,
        0.096997,
        0.823176
      ],
      "initscale": [
        0.999999,
        1,
        1
      ],
      "offmtx": [
        [
          0.774307,
          -0.440694,
          0.454132,
          -0.068966
        ],
        [
          0.134748,
          0.816009,
          0.562113,
          -3.894731
        ],
        [
          -0.618296,
          -0.374054,
          0.691224,
          2.195196
        ]
      ],
      "boundingbox": [
        [
          -0.018973,
          -0.383707,
          -0.169482
        ],
        [
          0.73195,
          0.367515,
          0.21288
        ]
      ]
    },
    {
      "name": "bone_17",
      "parent": "bone_16",
      "initpos": [
        0.660332,
        7.152557373046875e-7,
        -2.384185791015625e-7
      ],
      "initquaternion": [
        0.139371,
        -0.115432,
        0.348523,
        0.919664
      ],
      "initscale": [
        1,
        0.999999,
        0.999999
      ],
      "offmtx": [
        [
          0.456267,
          0.059199,
          0.887871,
          -2.224749
        ],
        [
          -0.533255,
          0.816964,
          0.219562,
          -1.920162
        ],
        [
          -0.712361,
          -0.57364,
          0.404322,
          3.447198
        ]
      ],
      "boundingbox": [
        [
          -0.178033,
          -0.282433,
          -0.057023
        ],
        [
          0.585565,
          0.482774,
          0.107088
        ]
      ]
    },
    {
      "name": "bone_18",
      "parent": "bone_17",
      "initpos": [
        0.578451,
        7.152557373046875e-7,
        -0.000001
      ],
      "initquaternion": [
        -0.005557,
        0.011942,
        0.208691,
        0.977892
      ],
      "initscale": [
        1,
        1,
        0.999999
      ],
      "offmtx": [
        [
          0.217105,
          0.402095,
          0.889485,
          -3.430214
        ],
        [
          -0.66887,
          0.724958,
          -0.164462,
          -0.628561
        ],
        [
          -0.710969,
          -0.559244,
          0.426342,
          3.356586
        ]
      ],
      "boundingbox": [
        [
          -0.048072,
          -0.180978,
          -0.056288
        ],
        [
          2.668616,
          0.42279,
          0.078927
        ]
      ]
    },
    {
      "name": "bone_19",
      "parent": "bone_18",
      "initpos": [
        2.676205,
        0.000001,
        -0.000001
      ],
      "initquaternion": [
        0.096244,
        0.003061,
        -0.035679,
        0.994713
      ],
      "initscale": [
        0.999999,
        0.999999,
        0.999999
      ],
      "offmtx": [
        [
          0.272846,
          0.357279,
          0.893255,
          -6.090011
        ],
        [
          -0.775212,
          0.631503,
          -0.015795,
          -0.410405
        ],
        [
          -0.569737,
          -0.688152,
          0.44927,
          3.419573
        ]
      ],
      "boundingbox": [
        [
          -0.01666,
          -0.17535,
          -0.051008
        ],
        [
          0.333512,
          0.179965,
          0.05471
        ]
      ]
    },
    {
      "name": "bone_20",
      "parent": "bone_01",
      "initpos": [
        -0.607048,
        0.814317,
        -5.768574
      ],
      "initquaternion": [
        0.299923,
        0.640348,
        0.299923,
        0.640348
      ],
      "initscale": [
        0.999999,
        0.999999,
        0.999999
      ],
      "offmtx": [
        [
          0,
          0.640184,
          0.768221,
          -4.318527
        ],
        [
          0,
          -0.768221,
          0.640184,
          3.910227
        ],
        [
          1,
          0,
          0,
          0.607048
        ]
      ],
      "boundingbox": [
        [
          0.006351,
          -0.298005,
          -0.292951
        ],
        [
          3.30837,
          0.313189,
          0.30705
        ]
      ]
    },
    {
      "name": "bone_21",
      "parent": "bone_20",
      "initpos": [
        2.837006,
        0.00835,
        -0.549382
      ],
      "initquaternion": [
        0,
        0,
        -0.050462,
        0.998725
      ],
      "initscale": [
        0.999999,
        0.999999,
        1
      ],
      "offmtx": [
        [
          0,
          0.714358,
          0.69978,
          -7.512387
        ],
        [
          0,
          -0.69978,
          0.714358,
          3.160751
        ],
        [
          1,
          -1.327888270452604e-7,
          0,
          1.156432
        ]
      ],
      "boundingbox": [
        [
          -0.003812,
          -0.532808,
          -0.150331
        ],
        [
          1.092328,
          0.563331,
          0.149668
        ]
      ]
    },
    {
      "name": "bone_22",
      "parent": "bone_21",
      "initpos": [
        0.660089,
        -0.281434,
        -0.501084
      ],
      "initquaternion": [
        1.8893844355716283e-7,
        0,
        -0.106594,
        0.994302
      ],
      "initscale": [
        1,
        1,
        1
      ],
      "offmtx": [
        [
          2.0043660242663464e-7,
          0.846459,
          0.532452,
          -8.716413
        ],
        [
          3.1968579605745617e-7,
          -0.532452,
          0.846459,
          1.631607
        ],
        [
          1,
          0,
          -3.7732414170932316e-7,
          1.657518
        ]
      ],
      "boundingbox": [
        [
          -0.035154,
          -0.318198,
          -0.153334
        ],
        [
          1.18363,
          0.213667,
          0.146665
        ]
      ]
    },
    {
      "name": "bone_23",
      "parent": "bone_01",
      "initpos": [
        0.606951,
        0.814317,
        -5.768574
      ],
      "initquaternion": [
        -0.640348,
        -0.299923,
        0.640348,
        0.299922
      ],
      "initscale": [
        0.999999,
        0.999999,
        1
      ],
      "offmtx": [
        [
          -1.265913596171231e-7,
          0.640184,
          0.768221,
          -4.318527
        ],
        [
          2.6841348699235823e-7,
          0.768221,
          -0.640184,
          -3.910227
        ],
        [
          -1,
          1.2515910441379674e-7,
          -2.690842677566252e-7,
          0.60695
        ]
      ],
      "boundingbox": [
        [
          0.006351,
          -0.313189,
          -0.293049
        ],
        [
          3.30837,
          0.298005,
          0.306951
        ]
      ]
    },
    {
      "name": "bone_24",
      "parent": "bone_23",
      "initpos": [
        2.837007,
        -0.008351,
        -0.549382
      ],
      "initquaternion": [
        0,
        0,
        0.050462,
        0.998725
      ],
      "initscale": [
        0.999999,
        0.999999,
        1
      ],
      "offmtx": [
        [
          0,
          0.714358,
          0.69978,
          -7.51239
        ],
        [
          2.798065281695017e-7,
          0.69978,
          -0.714358,
          -3.160748
        ],
        [
          -1,
          1.2515910441379674e-7,
          -2.690842677566252e-7,
          1.156332
        ]
      ],
      "boundingbox": [
        [
          -0.003812,
          -0.563332,
          -0.15043
        ],
        [
          1.092328,
          0.532808,
          0.149569
        ]
      ]
    },
    {
      "name": "bone_25",
      "parent": "bone_24",
      "initpos": [
        0.660087,
        0.281435,
        -0.501085
      ],
      "initquaternion": [
        -2.2647981268164585e-7,
        -2.640645959672838e-7,
        0.106594,
        0.994302
      ],
      "initscale": [
        1,
        1,
        1
      ],
      "offmtx": [
        [
          -5.141694146004738e-7,
          0.84646,
          0.532451,
          -8.716412
        ],
        [
          8.010848659978365e-7,
          0.532451,
          -0.84646,
          -1.631605
        ],
        [
          -1,
          0,
          -9.518570891486888e-7,
          1.657422
        ]
      ],
      "boundingbox": [
        [
          -0.035154,
          -0.213668,
          -0.153433
        ],
        [
          1.18363,
          0.318197,
          0.146567
        ]
      ]
    },
    {
      "name": "Bone001",
      "parent": "bone_01",
      "initpos": [
        2.9516434096876765e-7,
        6.46403,
        0.835212
      ],
      "initquaternion": [
        -0.707105,
        0.001046,
        0.001046,
        0.707106
      ],
      "initscale": [
        0.999999,
        0.999999,
        1
      ],
      "offmtx": [
        [
          0.999995,
          0.002958,
          0,
          0.00247
        ],
        [
          -0.002958,
          0.999995,
          0.000002,
          0.835191
        ],
        [
          0,
          -0.000002,
          0.999999,
          -6.464033
        ]
      ],
      "boundingbox": [
        [
          -0.1196,
          0.000026,
          -0.094282
        ],
        [
          0.119602,
          0.000733,
          0.090491
        ]
      ]
    },
    {
      "name": "bind",
      "parent": "Bone001",
      "initpos": [
        0,
        0,
        0
      ],
      "initquaternion": [
        0,
        0,
        0,
        1
      ],
      "initscale": [
        1,
        1,
        1
      ],
      "offmtx": [
        [
          0.999995,
          0.002958,
          0,
          0.00247
        ],
        [
          -0.002958,
          0.999995,
          0.000002,
          0.835194
        ],
        [
          0,
          -0.000002,
          0.999999,
          -6.464034
        ]
      ],
      "boundingbox": [
        [
          -0.1196,
          0.000734,
          0.090491
        ],
        [
          -0.1196,
          0.000734,
          0.090491
        ]
      ]
    }
  ],
  "boundingbox": [
    [
      -3.489189,
      -13.50321,
      -3.452057
    ],
    [
      3.489189,
      14.028497,
      8.487922
    ]
  ]
}
