{"skeleton":[{"name":"root","parent":"root","initpos":[0.0,0.0,-0.0],"initquaternion":[0.707106,0.0,0.0,0.707106],"initscale":[1.0,0.999999,0.999999],"offmtx":[[1.0,0.0,0.0,0.0],[0.0,1.0,0.0,0.0],[0.0,0.0,1.0,0.0]],"boundingbox":[[0.0,0.0,0.0],[0.0,0.0,0.0]]},{"name":"Bone25","parent":"root","initpos":[-3.346374,-4.81044,-29.000028],"initquaternion":[-0.481052,0.518255,0.518254,0.481052],"initscale":[0.999999,0.999999,0.999999],"offmtx":[[-0.074353,0.997231,-2.6299821342945506e-07,-29.168571],[-0.997231,-0.074353,1e-06,-1.180839],[1e-06,3.931871219720051e-07,0.999999,4.810439]],"boundingbox":[[-0.033221,-0.564334,-0.689547],[2.968327,0.573566,1.310454]]},{"name":"Bone35","parent":"Bone25","initpos":[2.692916,-0.221971,1e-06],"initquaternion":[-0.0,0.0,-0.124418,0.992229],"initscale":[0.999999,0.999999,1.0],"offmtx":[[0.174167,0.984715,-6.895851356603089e-07,-30.63832],[-0.984716,0.174167,1e-06,-8.795886],[1e-06,4.2646121301004314e-07,0.999999,4.810435]],"boundingbox":[[0.013425,-0.556373,-0.689547],[1.909631,0.544624,0.310453]]},{"name":"Bone37","parent":"Bone35","initpos":[1.234748,-0.369681,-0.89624],"initquaternion":[0.0,-2.3279278593690833e-07,0.215953,0.976403],"initscale":[0.999999,0.999999,1.0],"offmtx":[[-0.257347,0.966319,4.631576473457244e-07,-32.453674],[-0.966319,-0.257347,1e-06,5.80109],[1e-06,-0.0,0.999999,5.706692]],"boundingbox":[[0.028566,-0.54948,-0.193304],[2.13025,0.553722,0.206696]]},{"name":"Bone28","parent":"Bone25","initpos":[2.71474,-0.050413,-0.171421],"initquaternion":[0.094007,-0.173073,0.421787,0.885044],"initscale":[1.0,0.999999,0.999999],"offmtx":[[-0.755527,0.529571,0.385658,-17.514755],[-0.566849,-0.823568,0.020403,24.235025],[0.32842,-0.203195,0.922415,12.187677]],"boundingbox":[[0.06879,-0.445262,-0.44625],[2.162059,0.405475,0.382276]]},{"name":"Bone32","parent":"root","initpos":[3.345999,-4.810437,-29.000026],"initquaternion":[-0.518255,0.481052,0.481053,0.518254],"initscale":[1.0,0.999999,0.999999],"offmtx":[[0.074353,0.997231,-1.3890726791032648e-07,-29.168531],[-0.997231,0.074353,-5.322282277120394e-07,1.180496],[-5.204268518355093e-07,1.780955614094637e-07,0.999999,4.81044]],"boundingbox":[[-0.033188,-0.573913,-0.68955],[2.966764,0.563953,1.310449]]},{"name":"Bone33","parent":"Bone32","initpos":[2.714742,0.050413,-0.171422],"initquaternion":[-0.094007,-0.173073,-0.421787,0.885044],"initscale":[0.999999,0.999999,1.0],"offmtx":[[0.755527,0.529571,0.385657,-17.514471],[-0.566849,0.823568,-0.020401,-24.235225],[-0.328419,-0.203195,0.922416,12.187565]],"boundingbox":[[0.084484,-0.505552,-0.360913],[2.220512,0.501064,0.482442]]},{"name":"Bone26","parent":"Bone32","initpos":[2.692928,0.221971,-0.0],"initquaternion":[0.0,0.0,0.124418,0.992229],"initscale":[0.999999,0.999999,1.0],"offmtx":[[-0.174168,0.984715,-2.6601566105455277e-07,-30.638376],[-0.984715,-0.174168,-4.814548333342827e-07,8.795543],[-5.204278181736299e-07,1.780955614094637e-07,0.999999,4.810439]],"boundingbox":[[0.013423,-0.494815,-0.689549],[1.909577,0.506187,0.310451]]},{"name":"Bone29","parent":"Bone26","initpos":[1.234745,0.369681,-0.896236],"initquaternion":[1.813051113686015e-07,-2.842801052338473e-07,-0.215953,0.976403],"initscale":[1.0,1.0,1.0],"offmtx":[[0.257346,0.966318,4.3867009935638634e-07,-32.453559],[-0.966319,0.257346,-0.0,-5.801422],[-1.823636779363369e-07,-4.053935640513373e-07,0.999999,5.706694]],"boundingbox":[[0.028438,-0.553722,-0.193312],[2.130112,0.549476,0.206686]]}],"boundingbox":[[-5.484764,28.957195,-5.899996],[5.458309,35.05257,-3.499995]]}