{"skeleton":[{"name":"root","parent":"root","initpos":[0.0,0.0,-0.0],"initquaternion":[0.707106,0.0,0.0,0.707106],"initscale":[1.0,0.999999,0.999999],"offmtx":[[1.0,0.0,0.0,0.0],[0.0,1.0,0.0,0.0],[0.0,0.0,1.0,0.0]],"boundingbox":[[0.0,0.0,0.0],[0.0,0.0,0.0]]},{"name":"Bone04","parent":"root","initpos":[-4e-06,-8.222673,-41.422798],"initquaternion":[-0.176522,-0.684719,0.176522,0.684718],"initscale":[1.0,0.999999,0.999999],"offmtx":[[-5.983778237350634e-07,-0.875359,0.483472,40.235263],[-0.0,0.483472,0.875359,-12.828987],[-1.0,4.822085770683771e-07,-3.6459579177972046e-07,-2.7e-05]],"boundingbox":[[-1.637869,-4.618612,-4.781023],[11.548347,11.626995,4.780938]]},{"name":"Bone05","parent":"Bone04","initpos":[8.736101,4.1e-05,-5.789607371298189e-07],"initquaternion":[0.0,0.0,-0.385655,0.922642],"initscale":[0.999999,0.999999,1.0],"offmtx":[[-3.591701442928752e-07,-0.959035,-0.283286,31.259128],[-4.862633318225562e-07,-0.283286,0.959035,13.403309],[-1.0,4.822085202249582e-07,-3.645958486231393e-07,-2.7e-05]],"boundingbox":[[-1.402504,-4.707798,-4.911621],[10.168311,8.238309,4.911602]]},{"name":"Bone06","parent":"Bone05","initpos":[8.811946,-1e-05,-4.099310899619013e-07],"initquaternion":[0.0,-0.0,0.263087,0.964772],"initscale":[0.999999,0.999999,1.0],"offmtx":[[-6.654540243289375e-07,-0.970082,0.242772,26.143857],[-2.3662107651034603e-07,0.242772,0.970082,0.152845],[-1.0,5.881009883523802e-07,-3.91096250496048e-07,-2.9e-05]],"boundingbox":[[-1.252227,-4.610966,-4.948785],[8.615773,10.905786,5.029776]]},{"name":"Bone07","parent":"Bone06","initpos":[7.202846,2.5e-05,-2.796077751554549e-07],"initquaternion":[0.0,-0.0,0.261677,0.965155],"initscale":[0.999999,0.999999,1.0],"offmtx":[[-8.928362262849987e-07,-0.7146,0.699532,16.424226],[1.319180569225864e-07,0.699532,0.7146,-9.435579],[-1.0,7.303026450244943e-07,-5.302992462929979e-07,-3.2e-05]],"boundingbox":[[-3.644536,-4.618448,-5.459406],[9.247646,5.569836,5.761219]]},{"name":"Bone08","parent":"Bone07","initpos":[8.653388,-2.7e-05,-1.5886325854808092e-07],"initquaternion":[4.928705266138422e-07,-6.633380849052628e-07,0.596406,0.802682],"initscale":[0.999999,0.999999,1.0],"offmtx":[[-1e-06,0.463533,0.886079,-6.791406],[8.929170576266188e-07,0.886079,-0.463533,-10.163285],[-1.0,-0.0,-1e-06,-2.1e-05]],"boundingbox":[[-3.564352,-4.586686,-5.48232],[10.969331,7.987246,5.48227]]},{"name":"Bone09","parent":"Bone08","initpos":[7.312557,-4e-06,-0.0],"initquaternion":[2e-06,-0.0,0.032743,0.999463],"initscale":[0.999999,0.999999,1.0],"offmtx":[[-2e-06,0.520534,0.853839,-14.738924],[-3e-06,0.853839,-0.520534,-9.218358],[-1.0,-4e-06,1.9383408300654992e-07,2.7e-05]],"boundingbox":[[0.156919,-4.853215,-5.482367],[12.872303,14.076954,5.482234]]},{"name":"Bone10","parent":"Bone09","initpos":[12.378126,0.0,-0.0],"initquaternion":[3e-06,-0.0,-0.005427,0.999985],"initscale":[0.999999,0.999999,1.0],"offmtx":[[-2e-06,0.511234,0.85944,-27.015384],[-1e-05,0.85944,-0.511234,-9.512194],[-1.0,-1e-05,3e-06,9.2e-05]],"boundingbox":[[-1.900466,-5.044331,-5.554994],[11.943874,11.737565,5.662363]]},{"name":"Bone11","parent":"Bone10","initpos":[10.719715,2e-06,-0.0],"initquaternion":[2e-06,2e-06,-0.232007,0.972713],"initscale":[0.999999,0.999999,1.0],"offmtx":[[8e-06,0.068285,0.997665,-29.379343],[-1.4e-05,0.997665,-0.068285,-25.52004],[-1.0,-1.4e-05,9e-06,4.8e-05]],"boundingbox":[[-2.048416,-5.033243,-5.550528],[11.40983,12.735173,5.525545]]},{"name":"Bone12","parent":"Bone11","initpos":[9.525854,0.0,-1.5256227925419807e-07],"initquaternion":[2.147020978782166e-07,-7.178484224823478e-07,-0.033202,0.999448],"initscale":[1.0,1.0,1.0],"offmtx":[[7e-06,0.001922,0.999997,-37.125732],[-1.4e-05,0.999997,-0.001922,-28.045824],[-1.0,-1.4e-05,7e-06,0.000114]],"boundingbox":[[-0.258811,-4.694192,-5.482343],[11.748668,13.836448,5.482343]]},{"name":"Bone13","parent":"Bone12","initpos":[10.809795,-1e-06,-2.1103187464177608e-07],"initquaternion":[2e-06,-9.590526133251842e-07,-0.172276,0.985048],"initscale":[1.0,1.0,1.0],"offmtx":[[1.1e-05,-0.337592,0.941291,-35.571311],[-1.6e-05,0.941291,0.337592,-42.650478],[-1.0,-1.9e-05,4e-06,0.000392]],"boundingbox":[[-1.111968,-4.652802,-5.444047],[11.558654,12.576265,5.444226]]},{"name":"Bone14","parent":"Bone13","initpos":[10.585815,0.0,-2.9226066544651985e-07],"initquaternion":[3e-06,-2e-06,-0.006387,0.999979],"initscale":[0.999999,0.999999,1.0],"offmtx":[[5e-06,-0.34959,0.936902,-45.608501],[-2.3e-05,0.936902,0.34959,-43.236667],[-1.0,-2.4e-05,-3e-06,0.000971]],"boundingbox":[[-1.321022,-4.372781,-4.44579],[9.219024,11.472454,4.446128]]},{"name":"Bone15","parent":"Bone14","initpos":[9.019916,0.0,-2.5151530280709267e-07],"initquaternion":[-8.732307037462306e-07,1e-06,-0.00313,0.999995],"initscale":[1.0,1.0,1.0],"offmtx":[[8e-06,-0.35545,0.934694,-54.356597],[-2.1e-05,0.934694,0.35545,-43.577892],[-1.0,-2.3e-05,-2.207218585681403e-07,0.000765]],"boundingbox":[[-0.840957,-4.151088,-4.452828],[9.838531,11.780088,4.453318]]},{"name":"Bone16","parent":"Bone15","initpos":[8.926059,7e-06,-2.4709152057766914e-07],"initquaternion":[2e-06,2e-06,0.137492,0.990502],"initscale":[0.999999,0.999999,1.0],"offmtx":[[5e-06,-0.087424,0.99617,-72.759529],[-2.8e-05,0.99617,0.087424,-24.693712],[-1.0,-2.8e-05,3e-06,0.000605]],"boundingbox":[[-0.225944,-3.737673,-4.153646],[7.939384,9.072567,4.154155]]},{"name":"Bone17","parent":"Bone16","initpos":[7.216667,1e-06,-1.474982127547264e-07],"initquaternion":[3e-06,-1e-06,0.133956,0.990987],"initscale":[0.999999,0.999999,1.0],"offmtx":[[-6e-06,0.180194,0.98363,-83.662094],[-3.5e-05,0.98363,-0.180194,-2.573927],[-1.0,-3.6e-05,4.6306749368341116e-07,0.000963]],"boundingbox":[[-0.222595,-2.898481,-2.953853],[6.155166,5.660564,2.954506]]},{"name":"Bone18","parent":"Bone17","initpos":[5.70922,-2e-05,-0.0],"initquaternion":[1e-06,-1e-06,0.070226,0.997531],"initscale":[0.999999,0.999999,1.0],"offmtx":[[-1.5e-05,0.31623,0.948681,-88.85041],[-3.6e-05,0.948681,-0.31623,9.97299],[-1.0,-3.9e-05,-2e-06,0.00131]],"boundingbox":[[-0.188095,-2.5454,-2.670712],[6.322898,5.227067,2.669865]]},{"name":"Bone19","parent":"Bone18","initpos":[5.18518,-3e-06,-0.0],"initquaternion":[2e-06,3e-06,0.09805,0.995181],"initscale":[1.0,1.0,1.0],"offmtx":[[-1.6e-05,0.495291,0.868726,-90.281196],[-3.8e-05,0.868726,-0.495291,28.132902],[-1.0,-4.1e-05,4e-06,0.000646]],"boundingbox":[[-0.15316,-2.222423,-2.670817],[5.674293,5.588817,2.671191]]},{"name":"Bone20","parent":"Bone19","initpos":[5.432556,9e-06,-0.0],"initquaternion":[2.761771611403674e-07,4e-06,0.096195,0.995362],"initscale":[0.999999,0.999999,1.0],"offmtx":[[-1.4e-05,0.652484,0.757801,-88.554969],[-3.6e-05,0.757801,-0.652484,45.941238],[-1.0,-3.6e-05,1.2e-05,-0.000221]],"boundingbox":[[-0.656471,-8.939117,-6.555732],[14.429107,9.165359,9.394302]]},{"name":"Bone21","parent":"Bone20","initpos":[4.516616,-7e-06,-0.0],"initquaternion":[2e-06,-3e-06,0.001656,0.999998],"initscale":[0.999999,0.999999,1.0],"offmtx":[[-2.2e-05,0.654992,0.755634,-92.918853],[-4.1e-05,0.755634,-0.654992,46.249404],[-1.0,-4.6e-05,1e-05,0.000255]],"boundingbox":[[-2.283172,-6.542541,-9.394392],[10.326591,1.804458,6.736572]]},{"name":"Bone22","parent":"Bone21","initpos":[4.358993,-7e-06,-5.462206900119781e-07],"initquaternion":[3e-06,-9.111525400840037e-07,-0.011414,0.999934],"initscale":[0.999999,0.999999,1.0],"offmtx":[[-2.3e-05,0.637571,0.770389,-98.308258],[-5e-05,0.770389,-0.637571,44.016674],[-1.0,-5.3e-05,1.4e-05,7.5e-05]],"boundingbox":[[-0.377052,-6.85997,-6.153214],[10.814292,7.47573,6.15277]]},{"name":"Bone23","parent":"Bone22","initpos":[6.677307,7e-06,0.0],"initquaternion":[-5.768329742750211e-07,-0.0,0.010315,0.999946],"initscale":[0.999999,0.999999,1.0],"offmtx":[[-2.4e-05,0.653328,0.757073,-104.055252],[-4.8e-05,0.757073,-0.653328,46.173049],[-1.0,-5.2e-05,1.3e-05,0.000129]],"boundingbox":[[-0.442848,-3.417114,-3.140747],[13.309844,3.254486,3.518644]]},{"name":"Bone34","parent":"Bone13","initpos":[4.810779,-0.004867,7.377164],"initquaternion":[-3e-06,-9e-06,-0.565021,0.825076],"initscale":[1.0,1.0,1.0],"offmtx":[[-4.289791490919015e-07,-0.999673,0.025516,25.163204],[-2.1208208522693894e-07,0.025516,0.999673,-53.067607],[-1.0,4.2342796291450213e-07,-2.2295927237792057e-07,-7.377031]],"boundingbox":[[-2.529659,-4.288402,-2.981936],[10.707637,12.170494,3.234344]]},{"name":"Bone35","parent":"Bone34","initpos":[7.654619,3e-06,4.76837158203125e-07],"initquaternion":[-0.0,-0.0,0.383285,0.923629],"initscale":[1.0,1.0,1.0],"offmtx":[[-5.289115847517678e-07,-0.687887,0.725816,-25.209087],[2.0843673098625004e-07,0.725816,0.687887,-49.872093],[-1.0,5.151187565388682e-07,-2.4051209379649663e-07,-7.377033]],"boundingbox":[[-0.624568,-3.403511,-2.46321],[12.770423,3.594417,2.672241]]},{"name":"Bone36","parent":"Bone35","initpos":[12.80038,-3e-06,4.76837158203125e-07],"initquaternion":[1.1978995928529912e-07,2.061402568642734e-07,-0.502435,0.864614],"initscale":[0.999999,0.999999,1.0],"offmtx":[[0.0,-0.971193,-0.238289,24.51103],[-3.5636773532132793e-07,-0.238289,0.971193,-57.716136],[-1.0,0.0,-3.5417508570390055e-07,-7.377021]],"boundingbox":[[-3.91506,-1.057197,-1.652133],[8.796522,4.347381,1.861162]]},{"name":"Bone31","parent":"Bone13","initpos":[4.810955,-0.005123,-7.377233],"initquaternion":[0.825076,-0.565021,9e-06,3e-06],"initscale":[1.0,1.0,1.0],"offmtx":[[-4.2897909224848263e-07,-0.999673,0.025516,25.163198],[7.763819667161442e-07,-0.025516,-0.999673,53.067611],[1.0,-4.0902884279603313e-07,7.87075521202496e-07,-7.377396]],"boundingbox":[[-2.529672,-12.17049,-2.982275],[10.707627,4.288414,3.234013]]},{"name":"Bone32","parent":"Bone31","initpos":[7.654617,0.0,1e-06],"initquaternion":[-0.0,-1.723608420434175e-07,-0.383285,0.923629],"initscale":[0.999999,0.999999,1.0],"offmtx":[[-4.795940640178742e-07,-0.687887,0.725816,-25.209087],[2.4471032133988047e-07,-0.725817,-0.687887,49.872089],[1.0,-1.522919603758055e-07,5.164309868632699e-07,-7.377388]],"boundingbox":[[-0.624572,-3.594432,-2.463543],[12.770412,3.403495,2.671903]]},{"name":"Bone33","parent":"Bone32","initpos":[12.80038,-3e-06,-2e-06],"initquaternion":[-2.2272075739238062e-07,0.0,0.502435,0.864614],"initscale":[0.999999,0.999999,1.0],"offmtx":[[-3.5067810699729307e-07,-0.971193,-0.23829,24.511054],[2.1203251776569232e-07,0.23829,-0.971193,57.716129],[1.0,-3.9110187799451523e-07,1.2236151292199793e-07,-7.377359]],"boundingbox":[[-3.915074,-4.347381,-1.652457],[8.796513,1.057205,1.860835]]},{"name":"Bone059","parent":"Bone13","initpos":[5.722858,-4.711868,0.000225],"initquaternion":[0.697074,0.716998,-1e-06,1e-05],"initscale":[1.0,1.0,1.0],"offmtx":[[0.0,0.950429,0.310939,-36.760154],[-2.2672264776701923e-07,-0.310939,0.950429,-42.346652],[1.0,-1.2382768943552946e-07,1.9803651696292945e-07,-4e-06]],"boundingbox":[[4.530597,2.810337,-4.445903],[6.759229,5.038982,-4.445901]]},{"name":"Bone058","parent":"Bone12","initpos":[5.2849,-5.080238,0.000112],"initquaternion":[0.693037,0.720901,-2e-06,8e-06],"initscale":[0.999999,0.999999,1.0],"offmtx":[[3.870662226290733e-07,0.999145,-0.041319,-21.276844],[-0.0,0.041319,0.999145,-43.28252],[1.0,-3.8447342376457527e-07,0.0,9e-06]],"boundingbox":[[3.203263,-4.901741,-5.482291],[8.654131,6.899597,5.482293]]},{"name":"Bone057","parent":"Bone11","initpos":[4.742406,-5.157213,3.2e-05],"initquaternion":[0.71659,0.697493,-2e-06,8e-06],"initscale":[0.999999,0.999999,0.999999],"offmtx":[[3.3071560778807907e-07,0.999145,-0.041319,-21.276842],[-0.0,0.041319,0.999145,-33.559436],[1.0,-3.2850945785867225e-07,0.0,7e-06]],"boundingbox":[[4.839513,0.125297,-5.48229],[8.109758,2.981067,5.48229]]},{"name":"Bone056","parent":"Bone10","initpos":[4.364639,-5.07631,-1.5e-05],"initquaternion":[0.718001,0.696041,-4e-06,3e-06],"initscale":[1.0,0.999999,0.999999],"offmtx":[[2.9312909077816585e-07,0.874901,-0.4843,-5.408176],[1.2591901565883745e-07,0.4843,0.874901,-31.227146],[1.0,-3.174418168327975e-07,0.0,8e-06]],"boundingbox":[[4.012172,-3.013486,-5.662431],[8.328783,4.977226,5.554866]]},{"name":"Bone055","parent":"Bone09","initpos":[5.809867,-4.667212,-2.6e-05],"initquaternion":[0.721769,0.692133,-2e-06,5.77315745431406e-07],"initscale":[0.999999,0.999999,0.999999],"offmtx":[[-0.0,0.874901,-0.4843,-5.408172],[1.521386394642832e-07,0.4843,0.874901,-20.340047],[1.0,-0.0,-1.472202910690612e-07,7e-06]],"boundingbox":[[3.745749,-5.685034,-5.482286],[9.337249,4.876309,5.482297]]},{"name":"Bone25","parent":"Bone08","initpos":[3.777585,3.170325,-8.062571],"initquaternion":[-6.20269702267251e-07,6.514370625154697e-07,-0.856313,0.516455],"initscale":[0.999999,0.999999,1.0],"offmtx":[[-3.4679715099628083e-07,-0.999993,-0.003404,16.724464],[-2.3830581596939737e-07,-0.003404,0.999993,-3.127489],[-1.0,3.47606487594021e-07,-2.3712389918273402e-07,8.062538]],"boundingbox":[[-7.282285,-3.573657,-5.775294],[9.596059,11.953084,6.116841]]},{"name":"Bone26","parent":"Bone25","initpos":[7.264434,7.152557373046875e-07,-9.5367431640625e-07],"initquaternion":[-0.0,-0.0,-0.380386,0.924827],"initscale":[0.999999,0.999999,1.0],"offmtx":[[-2.1331322841433575e-07,-0.708213,-0.705997,8.922867],[-4.1335857758895145e-07,-0.705997,0.708213,4.43348],[-1.0,4.429019213603169e-07,-1.421474991047944e-07,8.062537]],"boundingbox":[[-0.507282,-2.613945,-2.398323],[6.243409,1.545035,1.997504]]},{"name":"Bone27","parent":"Bone26","initpos":[5.902206,0.0,-9.5367431640625e-07],"initquaternion":[1.2147177130827913e-07,2.116868955681639e-07,-0.671651,0.740867],"initscale":[0.999999,0.999999,1.0],"offmtx":[[8.673596880726109e-07,0.633373,-0.773845,-4.116917],[-1.4833481998266507e-07,-0.773845,-0.633373,3.439646],[-1.0,6.641516847594175e-07,-5.772511713075801e-07,8.062536]],"boundingbox":[[-0.654184,-2.073805,-5.49919],[6.705655,5.104107,5.884645]]},{"name":"Bone28","parent":"Bone08","initpos":[2.720528,3.116832,7.780916],"initquaternion":[-0.350414,0.936594,5.789457873106585e-07,-7.092062332958449e-07],"initscale":[0.999999,0.999999,0.999999],"offmtx":[[-1.6282776016396383e-07,-0.931314,-0.364215,15.892951],[3.268154387114919e-07,0.364215,-0.931314,-3.775228],[1.0,-2.7067525820712035e-07,2.4506366003151925e-07,7.780946]],"boundingbox":[[-11.071747,-13.770184,-6.137685],[9.690979,3.210772,2.516948]]},{"name":"Bone29","parent":"Bone28","initpos":[6.825836,-9.5367431640625e-07,-9.5367431640625e-07],"initquaternion":[0.0,0.0,0.448036,0.894015],"initscale":[1.0,1.0,1.0],"offmtx":[[1.643564075948234e-07,-0.265641,-0.964071,2.402558],[3.260495020640519e-07,0.964071,-0.265641,-9.523265],[1.0,-2.706752297854109e-07,2.4506383056177583e-07,7.780947]],"boundingbox":[[-0.544823,-2.067922,-1.866329],[6.408936,1.586887,1.715915]]},{"name":"Bone30","parent":"Bone29","initpos":[5.590115,0.0,-4.76837158203125e-07],"initquaternion":[0.0,-0.0,0.632594,0.774483],"initscale":[1.0,1.0,1.0],"offmtx":[[4.3106913949486625e-07,0.891626,-0.45277,-9.96793],[-0.0,0.45277,0.891626,1.222067],[1.0,-3.409087980799086e-07,2.8072875579709944e-07,7.780948]],"boundingbox":[[-1.091197,-5.525144,-5.780781],[6.251408,1.720207,5.603056]]},{"name":"Bone054","parent":"Bone08","initpos":[3.790653,-4.503981,-2.8e-05],"initquaternion":[0.698719,0.715395,-3.1780848530615913e-07,-9.76936121332983e-07],"initscale":[0.999999,0.999999,0.999999],"offmtx":[[-0.0,0.874901,-0.4843,-5.408178],[0.0,0.4843,0.874901,-10.712577],[1.0,-0.0,-0.0,6e-06]],"boundingbox":[[7.063004,-4.765884,-5.482284],[11.105486,4.653353,5.482296]]},{"name":"Bone053","parent":"Bone07","initpos":[3.575144,-4.677607,-1.4e-05],"initquaternion":[0.706848,0.707364,-3.063778706291487e-07,-3.061543907278974e-07],"initscale":[0.999999,0.999999,1.0],"offmtx":[[1.325692267073464e-07,0.700053,0.71409,-4.767345],[-0.0,-0.71409,0.700053,12.845605],[1.0,-1.117206878120669e-07,-0.0,7e-06]],"boundingbox":[[1.076367,-5.843692,-5.761228],[9.675312,2.718428,5.457108]]},{"name":"Bone052","parent":"Bone06","initpos":[3.51263,-4.64302,-1.1e-05],"initquaternion":[0.70785,0.706361,-3.062985456381284e-07,0.0],"initscale":[0.999999,0.999999,0.999999],"offmtx":[[2.3881460720076575e-07,0.240728,0.970592,4.843518],[-2.755400885234849e-07,-0.970592,0.240728,22.621082],[1.0,-3.249267024330038e-07,-1.6546118786209263e-07,7e-06]],"boundingbox":[[3.906199,-4.383201,-5.029792],[8.793255,1.880759,5.029793]]},{"name":"Bone051","parent":"Bone05","initpos":[4.420385,-4.517951,-5e-06],"initquaternion":[0.712987,0.701176,-3.065136127133883e-07,0.0],"initscale":[0.999999,0.999999,0.999999],"offmtx":[[-0.0,-0.299265,0.954169,18.367053],[-2.0000204870029847e-07,-0.954169,-0.299265,26.535654],[1.0,-1.9543196572158195e-07,-0.0,8e-06]],"boundingbox":[[1.18017,-4.613908,-4.893608],[8.531879,4.801888,4.911614]]},{"name":"Bone050","parent":"Bone04","initpos":[4.240806,-4.217478,-7e-06],"initquaternion":[0.711647,0.702536,-3.064589577661536e-07,0.0],"initscale":[1.0,0.999999,0.999999],"offmtx":[[3.831159460787603e-07,0.472152,0.881516,-8.14699],[-2.0780565535005735e-07,-0.881516,0.472152,36.102443],[1.0,-3.640734860255179e-07,-2.396070044596854e-07,9e-06]],"boundingbox":[[1.441806,-4.103379,-4.911612],[8.25566,4.834333,4.905107]]},{"name":"Bone03","parent":"Bone04","initpos":[1.225105,1.141964,1e-06],"initquaternion":[-0.366406,0.930454,3.794432927861635e-07,1.068164863227139e-07],"initscale":[0.999998,0.999998,0.999999],"offmtx":[[9.731973023008322e-07,0.310662,-0.95052,-19.009536],[-2.1917735182341858e-07,0.95052,0.310662,-36.818744],[1.0,-0.0,9.931335398505325e-07,1.7e-05]],"boundingbox":[[-2.668523,-4.467391,-4.697066],[8.451643,6.951205,4.697143]]},{"name":"Bone01","parent":"Bone03","initpos":[8.657255,0.173156,-3e-06],"initquaternion":[2.2460191928530548e-07,-0.0,-0.335475,0.942048],"initscale":[1.0,1.0,1.0],"offmtx":[[8.926767804950941e-07,-0.360058,-0.932929,1.942124],[9.221217851518304e-07,0.932929,-0.360058,-46.152763],[1.0,-5.38858841991896e-07,1e-06,4.2e-05]],"boundingbox":[[-12.442186,-8.435729,-10.114995],[15.906558,11.057788,10.105745]]},{"name":"Bone44","parent":"Bone01","initpos":[14.129042,2.441955,-2.917167],"initquaternion":[0.282963,0.680636,-0.508169,0.445454],"initscale":[0.999999,1.0,1.0],"offmtx":[[-0.893972,0.096495,0.437608,6.07314],[-0.43966,0.0,-0.898163,-27.209396],[-0.086668,-0.995333,0.042425,41.72821]],"boundingbox":[[0.037858,-0.546573,-0.507602],[9.951553,0.124202,0.418455]]},{"name":"Bone45","parent":"Bone44","initpos":[9.897611,0.0,-0.0],"initquaternion":[0.002448,0.010394,-0.22822,0.97355],"initscale":[0.999999,0.999999,0.999999],"offmtx":[[-0.603454,0.10768,0.790093,7.773191],[-0.791157,0.042862,-0.610108,-26.073432],[-0.099562,-0.993261,0.059326,41.904357]],"boundingbox":[[0.047626,-0.043605,-0.418067],[10.11291,0.043123,0.419567]]},{"name":"Bone46","parent":"Bone45","initpos":[10.055763,1e-06,3e-06],"initquaternion":[0.003025,-0.015539,0.234506,0.971985],"initscale":[1.0,1.0,1.0],"offmtx":[[-0.900534,0.083905,0.426613,-12.588836],[-0.428829,-0.009553,-0.903334,-22.223424],[-0.071719,-0.996427,0.044584,42.292438]],"boundingbox":[[0.043362,-0.273109,-0.419666],[9.853958,0.866477,0.453585]]},{"name":"Bone067","parent":"Bone46","initpos":[9.834849,-1e-06,-7e-06],"initquaternion":[-0.00559,-0.001024,-0.225603,0.974202],"initscale":[0.999999,0.999999,0.999999],"offmtx":[[-0.620692,0.07506,0.780453,-10.181454],[-0.780257,0.038696,-0.624259,-30.25793],[-0.077057,-0.996427,0.034547,42.025566]],"boundingbox":[[0.094236,-1.247879,-0.449879],[12.400291,0.329288,0.448506]]},{"name":"Bone47","parent":"Bone01","initpos":[14.129042,2.441955,2.916999],"initquaternion":[0.445454,-0.508169,0.680636,0.282963],"initscale":[1.0,0.999999,1.0],"offmtx":[[0.893971,0.096494,0.43761,6.073359],[-0.439662,4.172327123797004e-07,0.898163,27.209312],[0.086667,-0.995333,0.042425,41.728248]],"boundingbox":[[0.019947,-0.115406,-0.509341],[9.933641,0.555362,0.416708]]},{"name":"Bone48","parent":"Bone47","initpos":[9.897613,1e-06,-7e-06],"initquaternion":[-0.002448,0.010394,0.22822,0.97355],"initscale":[0.999999,0.999999,0.999999],"offmtx":[[0.603453,0.107679,0.790094,7.773325],[-0.791158,-0.042861,0.610107,26.073261],[0.099561,-0.993261,0.059326,41.904403]],"boundingbox":[[0.03552,-0.027305,-0.420074],[10.100802,0.059415,0.417568]]},{"name":"Bone49","parent":"Bone48","initpos":[10.05576,0.0,3e-06],"initquaternion":[-0.003076,-0.015529,-0.231275,0.972759],"initscale":[0.999999,0.999999,0.999999],"offmtx":[[0.897663,0.083966,0.432608,-12.440664],[-0.434806,0.008995,0.900479,22.306495],[0.071718,-0.996428,0.044584,42.292491]],"boundingbox":[[0.025478,-0.890888,-0.421115],[9.837072,0.216476,0.452129]]},{"name":"Bone066","parent":"Bone49","initpos":[9.775522,0.0,-3e-06],"initquaternion":[0.0,0.0,0.241202,0.970474],"initscale":[0.999999,0.999999,1.0],"offmtx":[[0.589654,0.078408,0.80384,-9.188137],[-0.804465,-0.03136,0.593171,30.111734],[0.071718,-0.996428,0.044584,42.29248]],"boundingbox":[[0.11227,-0.873653,-0.411084],[12.388869,0.979084,0.461033]]},{"name":"Bone02","parent":"Bone01","initpos":[7.536441,-1.431758,-0.0],"initquaternion":[0.995623,-0.09345,-0.0,1.897703043596266e-07],"initscale":[0.999999,0.999999,0.999999],"offmtx":[[6.180711125125526e-07,-0.527372,-0.849634,2.82522],[-8.337096915056463e-07,-0.849634,0.527372,44.980926],[-1.0,3.8239477362367325e-07,-9.648098284742446e-07,-3.2e-05]],"boundingbox":[[-0.488918,-1.031387,-3.889282],[7.575983,4.411679,3.909466]]},{"name":"Bone068","parent":"Bone01","initpos":[3.364141,2.639701,7e-06],"initquaternion":[3.0111033311186475e-07,2.1397880800577695e-07,0.998038,-0.062607],"initscale":[0.999999,0.999999,1.0],"offmtx":[[-3.7308407740965777e-07,0.240647,0.970612,7.508487],[-4.1392050320609997e-07,-0.970612,0.240647,48.232273],[1.0,-3.1197467365018383e-07,4.6172883116923913e-07,1.1e-05]],"boundingbox":[[3.540293,-6.668433,-7.418306],[20.081085,7.387003,7.398117]]},{"name":"Bone072","parent":"Bone01","initpos":[3.263138,-1.607639,0.633392],"initquaternion":[0.278017,-0.650158,0.706654,0.025275],"initscale":[0.999999,0.999999,1.0],"offmtx":[[0.425788,-3.188474977378064e-07,0.904822,15.357754],[-0.904822,1.2994358655760152e-07,0.425788,7.927017],[-2.5333767439406074e-07,-0.999999,-2.331720025949835e-07,41.081829]],"boundingbox":[[-3.156095,-8.843902,-9.799214],[22.745573,3.674269,8.959705]]},{"name":"Bone070","parent":"Bone01","initpos":[3.44462,-1.537593,-2.477916],"initquaternion":[-0.018088,0.706875,-0.665978,0.237641],"initscale":[1.0,1.0,1.0],"offmtx":[[-0.311873,-1.2996800080600224e-07,0.950123,15.821886],[-0.950123,2.959159530746547e-07,-0.311873,-7.801461],[-2.4062325110207894e-07,-1.0,-2.15774036860239e-07,41.081844]],"boundingbox":[[-3.959293,-6.284307,-9.799196],[21.989778,8.085736,8.959727]]},{"name":"Bone063","parent":"Bone04","initpos":[38.804943,69.31295,-0.44543],"initquaternion":[-0.527301,0.849678,2.3542401095255627e-07,-4.420453478815034e-07],"initscale":[1.0,1.0,1.0],"offmtx":[[-1.6021171234115172e-07,-0.044648,-0.999002,72.97026],[-3.0467231226793956e-07,0.999002,-0.044648,-37.745056],[1.0,2.9721519467784674e-07,-1.7365510984745924e-07,-0.445396]],"boundingbox":[[-5.34407,-2.535938,-9.609025],[12.370914,6.08241,8.906268]]},{"name":"Bone064","parent":"Bone063","initpos":[-1.02806,0.278011,-0.445384],"initquaternion":[-0.0,-0.0,0.871568,0.490274],"initscale":[0.999999,0.999999,1.0],"offmtx":[[-1.77185356164955e-07,0.876946,0.480586,-70.919586],[1.2027919638057938e-07,-0.480586,0.876946,-43.496143],[1.0,2.131867944399346e-07,-0.0,-1.9e-05]],"boundingbox":[[-0.033702,-1.051826,-6.387783],[10.136695,1.301956,4.628814]]},{"name":"bind03","parent":"Bone063","initpos":[7.781806,1.164066,-0.445389],"initquaternion":[0.48871,0.51104,-0.51104,-0.48871],"initscale":[1.0,0.999999,0.999999],"offmtx":[[2.6171193212576327e-07,0.999999,0.0,-41.780891],[-1.0,2.617118752823444e-07,1.617304690171295e-07,-1.5e-05],[1.6173051164969365e-07,-0.0,0.999999,-63.386207]],"boundingbox":[[-1.21228,4.226227,7.852581],[-1.21228,4.226227,7.852581]]},{"name":"Bone060","parent":"Bone04","initpos":[24.926574,55.389862,-0.445407],"initquaternion":[-0.527301,0.849678,2.3542401095255627e-07,-4.420453478815034e-07],"initscale":[1.0,1.0,1.0],"offmtx":[[-1.6021171234115172e-07,-0.044648,-0.999002,54.333454],[-3.0467231226793956e-07,0.999002,-0.044648,-44.000537],[1.0,2.9721519467784674e-07,-1.7365510984745924e-07,-0.445388]],"boundingbox":[[-0.096015,-2.458886,-9.609013],[12.338825,1.353467,8.906279]]},{"name":"Bone061","parent":"Bone060","initpos":[-1.028053,0.278015,-0.445384],"initquaternion":[-0.0,-0.0,0.871568,0.490274],"initscale":[0.999999,0.999999,1.0],"offmtx":[[-1.77185356164955e-07,0.876946,0.480586,-66.588226],[1.2027919638057938e-07,-0.480586,0.876946,-24.320617],[1.0,2.131867944399346e-07,-0.0,-7e-06]],"boundingbox":[[0.04882,-1.064418,-6.38777],[10.219224,1.28936,6.36705]]},{"name":"bind02","parent":"Bone060","initpos":[7.875663,1.423992,-0.445385],"initquaternion":[0.48871,0.51104,-0.51104,-0.48871],"initscale":[1.0,0.999999,0.999999],"offmtx":[[2.6171193212576327e-07,0.999999,0.0,-47.453502],[-1.0,2.617118752823444e-07,1.617304690171295e-07,-2.2e-05],[1.6173051164969365e-07,-0.0,0.999999,-44.383316]],"boundingbox":[[-1.389345,4.226219,7.986564],[-1.389345,4.226219,7.986564]]},{"name":"Bone37","parent":"Bone04","initpos":[14.120513,35.837776,-1.5e-05],"initquaternion":[-0.546234,0.837632,3.3242096719732217e-07,-5.014117618884484e-07],"initscale":[1.0,1.0,1.0],"offmtx":[[-1.568244272220909e-07,-0.089427,-0.995993,34.003475],[-5.28216048678587e-07,0.995993,-0.089427,-43.522399],[1.0,5.120752462062228e-07,-2.034328900890614e-07,-1.6e-05]],"boundingbox":[[-1.070665,-1.763559,-13.037595],[16.206592,8.738009,13.037598]]},{"name":"Bone41","parent":"Bone37","initpos":[-4.667301,3.994014,1.621665433049202e-07],"initquaternion":[0.0,-0.0,0.88588,0.463913],"initscale":[0.999999,0.999999,1.0],"offmtx":[[-2.5741891818142904e-07,0.869585,0.493781,-61.081481],[3.423337204822019e-07,-0.493781,0.869585,-4.721416],[1.0,3.928859371171711e-07,-1.7057986667623481e-07,-1.1e-05]],"boundingbox":[[-1.829969,-0.806005,-7.360572],[10.327911,0.657005,7.360574]]},{"name":"Bone42","parent":"Bone41","initpos":[1.03828,0.281272,6.443324309657328e-07],"initquaternion":[-4.837200435758859e-07,0.0,-0.255357,0.966846],"initscale":[0.999999,0.999999,1.0],"offmtx":[[9.730607644087286e-07,0.999999,0.0,-51.548244],[-8.069447972047783e-07,0.0,0.999999,-35.02386],[1.0,-9.730605370350531e-07,8.069446835179406e-07,2.3e-05]],"boundingbox":[[-0.228737,-1.257415,-1.442614],[2.622129,1.593456,1.408252]]},{"name":"Bone39","parent":"Bone37","initpos":[9.611362,-1.665874,-12.997941],"initquaternion":[-0.25211,-0.058545,0.956659,0.133476],"initscale":[0.999999,0.999999,0.999999],"offmtx":[[-0.466739,0.358633,0.808415,-38.413932],[-0.179316,-0.933478,0.310585,32.238143],[0.866025,3.7252908668961027e-07,0.5,0.980885]],"boundingbox":[[-11.970373,-2.950041,-4.916189],[15.934213,0.766345,3.724234]]},{"name":"Bone38","parent":"Bone37","initpos":[9.913051,-0.964427,13.110699],"initquaternion":[0.113325,0.949137,-0.133275,-0.261788],"initscale":[0.999999,1.0,0.999999],"offmtx":[[0.466739,0.358633,0.808416,-38.413829],[-0.312328,0.92203,-0.228713,-32.3568],[-0.827409,-0.145741,0.542359,6.39031]],"boundingbox":[[-11.97026,-1.588755,-4.503057],[15.934343,2.574258,3.895262]]},{"name":"Bone40","parent":"Bone37","initpos":[22.527904,-3.06369,0.0],"initquaternion":[-0.0,-0.0,0.049471,0.998775],"initscale":[0.999999,0.999999,1.0],"offmtx":[[-2.0825584101658023e-07,0.009436,-0.999955,7.421216],[-6.312059781521384e-07,0.999955,0.009436,-41.394706],[1.0,6.331429176498204e-07,-2.022903800025233e-07,-2.1e-05]],"boundingbox":[[-0.413177,-1.570808,-5.688732],[1.383962,0.954879,5.688744]]},{"name":"bind","parent":"Bone37","initpos":[7.896724,1.99797,3e-06],"initquaternion":[0.477119,0.521878,-0.521877,-0.477119],"initscale":[0.999999,0.999999,0.999999],"offmtx":[[2.5307778628302913e-07,1.0,0.0,-47.672645],[-1.0,2.5307772943961027e-07,1.9150832031300524e-07,-1.6e-05],[1.915083629455694e-07,-0.0,1.0,-21.931404]],"boundingbox":[[-1.251289,4.226222,7.975515],[-1.251289,4.226222,7.975515]]}],"boundingbox":[[-34.615436,1.23631,-30.763544],[34.595252,59.505249,120.204551]]}