{"skeleton":[{"name":"root","parent":"root","initpos":[0.0,0.0,-0.0],"initquaternion":[0.707106,0.0,0.0,0.707106],"initscale":[1.0,0.999999,0.999999],"offmtx":[[1.0,0.0,0.0,0.0],[0.0,1.0,0.0,0.0],[0.0,0.0,1.0,0.0]],"boundingbox":[[0.0,0.0,0.0],[0.0,0.0,0.0]]},{"name":"bone_81","parent":"root","initpos":[-28.360946,1e-06,-19.134239],"initquaternion":[0.0,0.0,0.0,1.0],"initscale":[1.0,1.0,1.0],"offmtx":[[1.0,0.0,0.0,0.0],[0.0,1.0,0.0,0.0],[0.0,0.0,1.0,0.0]],"boundingbox":[[0.0,0.0,0.0],[0.0,0.0,0.0]]},{"name":"bone_63","parent":"bone_81","initpos":[0.196136,-2.833867256413214e-07,-1.490917],"initquaternion":[-0.29801,0.64124,0.64124,0.29801],"initscale":[0.999999,0.999999,0.999999],"offmtx":[[-0.644757,0.764386,-1.003234473273551e-07,-33.925075],[-0.764386,-0.644757,-5.914263851991564e-07,-8.230571],[-5.167628955859982e-07,-3.046410199658567e-07,0.999999,-7e-06]],"boundingbox":[[-1.426059,-1.216773,-0.229532],[13.570045,1.190674,-0.150624]]},{"name":"bone_71","parent":"bone_81","initpos":[0.196136,-2.833867256413214e-07,-1.490917],"initquaternion":[-0.241132,0.664721,0.664721,0.241132],"initscale":[1.0,0.999999,1.0],"offmtx":[[-0.767419,0.641144,-2.5696891725601745e-07,-34.837944],[-0.641144,-0.767419,1.288197495341592e-07,-2.229557],[-1.1461105486887391e-07,2.636130886912724e-07,0.999999,-8e-06]],"boundingbox":[[-0.355208,-1.208121,-0.508624],[13.565023,1.197025,0.81695]]},{"name":"bone_66","parent":"bone_81","initpos":[0.196136,-2.833867256413214e-07,-1.490917],"initquaternion":[-0.500011,0.499791,0.500011,0.500184],"initscale":[1.0,1.0,1.0],"offmtx":[[0.000555,0.999999,2.4571511403337354e-07,-20.609516],[-0.999999,0.000555,-0.00012,-28.176252],[-0.00012,-1.7882054237361444e-07,0.999999,-0.003389]],"boundingbox":[[4.104892,-1.166668,0.085942],[13.582738,1.238531,0.165133]]},{"name":"bone_72","parent":"bone_81","initpos":[0.196136,-2.833867256413214e-07,-1.490917],"initquaternion":[-0.542044,0.454079,0.454079,0.542043],"initscale":[0.999999,0.999999,0.999999],"offmtx":[[0.175246,0.984524,2.247681436529092e-07,-15.370177],[-0.984524,0.175246,-1e-06,-31.343444],[-1e-06,-0.0,0.999999,-3.3e-05]],"boundingbox":[[4.103344,-1.155613,0.164981],[13.582525,1.261721,0.24389]]},{"name":"bone_74","parent":"bone_81","initpos":[0.196136,-2.833867256413214e-07,-1.490917],"initquaternion":[-0.578299,0.406902,0.406903,0.578299],"initscale":[0.999999,1.0,1.0],"offmtx":[[0.33772,0.941246,3.009362217198941e-07,-9.901534],[-0.941246,0.33772,-2.3667352877509984e-07,-33.475559],[-3.2440044606119045e-07,-2.033257686662182e-07,0.999999,-4e-06]],"boundingbox":[[-1.417463,-1.201258,0.243883],[13.577437,1.192382,0.322793]]},{"name":"bone_73","parent":"bone_81","initpos":[0.196136,-2.833867256413214e-07,-1.490917],"initquaternion":[-0.4534,0.542612,0.542612,0.453399],"initscale":[1.0,0.999999,0.999999],"offmtx":[[-0.177713,0.984082,-0.0,-25.302108],[-0.984082,-0.177713,-5.285637598717585e-07,-24.051124],[-5.30906049789337e-07,-0.0,0.999999,-1.3e-05]],"boundingbox":[[-1.414303,-1.200853,0.007174],[13.579596,1.174526,0.086086]]},{"name":"bone_64","parent":"bone_81","initpos":[0.196136,-2.833867256413214e-07,-1.490917],"initquaternion":[-0.612341,0.353607,0.353607,0.612341],"initscale":[0.999999,0.999999,1.0],"offmtx":[[0.499847,0.866113,4.3756853074228275e-07,-3.785624],[-0.866113,0.499847,-5.376119247557654e-07,-34.70335],[-6.843505957476737e-07,-1.1026023827298559e-07,0.999999,-1.6e-05]],"boundingbox":[[4.100623,-1.150819,0.322787],[13.573281,1.23338,0.401698]]},{"name":"bone_62","parent":"bone_81","initpos":[0.196136,-2.833867256413214e-07,-1.490917],"initquaternion":[-0.640244,0.300144,0.300145,0.640244],"initscale":[0.999999,0.999999,0.999999],"offmtx":[[0.639652,0.768664,2.67242342033569e-07,2.16185],[-0.768664,0.639652,-1.2079095768058323e-07,-34.84222],[-2.637898433022201e-07,-1.281555626064801e-07,0.999999,-4e-06]],"boundingbox":[[4.094756,-1.19309,0.401687],[13.569271,1.205335,0.480595]]},{"name":"bone_75","parent":"bone_81","initpos":[0.196136,-2.833867256413214e-07,-1.490917],"initquaternion":[-0.664456,0.241861,0.241861,0.664456],"initscale":[1.0,1.0,0.999999],"offmtx":[[0.766011,0.642826,2.8361887416394893e-07,8.316179],[-0.642826,0.766011,2.1277831763200084e-07,-33.904197],[-0.0,-3.4530847869973513e-07,1.0,5e-06]],"boundingbox":[[-1.432088,-1.141139,0.480593],[13.56102,1.234865,0.559503]]},{"name":"bone_79","parent":"bone_81","initpos":[0.196136,-2.833867256413214e-07,-1.490917],"initquaternion":[-0.682931,0.183313,0.183313,0.682932],"initscale":[0.999999,0.999999,1.0],"offmtx":[[0.865584,0.500762,3.9948483276930347e-07,14.050704],[-0.500763,0.865584,3.087127424805658e-07,-31.956708],[-1.911958804612368e-07,-4.672642148761952e-07,0.999999,4e-06]],"boundingbox":[[4.083929,-1.14526,0.559494],[13.553239,1.22549,0.638402]]},{"name":"bone_86","parent":"bone_81","initpos":[0.196136,-2.833867256413214e-07,-1.490917],"initquaternion":[-0.696148,0.124005,0.124005,0.696148],"initscale":[0.999999,0.999999,0.999999],"offmtx":[[0.93849,0.345305,3.1105392395147646e-07,19.310436],[-0.345305,0.93849,2.2290755907761195e-07,-29.081962],[-2.1495007729299687e-07,-3.1660513855058525e-07,0.999999,9.508275979897007e-07]],"boundingbox":[[-4.130189,-1.714739,0.638397],[15.47655,1.216432,1.25758]]},{"name":"bone_70","parent":"bone_81","initpos":[0.196136,-2.833867256413214e-07,-1.490917],"initquaternion":[-0.183429,0.6829,0.6829,0.183429],"initscale":[0.999999,0.999999,0.999999],"offmtx":[[-0.865414,0.501057,-2.415375490727456e-07,-34.70861],[-0.501057,-0.865414,-4.775921524924343e-07,3.737117],[-4.4833109313913155e-07,-2.9229087772364437e-07,0.999999,-6e-06]],"boundingbox":[[-4.098931,-1.208564,-0.923024],[15.509593,1.70349,-0.308434]]},{"name":"bone_59","parent":"bone_81","initpos":[0.196136,-2.833867256413214e-07,-1.490917],"initquaternion":[-0.405211,0.579485,0.579485,0.405211],"initscale":[0.999999,1.0,0.999999],"offmtx":[[-0.343214,0.939257,0.0,-29.038885],[-0.939257,-0.343214,-7.268475314958778e-07,-19.375158],[-6.525316962324723e-07,-3.3201609994648607e-07,0.999999,-1.1e-05]],"boundingbox":[[4.105673,-1.196406,-0.071721],[13.576337,1.183144,0.007184]]},{"name":"bone_61","parent":"bone_81","initpos":[0.196136,-2.833867256413214e-07,-1.490917],"initquaternion":[-0.353433,0.612441,0.612441,0.353433],"initscale":[1.0,0.999999,0.999999],"offmtx":[[-0.500338,0.86583,1.1812121414322974e-07,-31.949806],[-0.86583,-0.500337,-4.2381535081403854e-07,-14.066392],[-3.078516215282434e-07,-3.143238700431539e-07,0.999999,-1e-06]],"boundingbox":[[4.100729,-1.199708,-0.150631],[13.574048,1.187158,-0.071723]]},{"name":"bone_108","parent":"bone_81","initpos":[2.935241,-0.556456,1.536741],"initquaternion":[0.498821,0.501175,0.501191,-0.498805],"initscale":[0.999999,0.999999,0.999999],"offmtx":[[-0.004739,-0.999988,0.0,17.476802],[0.999988,-0.004739,-3.1e-05,25.5088],[3.1e-05,-1.199886696667818e-07,0.999999,0.557258]],"boundingbox":[[-0.045794,-0.56338,-0.121256],[1.918163,0.56325,0.102778]]},{"name":"bone_106","parent":"bone_108","initpos":[3.316075,0.0,0.0],"initquaternion":[0.0,0.0,0.0,1.0],"initscale":[1.0,1.0,1.0],"offmtx":[[-0.004739,-0.999988,0.0,14.160725],[0.999988,-0.004739,-3.1e-05,25.508802],[3.1e-05,-1.1998865545592707e-07,0.999999,0.557258]],"boundingbox":[[-0.003231,-0.550113,-0.121257],[1.122068,0.575188,0.102779]]},{"name":"bone_111","parent":"bone_106","initpos":[1.147688,8.2e-05,-1.1920928955078125e-07],"initquaternion":[0.0,0.0,0.0,1.0],"initscale":[1.0,1.0,1.0],"offmtx":[[1.0,0.0,0.0,0.0],[0.0,1.0,0.0,0.0],[0.0,0.0,1.0,0.0]],"boundingbox":[[0.0,0.0,0.0],[0.0,0.0,0.0]]},{"name":"bone_124","parent":"bone_111","initpos":[1.084501,-1e-06,-1.1920928955078125e-07],"initquaternion":[0.0,0.0,0.0,1.0],"initscale":[1.0,1.0,1.0],"offmtx":[[-0.004739,-0.999988,0.0,11.928537],[0.999988,-0.004739,-3.1e-05,25.508726],[3.1e-05,-1.1998865545592707e-07,0.999999,0.557258]],"boundingbox":[[0.004551,-0.539573,-0.121256],[1.689842,0.588383,0.102778]]},{"name":"bone_136","parent":"bone_124","initpos":[1.681586,0.0,-2.980232238769531e-07],"initquaternion":[0.0,0.0,0.0,1.0],"initscale":[1.0,1.0,1.0],"offmtx":[[1.0,0.0,0.0,0.0],[0.0,1.0,0.0,0.0],[0.0,0.0,1.0,0.0]],"boundingbox":[[0.0,0.0,0.0],[0.0,0.0,0.0]]},{"name":"bone_141","parent":"bone_136","initpos":[1.697381,-3e-06,-2.980232238769531e-07],"initquaternion":[0.0,0.0,0.0,1.0],"initscale":[1.0,1.0,1.0],"offmtx":[[-0.004739,-0.999988,0.0,8.549567],[0.999988,-0.004739,-3.1e-05,25.508726],[3.1e-05,-1.1998865545592707e-07,0.999999,0.557259]],"boundingbox":[[-0.014455,-0.523649,-0.121257],[1.670836,0.604307,0.102778]]},{"name":"bone_138","parent":"root","initpos":[-36.566364,-0.155453,-35.954143],"initquaternion":[0.00219,0.707103,0.707103,-0.00219],"initscale":[0.999999,0.999999,0.999999],"offmtx":[[-0.99998,-0.006194,0.0,-36.342948],[0.006194,-0.99998,1.9470776635444054e-07,36.179958],[-0.0,1.9470571999136155e-07,0.999999,0.15545]],"boundingbox":[[0.072204,-1.838857,-0.50628],[4.668602,1.657415,0.444516]]},{"name":"bone_130","parent":"bone_138","initpos":[3.691104,0.0,-0.0],"initquaternion":[0.0,0.0,0.0,1.0],"initscale":[1.0,1.0,1.0],"offmtx":[[-0.99998,-0.006194,0.0,-40.034065],[0.006194,-0.99998,1.9470776635444054e-07,36.179946],[-0.0,1.9470571999136155e-07,0.999999,0.15545]],"boundingbox":[[0.222514,-0.341799,-0.180541],[2.242636,0.342676,0.155458]]},{"name":"bone_132","parent":"bone_130","initpos":[2.444908,0.0,0.0],"initquaternion":[0.0,0.0,0.0,1.0],"initscale":[1.0,1.0,1.0],"offmtx":[[-0.99998,-0.006194,0.0,-42.478973],[0.006194,-0.99998,1.9470776635444054e-07,36.179946],[-0.0,1.9470571999136155e-07,0.999999,0.15545]],"boundingbox":[[0.334926,-0.361802,-0.180541],[3.027037,0.326835,0.155458]]},{"name":"bone_129","parent":"bone_132","initpos":[3.267467,-7e-06,-0.0],"initquaternion":[0.0,0.0,0.0,1.0],"initscale":[1.0,1.0,1.0],"offmtx":[[-0.99998,-0.006194,0.0,-45.746437],[0.006194,-0.99998,1.9470776635444054e-07,36.179954],[-0.0,1.9470571999136155e-07,0.999999,0.15545]],"boundingbox":[[0.324039,-0.381967,-0.180541],[3.016151,0.30667,0.155458]]},{"name":"bone_125","parent":"bone_129","initpos":[3.200279,0.000289,-0.0],"initquaternion":[0.0,0.0,0.0,1.0],"initscale":[1.0,1.0,1.0],"offmtx":[[-0.99998,-0.006194,0.0,-48.946716],[0.006194,-0.99998,1.9470776635444054e-07,36.179668],[-0.0,1.9470571999136155e-07,0.999999,0.15545]],"boundingbox":[[0.349702,-0.402235,-0.180541],[3.041814,0.286401,0.155458]]},{"name":"bone_145","parent":"bone_125","initpos":[3.245304,-0.000221,-0.0],"initquaternion":[0.0,0.0,0.0,1.0],"initscale":[1.0,1.0,1.0],"offmtx":[[-0.99998,-0.006194,0.0,-52.192024],[0.006194,-0.99998,1.9470776635444054e-07,36.179885],[-0.0,1.9470571999136155e-07,0.999999,0.15545]],"boundingbox":[[0.336393,-0.413709,-0.180541],[1.68453,0.266602,0.155458]]},{"name":"bone_134","parent":"bone_145","initpos":[1.867084,-3e-06,-0.0],"initquaternion":[0.0,0.0,0.0,1.0],"initscale":[1.0,1.0,1.0],"offmtx":[[-0.99998,-0.006194,0.0,-54.059104],[0.006194,-0.99998,1.9470776635444054e-07,36.179885],[-0.0,1.9470571999136155e-07,0.999999,0.155451]],"boundingbox":[[0.32917,-0.433559,-0.180542],[3.021278,0.255078,0.155458]]},{"name":"bone_131","parent":"bone_134","initpos":[3.112274,1.5e-05,-0.0],"initquaternion":[0.0,0.0,0.0,1.0],"initscale":[1.0,1.0,1.0],"offmtx":[[-0.99998,-0.006194,0.0,-57.171382],[0.006194,-0.99998,1.9470776635444054e-07,36.179878],[-0.0,1.9470571999136155e-07,0.999999,0.15545]],"boundingbox":[[0.365587,-0.453067,-0.180542],[3.057706,0.23557,0.155458]]},{"name":"bone_139","parent":"bone_131","initpos":[3.244934,-7e-06,-0.0],"initquaternion":[0.0,0.0,0.0,1.0],"initscale":[1.0,1.0,1.0],"offmtx":[[-0.99998,-0.006194,0.0,-60.416313],[0.006194,-0.99998,1.9470776635444054e-07,36.179878],[-0.0,1.9470571999136155e-07,0.999999,0.15545]],"boundingbox":[[0.278255,-1.142536,-0.180542],[3.307441,0.877591,0.155458]]}],"boundingbox":[[-63.946533,7.001995,-0.92303],[-13.241578,37.773239,1.257579]]}