{"skeleton":[{"name":"RootNode","parent":"RootNode","initpos":[0.0,0.0,-0.0],"initquaternion":[0.0,0.0,0.0,1.0],"initscale":[1.0,1.0,1.0],"offmtx":[[1.0,0.0,0.0,0.0],[0.0,1.0,0.0,0.0],[0.0,0.0,1.0,0.0]],"boundingbox":[[0.0,0.0,0.0],[0.0,0.0,0.0]]},{"name":"root","parent":"RootNode","initpos":[0.0,0.0,-0.0],"initquaternion":[0.707106,0.0,0.0,0.707106],"initscale":[1.0,0.999999,0.999999],"offmtx":[[1.0,0.0,0.0,0.0],[0.0,1.0,0.0,0.0],[0.0,0.0,1.0,0.0]],"boundingbox":[[0.0,0.0,0.0],[0.0,0.0,0.0]]},{"name":"Bip001","parent":"root","initpos":[0.0,-0.153501,-11.606772],"initquaternion":[0.0,0.0,-0.707106,0.707107],"initscale":[0.999999,0.999999,1.0],"offmtx":[[1.0,0.0,0.0,0.0],[0.0,1.0,0.0,0.0],[0.0,0.0,1.0,0.0]],"boundingbox":[[0.0,0.0,0.0],[0.0,0.0,0.0]]},{"name":"Bip001 Pelvis","parent":"Bip001","initpos":[0.0,0.0,-0.0],"initquaternion":[0.5,0.5,-0.499999,0.5],"initscale":[0.999999,0.999999,0.999999],"offmtx":[[1.0,0.0,0.0,0.0],[0.0,1.0,0.0,0.0],[0.0,0.0,1.0,0.0]],"boundingbox":[[0.0,0.0,0.0],[0.0,0.0,0.0]]},{"name":"Bip001 Spine","parent":"Bip001 Pelvis","initpos":[0.444572,-0.010169,-6.306363502517343e-07],"initquaternion":[2e-06,6.936760428288835e-07,0.000398,0.999999],"initscale":[0.999999,0.999999,0.999999],"offmtx":[[1.0,0.0,0.0,0.0],[0.0,1.0,0.0,0.0],[0.0,0.0,1.0,0.0]],"boundingbox":[[0.0,0.0,0.0],[0.0,0.0,0.0]]},{"name":"Bone04","parent":"Bip001 Spine","initpos":[-0.188621,-0.145335,-0.006817],"initquaternion":[0.70701,-0.000254,-0.000366,0.707202],"initscale":[1.0,1.0,1.0],"offmtx":[[1.0,0.0,0.0,0.0],[0.0,1.0,0.0,0.0],[0.0,0.0,1.0,0.0]],"boundingbox":[[0.0,0.0,0.0],[0.0,0.0,0.0]]},{"name":"Bone061","parent":"Bone04","initpos":[12.703936,-4.208415,3.692683],"initquaternion":[0.541305,0.829952,0.030603,-0.131262],"initscale":[0.999999,0.999999,0.999999],"offmtx":[[-0.923246,-0.248566,0.292966,8.909784],[-0.259973,0.965615,5.140900611877441e-07,-22.626962],[-0.282893,-0.076163,-0.956122,6.592196]],"boundingbox":[[-1.10066,-5.288129,-2.815236],[8.844932,4.347835,3.956419]]},{"name":"Bone062","parent":"Bone061","initpos":[6.425079,-1e-06,1e-06],"initquaternion":[-0.023992,-0.066319,-0.339346,0.938014],"initscale":[0.999999,0.999999,0.999999],"offmtx":[[-0.612395,-0.747851,-0.256302,17.550548],[-0.790497,0.583077,0.187441,-15.799931],[0.009265,0.317395,-0.948248,-1.987667]],"boundingbox":[[-1.5255,-3.422097,-2.184088],[6.976733,4.300138,3.424006]]},{"name":"Bone063","parent":"Bone062","initpos":[4.144321,-1e-06,-9.5367431640625e-07],"initquaternion":[-0.0,2.469103890234692e-07,-0.229398,0.973332],"initscale":[1.0,1.0,1.0],"offmtx":[[-0.194935,-0.929521,-0.313031,19.050905],[-0.980772,0.187747,0.053259,-8.1503],[0.009265,0.317394,-0.948248,-1.98766]],"boundingbox":[[-0.504219,-1.959156,-1.689793],[5.854641,4.575871,2.804987]]},{"name":"Bone39","parent":"Bone04","initpos":[10.888159,2.342605,5.754553],"initquaternion":[0.471922,0.06645,0.879132,-2.9e-05],"initscale":[0.999999,1.0,1.0],"offmtx":[[3e-06,-0.999999,1.2e-05,23.561639],[1.0,3e-06,-7e-06,5.495791],[7e-06,1.2e-05,0.999999,-2.753996]],"boundingbox":[[-0.006475,-2.418114,-0.269045],[5.493551,3.844718,0.231072]]},{"name":"Bone44","parent":"Bone39","initpos":[5.484231,-2e-05,2e-05],"initquaternion":[-0.086352,-0.057684,0.001563,0.994592],"initscale":[0.999999,0.999999,1.0],"offmtx":[[1e-06,-0.999999,1.2e-05,18.077396],[1.0,1e-06,-7e-06,5.495841],[7e-06,1.2e-05,0.999999,-2.754002]],"boundingbox":[[0.009292,-2.4181,-0.848653],[6.009307,3.844725,0.231005]]},{"name":"Bone47","parent":"Bone44","initpos":[5.983777,-3e-05,-2.2e-05],"initquaternion":[0.004767,-0.104451,-0.058756,0.992781],"initscale":[1.0,1.0,0.999999],"offmtx":[[4e-06,-0.999999,1.5e-05,12.093671],[1.0,4e-06,-5e-06,5.495804],[5e-06,1.5e-05,0.999999,-2.75404]],"boundingbox":[[-0.908549,-2.418119,-0.848759],[6.578033,1.509628,0.230905]]},{"name":"Bone45","parent":"Bone47","initpos":[4.639648,-4.1e-05,-0.0],"initquaternion":[-0.000121,-0.020276,-0.028144,0.999398],"initscale":[0.999998,0.999999,1.0],"offmtx":[[2e-06,-0.999999,1.6e-05,7.453967],[1.0,2e-06,-3e-06,5.495891],[3e-06,1.6e-05,0.999999,-2.754061]],"boundingbox":[[-0.114137,-2.418056,-0.269275],[5.390226,1.088052,0.230834]]},{"name":"bone_00","parent":"Bone04","initpos":[12.185807,4.210507,5.847718],"initquaternion":[-0.27021,0.351782,0.46945,0.763447],"initscale":[1.0,0.999999,1.0],"offmtx":[[-0.18738,0.312766,-0.931163,-3.455863],[-0.032486,-0.949409,-0.312357,24.501621],[-0.98175,-0.028279,0.18806,-4.954829]],"boundingbox":[[-0.551996,-2.208283,-4.226956],[5.480665,2.777125,2.503237]]},{"name":"bone_05","parent":"bone_00","initpos":[3.653856,6.6e-05,-1.5e-05],"initquaternion":[-0.154836,0.114478,0.245717,0.950022],"initscale":[1.0,0.999999,1.0],"offmtx":[[0.115703,-0.163898,-0.979668,6.703778],[0.002584,-0.986239,0.165303,24.686035],[-0.99328,-0.021658,-0.113687,-4.592063]],"boundingbox":[[-2.457318,-1.930685,-1.680984],[4.408715,2.465845,2.333594]]},{"name":"bone_06","parent":"bone_05","initpos":[3.662504,-2.6e-05,-5e-06],"initquaternion":[-0.116611,0.337062,0.156241,0.921075],"initscale":[0.999999,1.0,0.999999],"offmtx":[[0.591,-0.699286,-0.402141,19.59263],[0.188104,-0.365309,0.911682,11.455827],[-0.784433,-0.614449,-0.084359,11.16377]],"boundingbox":[[-1.00336,-1.457988,-1.056768],[2.849261,0.472485,2.190415]]},{"name":"bone_07","parent":"bone_06","initpos":[3.135024,-7e-06,-5e-06],"initquaternion":[0.041908,0.179382,0.142528,0.972497],"initscale":[1.0,0.999999,1.0],"offmtx":[[0.695694,-0.718022,-0.021301,18.305583],[-0.194699,-0.217022,0.956552,7.044995],[-0.691449,-0.66132,-0.290779,11.916029]],"boundingbox":[[-0.432096,-0.927326,-1.581805],[2.762478,0.825006,1.948706]]},{"name":"bone_01","parent":"Bone04","initpos":[11.426527,-3.557172,5.558114],"initquaternion":[0.360003,0.271093,-0.460666,0.764651],"initscale":[1.0,0.999999,1.0],"offmtx":[[0.18738,0.312766,-0.931163,-3.455847],[-0.032486,0.949409,0.312357,-24.501621],[0.98175,-0.028279,0.188061,-4.95473]],"boundingbox":[[-0.308751,-1.805176,-1.923795],[6.002662,2.432122,2.191762]]},{"name":"bone_02","parent":"bone_01","initpos":[3.653883,9e-06,-7e-06],"initquaternion":[-0.019122,0.220228,-0.190221,0.956529],"initscale":[1.0,1.0,0.999999],"offmtx":[[-0.115703,-0.163898,-0.979668,6.703765],[0.002584,0.986239,-0.165303,-24.686038],[0.99328,-0.021658,-0.113687,-4.591963]],"boundingbox":[[-0.093101,-1.474021,-1.271344],[5.113305,1.930382,2.110449]]},{"name":"bone_03","parent":"bone_02","initpos":[3.662502,-2.4e-05,-1e-06],"initquaternion":[0.015614,0.453857,-0.194599,0.869425],"initscale":[0.999999,0.999999,1.0],"offmtx":[[-0.591,-0.699286,-0.402141,19.592569],[0.188104,0.365309,-0.911682,-11.455808],[0.784433,-0.614449,-0.084359,11.163848]],"boundingbox":[[-1.558901,-0.296193,-0.613796],[3.962791,1.436063,2.077179]]},{"name":"bone_04","parent":"bone_03","initpos":[3.135015,1.5e-05,4e-06],"initquaternion":[-0.091952,0.070055,-0.184878,0.975938],"initscale":[0.999999,0.999999,0.999999],"offmtx":[[-0.695694,-0.718022,-0.021301,18.305521],[-0.194699,0.217022,-0.956552,-7.045022],[0.691449,-0.66132,-0.290779,11.916103]],"boundingbox":[[-1.286239,-0.802318,-1.662382],[2.843562,0.950016,2.142383]]},{"name":"Bone05","parent":"RootNode","initpos":[-6.167002,24.088392,-1e-06],"initquaternion":[-0.0,1.4611093490657368e-07,-0.707106,0.707106],"initscale":[0.999999,1.0,0.999999],"offmtx":[[-1.9883736968040466e-07,-0.999999,1.9e-05,24.08839],[0.999999,-1.989848215089296e-07,-7e-06,6.167006],[7e-06,1.9e-05,0.999999,-0.000412]],"boundingbox":[[0.533354,-1.746958,-1.130478],[0.756057,4.515878,2.468007]]}],"boundingbox":[[-8.934434,2.063772,-3.863323],[7.331,27.35044,7.387204]]}