{"skeleton":[{"name":"root","parent":"root","initpos":[0.0,0.0,-0.0],"initquaternion":[0.707106,0.0,0.0,0.707106],"initscale":[1.0,0.999999,0.999999],"offmtx":[[1.0,0.0,0.0,0.0],[0.0,1.0,0.0,0.0],[0.0,0.0,1.0,0.0]],"boundingbox":[[0.0,0.0,0.0],[0.0,0.0,0.0]]},{"name":"Bone055","parent":"root","initpos":[3.500876,-4.897211,-29.08031],"initquaternion":[-0.49359,0.506327,0.506327,0.493591],"initscale":[1.0,0.999999,0.999999],"offmtx":[[-0.02547,0.999675,1.7881393432617188e-07,-28.981714],[-0.999675,-0.025469,-1e-06,4.240406],[-1e-06,-2.384185791015625e-07,1.0,4.89723]],"boundingbox":[[-0.093004,-0.623342,-0.602781],[4.897612,0.602741,1.39722]]},{"name":"Bone056","parent":"Bone055","initpos":[4.31508,0.110334,0.041839],"initquaternion":[-0.069784,0.261281,-0.285779,0.919343],"initscale":[1.0,1.0,1.0],"offmtx":[[0.543911,0.714209,-0.440528,-27.771621],[-0.839106,0.467771,-0.277651,-14.214717],[0.007765,0.520668,0.853723,-13.266059]],"boundingbox":[[0.144778,-0.526607,-0.484236],[2.031084,0.551965,0.505809]]},{"name":"Bone057","parent":"Bone056","initpos":[1.636114,-0.11952,-0.179168],"initquaternion":[-0.035005,-0.30891,0.234332,0.921106],"initscale":[0.999999,0.999999,0.999999],"offmtx":[[0.004281,0.999272,0.037892,-34.18795],[-0.96956,0.013425,-0.244485,2.28498],[-0.244815,-0.035692,0.968912,7.792268]],"boundingbox":[[-0.051974,-0.603476,-0.599712],[2.694509,0.602284,0.573593]]},{"name":"Bone059","parent":"Bone055","initpos":[1.941675,0.109763,-0.132788],"initquaternion":[-0.10606,-0.163456,-0.562829,0.803278],"initscale":[0.999999,0.999999,0.999999],"offmtx":[[0.861289,0.335054,0.381991,-11.349662],[-0.367749,0.929825,0.013604,-27.544506],[-0.350627,-0.152194,0.924065,10.540599]],"boundingbox":[[0.079972,-0.468259,-0.399744],[2.619833,0.462295,0.430902]]},{"name":"Bone060","parent":"Bone059","initpos":[2.143239,-0.352603,9.5367431640625e-07],"initquaternion":[0.007277,0.070471,0.576547,0.813986],"initscale":[1.0,0.999999,1.0],"offmtx":[[-0.028127,0.998852,0.038768,-31.059747],[-0.963397,-0.016744,-0.267552,4.520591],[-0.266595,-0.044874,0.962763,6.886139]],"boundingbox":[[0.143048,-0.560966,-0.444295],[2.166088,0.532642,0.612704]]},{"name":"Bone055(mirrored)","parent":"root","initpos":[-3.500998,-4.897211,-29.080312],"initquaternion":[-0.506326,0.493592,0.49359,0.506328],"initscale":[1.0,1.0,1.0],"offmtx":[[0.02547,0.999675,3.725290298461914e-07,-28.981708],[-0.999675,0.02547,2e-06,-4.240531],[2e-06,-3.8743019104003906e-07,1.0,4.897236]],"boundingbox":[[-0.093003,-0.602839,-0.602785],[4.89761,0.623245,1.397218]]},{"name":"Bone059(mirrored)","parent":"Bone055(mirrored)","initpos":[1.941663,-0.109763,-0.132784],"initquaternion":[0.10606,-0.163456,0.562829,0.803278],"initscale":[0.999999,0.999999,0.999999],"offmtx":[[-0.861289,0.335055,0.381992,-11.349777],[-0.367749,-0.929825,-0.013604,27.544456],[0.350627,-0.152194,0.924065,10.540648]],"boundingbox":[[0.079884,-0.46233,-0.399713],[2.619747,0.468224,0.430931]]},{"name":"Bone060(mirrored)","parent":"Bone059(mirrored)","initpos":[2.143239,0.352602,1e-06],"initquaternion":[-0.007276,0.07047,-0.576547,0.813986],"initscale":[1.0,0.999999,1.0],"offmtx":[[0.028127,0.998852,0.038768,-31.05973],[-0.963398,0.016744,0.267551,-4.520713],[0.266595,-0.044874,0.962763,6.886164]],"boundingbox":[[0.144272,-0.576312,-0.432219],[2.167319,0.517297,0.624782]]},{"name":"Bone056(mirrored)","parent":"Bone055(mirrored)","initpos":[4.31508,-0.110332,0.041839],"initquaternion":[0.069783,0.261282,0.285779,0.919343],"initscale":[0.999999,0.999999,0.999999],"offmtx":[[-0.543912,0.714208,-0.440528,-27.771677],[-0.839106,-0.467771,0.27765,14.214623],[-0.007766,0.520668,0.853723,-13.266056]],"boundingbox":[[0.144725,-0.552045,-0.484232],[2.031031,0.526526,0.505813]]},{"name":"Bone057(mirrored)","parent":"Bone056(mirrored)","initpos":[1.636112,0.119523,-0.179162],"initquaternion":[0.035005,-0.30891,-0.234332,0.921106],"initscale":[0.999999,0.999999,0.999999],"offmtx":[[-0.004281,0.999272,0.037893,-34.187934],[-0.969559,-0.013425,0.244486,-2.285085],[0.244817,-0.035693,0.968911,7.792313]],"boundingbox":[[-0.051971,-0.60128,-0.599976],[2.69451,0.60448,0.573333]]}],"boundingbox":[[-5.856066,28.999994,-6.246212],[5.88601,37.081291,-3.499997]]}