{
  "skeleton": [
    {
      "name": "root",
      "parent": "root",
      "initpos": [
        0,
        0,
        0
      ],
      "initquaternion": [
        0.707106,
        0,
        0,
        0.707106
      ],
      "initscale": [
        1,
        0.999999,
        0.999999
      ],
      "offmtx": [
        [
          1,
          0,
          0,
          0
        ],
        [
          0,
          1,
          0,
          0
        ],
        [
          0,
          0,
          1,
          0
        ]
      ],
      "boundingbox": [
        [
          0,
          0,
          0
        ],
        [
          0,
          0,
          0
        ]
      ]
    },
    {
      "name": "Bone04",
      "parent": "root",
      "initpos": [
        -0.000004,
        -8.222673,
        -41.422798
      ],
      "initquaternion": [
        -0.176522,
        -0.684719,
        0.176522,
        0.684718
      ],
      "initscale": [
        1,
        0.999999,
        0.999999
      ],
      "offmtx": [
        [
          -5.983778237350634e-7,
          -0.875359,
          0.483472,
          40.235263
        ],
        [
          0,
          0.483472,
          0.875359,
          -12.828987
        ],
        [
          -1,
          4.822085770683771e-7,
          -3.6459579177972046e-7,
          -0.000027
        ]
      ],
      "boundingbox": [
        [
          -1.637869,
          -4.618612,
          -4.781023
        ],
        [
          11.548347,
          11.626995,
          4.780938
        ]
      ]
    },
    {
      "name": "Bone05",
      "parent": "Bone04",
      "initpos": [
        8.736101,
        0.000041,
        -5.789607371298189e-7
      ],
      "initquaternion": [
        0,
        0,
        -0.385655,
        0.922642
      ],
      "initscale": [
        0.999999,
        0.999999,
        1
      ],
      "offmtx": [
        [
          -3.591701442928752e-7,
          -0.959035,
          -0.283286,
          31.259128
        ],
        [
          -4.862633318225562e-7,
          -0.283286,
          0.959035,
          13.403309
        ],
        [
          -1,
          4.822085202249582e-7,
          -3.645958486231393e-7,
          -0.000027
        ]
      ],
      "boundingbox": [
        [
          -1.402504,
          -4.707798,
          -4.911621
        ],
        [
          10.168311,
          8.238309,
          4.911602
        ]
      ]
    },
    {
      "name": "Bone06",
      "parent": "Bone05",
      "initpos": [
        8.811946,
        -0.00001,
        -4.099310899619013e-7
      ],
      "initquaternion": [
        0,
        0,
        0.263087,
        0.964772
      ],
      "initscale": [
        0.999999,
        0.999999,
        1
      ],
      "offmtx": [
        [
          -6.654540243289375e-7,
          -0.970082,
          0.242772,
          26.143857
        ],
        [
          -2.3662107651034603e-7,
          0.242772,
          0.970082,
          0.152845
        ],
        [
          -1,
          5.881009883523802e-7,
          -3.91096250496048e-7,
          -0.000029
        ]
      ],
      "boundingbox": [
        [
          -1.252227,
          -4.610966,
          -4.948785
        ],
        [
          8.615773,
          10.905786,
          5.029776
        ]
      ]
    },
    {
      "name": "Bone07",
      "parent": "Bone06",
      "initpos": [
        7.202846,
        0.000025,
        -2.796077751554549e-7
      ],
      "initquaternion": [
        0,
        0,
        0.261677,
        0.965155
      ],
      "initscale": [
        0.999999,
        0.999999,
        1
      ],
      "offmtx": [
        [
          -8.928362262849987e-7,
          -0.7146,
          0.699532,
          16.424226
        ],
        [
          1.319180569225864e-7,
          0.699532,
          0.7146,
          -9.435579
        ],
        [
          -1,
          7.303026450244943e-7,
          -5.302992462929979e-7,
          -0.000032
        ]
      ],
      "boundingbox": [
        [
          -3.644536,
          -4.618448,
          -5.459406
        ],
        [
          9.247646,
          5.569836,
          5.761219
        ]
      ]
    },
    {
      "name": "Bone08",
      "parent": "Bone07",
      "initpos": [
        8.653388,
        -0.000027,
        -1.5886325854808092e-7
      ],
      "initquaternion": [
        4.928705266138422e-7,
        -6.633380849052628e-7,
        0.596406,
        0.802682
      ],
      "initscale": [
        0.999999,
        0.999999,
        1
      ],
      "offmtx": [
        [
          -0.000001,
          0.463533,
          0.886079,
          -6.791406
        ],
        [
          8.929170576266188e-7,
          0.886079,
          -0.463533,
          -10.163285
        ],
        [
          -1,
          0,
          -0.000001,
          -0.000021
        ]
      ],
      "boundingbox": [
        [
          -3.564352,
          -4.586686,
          -5.48232
        ],
        [
          10.969331,
          7.987246,
          5.48227
        ]
      ]
    },
    {
      "name": "Bone09",
      "parent": "Bone08",
      "initpos": [
        7.312557,
        -0.000004,
        0
      ],
      "initquaternion": [
        0.000002,
        0,
        0.032743,
        0.999463
      ],
      "initscale": [
        0.999999,
        0.999999,
        1
      ],
      "offmtx": [
        [
          -0.000002,
          0.520534,
          0.853839,
          -14.738924
        ],
        [
          -0.000003,
          0.853839,
          -0.520534,
          -9.218358
        ],
        [
          -1,
          -0.000004,
          1.9383408300654992e-7,
          0.000027
        ]
      ],
      "boundingbox": [
        [
          0.156919,
          -4.853215,
          -5.482367
        ],
        [
          12.872303,
          14.076954,
          5.482234
        ]
      ]
    },
    {
      "name": "Bone10",
      "parent": "Bone09",
      "initpos": [
        12.378126,
        0,
        0
      ],
      "initquaternion": [
        0.000003,
        0,
        -0.005427,
        0.999985
      ],
      "initscale": [
        0.999999,
        0.999999,
        1
      ],
      "offmtx": [
        [
          -0.000002,
          0.511234,
          0.85944,
          -27.015384
        ],
        [
          -0.00001,
          0.85944,
          -0.511234,
          -9.512194
        ],
        [
          -1,
          -0.00001,
          0.000003,
          0.000092
        ]
      ],
      "boundingbox": [
        [
          -1.900466,
          -5.044331,
          -5.554994
        ],
        [
          11.943874,
          11.737565,
          5.662363
        ]
      ]
    },
    {
      "name": "Bone11",
      "parent": "Bone10",
      "initpos": [
        10.719715,
        0.000002,
        0
      ],
      "initquaternion": [
        0.000002,
        0.000002,
        -0.232007,
        0.972713
      ],
      "initscale": [
        0.999999,
        0.999999,
        1
      ],
      "offmtx": [
        [
          0.000008,
          0.068285,
          0.997665,
          -29.379343
        ],
        [
          -0.000014,
          0.997665,
          -0.068285,
          -25.52004
        ],
        [
          -1,
          -0.000014,
          0.000009,
          0.000048
        ]
      ],
      "boundingbox": [
        [
          -2.048416,
          -5.033243,
          -5.550528
        ],
        [
          11.40983,
          12.735173,
          5.525545
        ]
      ]
    },
    {
      "name": "Bone12",
      "parent": "Bone11",
      "initpos": [
        9.525854,
        0,
        -1.5256227925419807e-7
      ],
      "initquaternion": [
        2.147020978782166e-7,
        -7.178484224823478e-7,
        -0.033202,
        0.999448
      ],
      "initscale": [
        1,
        1,
        1
      ],
      "offmtx": [
        [
          0.000007,
          0.001922,
          0.999997,
          -37.125732
        ],
        [
          -0.000014,
          0.999997,
          -0.001922,
          -28.045824
        ],
        [
          -1,
          -0.000014,
          0.000007,
          0.000114
        ]
      ],
      "boundingbox": [
        [
          -0.258811,
          -4.694192,
          -5.482343
        ],
        [
          11.748668,
          13.836448,
          5.482343
        ]
      ]
    },
    {
      "name": "Bone13",
      "parent": "Bone12",
      "initpos": [
        10.809795,
        -0.000001,
        -2.1103187464177608e-7
      ],
      "initquaternion": [
        0.000002,
        -9.590526133251842e-7,
        -0.172276,
        0.985048
      ],
      "initscale": [
        1,
        1,
        1
      ],
      "offmtx": [
        [
          0.000011,
          -0.337592,
          0.941291,
          -35.571311
        ],
        [
          -0.000016,
          0.941291,
          0.337592,
          -42.650478
        ],
        [
          -1,
          -0.000019,
          0.000004,
          0.000392
        ]
      ],
      "boundingbox": [
        [
          -1.111968,
          -4.652802,
          -5.444047
        ],
        [
          11.558654,
          12.576265,
          5.444226
        ]
      ]
    },
    {
      "name": "Bone14",
      "parent": "Bone13",
      "initpos": [
        10.585815,
        0,
        -2.9226066544651985e-7
      ],
      "initquaternion": [
        0.000003,
        -0.000002,
        -0.006387,
        0.999979
      ],
      "initscale": [
        0.999999,
        0.999999,
        1
      ],
      "offmtx": [
        [
          0.000005,
          -0.34959,
          0.936902,
          -45.608501
        ],
        [
          -0.000023,
          0.936902,
          0.34959,
          -43.236667
        ],
        [
          -1,
          -0.000024,
          -0.000003,
          0.000971
        ]
      ],
      "boundingbox": [
        [
          -1.321022,
          -4.372781,
          -4.44579
        ],
        [
          9.219024,
          11.472454,
          4.446128
        ]
      ]
    },
    {
      "name": "Bone15",
      "parent": "Bone14",
      "initpos": [
        9.019916,
        0,
        -2.5151530280709267e-7
      ],
      "initquaternion": [
        -8.732307037462306e-7,
        0.000001,
        -0.00313,
        0.999995
      ],
      "initscale": [
        1,
        1,
        1
      ],
      "offmtx": [
        [
          0.000008,
          -0.35545,
          0.934694,
          -54.356597
        ],
        [
          -0.000021,
          0.934694,
          0.35545,
          -43.577892
        ],
        [
          -1,
          -0.000023,
          -2.207218585681403e-7,
          0.000765
        ]
      ],
      "boundingbox": [
        [
          -0.840957,
          -4.151088,
          -4.452828
        ],
        [
          9.838531,
          11.780088,
          4.453318
        ]
      ]
    },
    {
      "name": "Bone16",
      "parent": "Bone15",
      "initpos": [
        8.926059,
        0.000007,
        -2.4709152057766914e-7
      ],
      "initquaternion": [
        0.000002,
        0.000002,
        0.137492,
        0.990502
      ],
      "initscale": [
        0.999999,
        0.999999,
        1
      ],
      "offmtx": [
        [
          0.000005,
          -0.087424,
          0.99617,
          -72.759529
        ],
        [
          -0.000028,
          0.99617,
          0.087424,
          -24.693712
        ],
        [
          -1,
          -0.000028,
          0.000003,
          0.000605
        ]
      ],
      "boundingbox": [
        [
          -0.225944,
          -3.737673,
          -4.153646
        ],
        [
          7.939384,
          9.072567,
          4.154155
        ]
      ]
    },
    {
      "name": "Bone17",
      "parent": "Bone16",
      "initpos": [
        7.216667,
        0.000001,
        -1.474982127547264e-7
      ],
      "initquaternion": [
        0.000003,
        -0.000001,
        0.133956,
        0.990987
      ],
      "initscale": [
        0.999999,
        0.999999,
        1
      ],
      "offmtx": [
        [
          -0.000006,
          0.180194,
          0.98363,
          -83.662094
        ],
        [
          -0.000035,
          0.98363,
          -0.180194,
          -2.573927
        ],
        [
          -1,
          -0.000036,
          4.6306749368341116e-7,
          0.000963
        ]
      ],
      "boundingbox": [
        [
          -0.222595,
          -2.898481,
          -2.953853
        ],
        [
          6.155166,
          5.660564,
          2.954506
        ]
      ]
    },
    {
      "name": "Bone18",
      "parent": "Bone17",
      "initpos": [
        5.70922,
        -0.00002,
        0
      ],
      "initquaternion": [
        0.000001,
        -0.000001,
        0.070226,
        0.997531
      ],
      "initscale": [
        0.999999,
        0.999999,
        1
      ],
      "offmtx": [
        [
          -0.000015,
          0.31623,
          0.948681,
          -88.85041
        ],
        [
          -0.000036,
          0.948681,
          -0.31623,
          9.97299
        ],
        [
          -1,
          -0.000039,
          -0.000002,
          0.00131
        ]
      ],
      "boundingbox": [
        [
          -0.188095,
          -2.5454,
          -2.670712
        ],
        [
          6.322898,
          5.227067,
          2.669865
        ]
      ]
    },
    {
      "name": "Bone19",
      "parent": "Bone18",
      "initpos": [
        5.18518,
        -0.000003,
        0
      ],
      "initquaternion": [
        0.000002,
        0.000003,
        0.09805,
        0.995181
      ],
      "initscale": [
        1,
        1,
        1
      ],
      "offmtx": [
        [
          -0.000016,
          0.495291,
          0.868726,
          -90.281196
        ],
        [
          -0.000038,
          0.868726,
          -0.495291,
          28.132902
        ],
        [
          -1,
          -0.000041,
          0.000004,
          0.000646
        ]
      ],
      "boundingbox": [
        [
          -0.15316,
          -2.222423,
          -2.670817
        ],
        [
          5.674293,
          5.588817,
          2.671191
        ]
      ]
    },
    {
      "name": "Bone20",
      "parent": "Bone19",
      "initpos": [
        5.432556,
        0.000009,
        0
      ],
      "initquaternion": [
        2.761771611403674e-7,
        0.000004,
        0.096195,
        0.995362
      ],
      "initscale": [
        0.999999,
        0.999999,
        1
      ],
      "offmtx": [
        [
          -0.000014,
          0.652484,
          0.757801,
          -88.554969
        ],
        [
          -0.000036,
          0.757801,
          -0.652484,
          45.941238
        ],
        [
          -1,
          -0.000036,
          0.000012,
          -0.000221
        ]
      ],
      "boundingbox": [
        [
          -0.656471,
          -8.939117,
          -6.555732
        ],
        [
          14.429107,
          9.165359,
          9.394302
        ]
      ]
    },
    {
      "name": "Bone21",
      "parent": "Bone20",
      "initpos": [
        4.516616,
        -0.000007,
        0
      ],
      "initquaternion": [
        0.000002,
        -0.000003,
        0.001656,
        0.999998
      ],
      "initscale": [
        0.999999,
        0.999999,
        1
      ],
      "offmtx": [
        [
          -0.000022,
          0.654992,
          0.755634,
          -92.918853
        ],
        [
          -0.000041,
          0.755634,
          -0.654992,
          46.249404
        ],
        [
          -1,
          -0.000046,
          0.00001,
          0.000255
        ]
      ],
      "boundingbox": [
        [
          -2.283172,
          -6.542541,
          -9.394392
        ],
        [
          10.326591,
          1.804458,
          6.736572
        ]
      ]
    },
    {
      "name": "Bone22",
      "parent": "Bone21",
      "initpos": [
        4.358993,
        -0.000007,
        -5.462206900119781e-7
      ],
      "initquaternion": [
        0.000003,
        -9.111525400840037e-7,
        -0.011414,
        0.999934
      ],
      "initscale": [
        0.999999,
        0.999999,
        1
      ],
      "offmtx": [
        [
          -0.000023,
          0.637571,
          0.770389,
          -98.308258
        ],
        [
          -0.00005,
          0.770389,
          -0.637571,
          44.016674
        ],
        [
          -1,
          -0.000053,
          0.000014,
          0.000075
        ]
      ],
      "boundingbox": [
        [
          -0.377052,
          -6.85997,
          -6.153214
        ],
        [
          10.814292,
          7.47573,
          6.15277
        ]
      ]
    },
    {
      "name": "Bone23",
      "parent": "Bone22",
      "initpos": [
        6.677307,
        0.000007,
        0
      ],
      "initquaternion": [
        -5.768329742750211e-7,
        0,
        0.010315,
        0.999946
      ],
      "initscale": [
        0.999999,
        0.999999,
        1
      ],
      "offmtx": [
        [
          -0.000024,
          0.653328,
          0.757073,
          -104.055252
        ],
        [
          -0.000048,
          0.757073,
          -0.653328,
          46.173049
        ],
        [
          -1,
          -0.000052,
          0.000013,
          0.000129
        ]
      ],
      "boundingbox": [
        [
          -0.442848,
          -3.417114,
          -3.140747
        ],
        [
          13.309844,
          3.254486,
          3.518644
        ]
      ]
    },
    {
      "name": "Bone34",
      "parent": "Bone13",
      "initpos": [
        4.810779,
        -0.004867,
        7.377164
      ],
      "initquaternion": [
        -0.000003,
        -0.000009,
        -0.565021,
        0.825076
      ],
      "initscale": [
        1,
        1,
        1
      ],
      "offmtx": [
        [
          -4.289791490919015e-7,
          -0.999673,
          0.025516,
          25.163204
        ],
        [
          -2.1208208522693894e-7,
          0.025516,
          0.999673,
          -53.067607
        ],
        [
          -1,
          4.2342796291450213e-7,
          -2.2295927237792057e-7,
          -7.377031
        ]
      ],
      "boundingbox": [
        [
          -2.529659,
          -4.288402,
          -2.981936
        ],
        [
          10.707637,
          12.170494,
          3.234344
        ]
      ]
    },
    {
      "name": "Bone35",
      "parent": "Bone34",
      "initpos": [
        7.654619,
        0.000003,
        4.76837158203125e-7
      ],
      "initquaternion": [
        0,
        0,
        0.383285,
        0.923629
      ],
      "initscale": [
        1,
        1,
        1
      ],
      "offmtx": [
        [
          -5.289115847517678e-7,
          -0.687887,
          0.725816,
          -25.209087
        ],
        [
          2.0843673098625004e-7,
          0.725816,
          0.687887,
          -49.872093
        ],
        [
          -1,
          5.151187565388682e-7,
          -2.4051209379649663e-7,
          -7.377033
        ]
      ],
      "boundingbox": [
        [
          -0.624568,
          -3.403511,
          -2.46321
        ],
        [
          12.770423,
          3.594417,
          2.672241
        ]
      ]
    },
    {
      "name": "Bone36",
      "parent": "Bone35",
      "initpos": [
        12.80038,
        -0.000003,
        4.76837158203125e-7
      ],
      "initquaternion": [
        1.1978995928529912e-7,
        2.061402568642734e-7,
        -0.502435,
        0.864614
      ],
      "initscale": [
        0.999999,
        0.999999,
        1
      ],
      "offmtx": [
        [
          0,
          -0.971193,
          -0.238289,
          24.51103
        ],
        [
          -3.5636773532132793e-7,
          -0.238289,
          0.971193,
          -57.716136
        ],
        [
          -1,
          0,
          -3.5417508570390055e-7,
          -7.377021
        ]
      ],
      "boundingbox": [
        [
          -3.91506,
          -1.057197,
          -1.652133
        ],
        [
          8.796522,
          4.347381,
          1.861162
        ]
      ]
    },
    {
      "name": "Bone31",
      "parent": "Bone13",
      "initpos": [
        4.810955,
        -0.005123,
        -7.377233
      ],
      "initquaternion": [
        0.825076,
        -0.565021,
        0.000009,
        0.000003
      ],
      "initscale": [
        1,
        1,
        1
      ],
      "offmtx": [
        [
          -4.2897909224848263e-7,
          -0.999673,
          0.025516,
          25.163198
        ],
        [
          7.763819667161442e-7,
          -0.025516,
          -0.999673,
          53.067611
        ],
        [
          1,
          -4.0902884279603313e-7,
          7.87075521202496e-7,
          -7.377396
        ]
      ],
      "boundingbox": [
        [
          -2.529672,
          -12.17049,
          -2.982275
        ],
        [
          10.707627,
          4.288414,
          3.234013
        ]
      ]
    },
    {
      "name": "Bone32",
      "parent": "Bone31",
      "initpos": [
        7.654617,
        0,
        0.000001
      ],
      "initquaternion": [
        0,
        -1.723608420434175e-7,
        -0.383285,
        0.923629
      ],
      "initscale": [
        0.999999,
        0.999999,
        1
      ],
      "offmtx": [
        [
          -4.795940640178742e-7,
          -0.687887,
          0.725816,
          -25.209087
        ],
        [
          2.4471032133988047e-7,
          -0.725817,
          -0.687887,
          49.872089
        ],
        [
          1,
          -1.522919603758055e-7,
          5.164309868632699e-7,
          -7.377388
        ]
      ],
      "boundingbox": [
        [
          -0.624572,
          -3.594432,
          -2.463543
        ],
        [
          12.770412,
          3.403495,
          2.671903
        ]
      ]
    },
    {
      "name": "Bone33",
      "parent": "Bone32",
      "initpos": [
        12.80038,
        -0.000003,
        -0.000002
      ],
      "initquaternion": [
        -2.2272075739238062e-7,
        0,
        0.502435,
        0.864614
      ],
      "initscale": [
        0.999999,
        0.999999,
        1
      ],
      "offmtx": [
        [
          -3.5067810699729307e-7,
          -0.971193,
          -0.23829,
          24.511054
        ],
        [
          2.1203251776569232e-7,
          0.23829,
          -0.971193,
          57.716129
        ],
        [
          1,
          -3.9110187799451523e-7,
          1.2236151292199793e-7,
          -7.377359
        ]
      ],
      "boundingbox": [
        [
          -3.915074,
          -4.347381,
          -1.652457
        ],
        [
          8.796513,
          1.057205,
          1.860835
        ]
      ]
    },
    {
      "name": "Bone059",
      "parent": "Bone13",
      "initpos": [
        5.722858,
        -4.711868,
        0.000225
      ],
      "initquaternion": [
        0.697074,
        0.716998,
        -0.000001,
        0.00001
      ],
      "initscale": [
        1,
        1,
        1
      ],
      "offmtx": [
        [
          0,
          0.950429,
          0.310939,
          -36.760154
        ],
        [
          -2.2672264776701923e-7,
          -0.310939,
          0.950429,
          -42.346652
        ],
        [
          1,
          -1.2382768943552946e-7,
          1.9803651696292945e-7,
          -0.000004
        ]
      ],
      "boundingbox": [
        [
          4.530597,
          2.810337,
          -4.445903
        ],
        [
          6.759229,
          5.038982,
          -4.445901
        ]
      ]
    },
    {
      "name": "Bone058",
      "parent": "Bone12",
      "initpos": [
        5.2849,
        -5.080238,
        0.000112
      ],
      "initquaternion": [
        0.693037,
        0.720901,
        -0.000002,
        0.000008
      ],
      "initscale": [
        0.999999,
        0.999999,
        1
      ],
      "offmtx": [
        [
          3.870662226290733e-7,
          0.999145,
          -0.041319,
          -21.276844
        ],
        [
          0,
          0.041319,
          0.999145,
          -43.28252
        ],
        [
          1,
          -3.8447342376457527e-7,
          0,
          0.000009
        ]
      ],
      "boundingbox": [
        [
          3.203263,
          -4.901741,
          -5.482291
        ],
        [
          8.654131,
          6.899597,
          5.482293
        ]
      ]
    },
    {
      "name": "Bone057",
      "parent": "Bone11",
      "initpos": [
        4.742406,
        -5.157213,
        0.000032
      ],
      "initquaternion": [
        0.71659,
        0.697493,
        -0.000002,
        0.000008
      ],
      "initscale": [
        0.999999,
        0.999999,
        0.999999
      ],
      "offmtx": [
        [
          3.3071560778807907e-7,
          0.999145,
          -0.041319,
          -21.276842
        ],
        [
          0,
          0.041319,
          0.999145,
          -33.559436
        ],
        [
          1,
          -3.2850945785867225e-7,
          0,
          0.000007
        ]
      ],
      "boundingbox": [
        [
          4.839513,
          0.125297,
          -5.48229
        ],
        [
          8.109758,
          2.981067,
          5.48229
        ]
      ]
    },
    {
      "name": "Bone056",
      "parent": "Bone10",
      "initpos": [
        4.364639,
        -5.07631,
        -0.000015
      ],
      "initquaternion": [
        0.718001,
        0.696041,
        -0.000004,
        0.000003
      ],
      "initscale": [
        1,
        0.999999,
        0.999999
      ],
      "offmtx": [
        [
          2.9312909077816585e-7,
          0.874901,
          -0.4843,
          -5.408176
        ],
        [
          1.2591901565883745e-7,
          0.4843,
          0.874901,
          -31.227146
        ],
        [
          1,
          -3.174418168327975e-7,
          0,
          0.000008
        ]
      ],
      "boundingbox": [
        [
          4.012172,
          -3.013486,
          -5.662431
        ],
        [
          8.328783,
          4.977226,
          5.554866
        ]
      ]
    },
    {
      "name": "Bone055",
      "parent": "Bone09",
      "initpos": [
        5.809867,
        -4.667212,
        -0.000026
      ],
      "initquaternion": [
        0.721769,
        0.692133,
        -0.000002,
        5.77315745431406e-7
      ],
      "initscale": [
        0.999999,
        0.999999,
        0.999999
      ],
      "offmtx": [
        [
          0,
          0.874901,
          -0.4843,
          -5.408172
        ],
        [
          1.521386394642832e-7,
          0.4843,
          0.874901,
          -20.340047
        ],
        [
          1,
          0,
          -1.472202910690612e-7,
          0.000007
        ]
      ],
      "boundingbox": [
        [
          3.745749,
          -5.685034,
          -5.482286
        ],
        [
          9.337249,
          4.876309,
          5.482297
        ]
      ]
    },
    {
      "name": "Bone25",
      "parent": "Bone08",
      "initpos": [
        3.777585,
        3.170325,
        -8.062571
      ],
      "initquaternion": [
        -6.20269702267251e-7,
        6.514370625154697e-7,
        -0.856313,
        0.516455
      ],
      "initscale": [
        0.999999,
        0.999999,
        1
      ],
      "offmtx": [
        [
          -3.4679715099628083e-7,
          -0.999993,
          -0.003404,
          16.724464
        ],
        [
          -2.3830581596939737e-7,
          -0.003404,
          0.999993,
          -3.127489
        ],
        [
          -1,
          3.47606487594021e-7,
          -2.3712389918273402e-7,
          8.062538
        ]
      ],
      "boundingbox": [
        [
          -7.282285,
          -3.573657,
          -5.775294
        ],
        [
          9.596059,
          11.953084,
          6.116841
        ]
      ]
    },
    {
      "name": "Bone26",
      "parent": "Bone25",
      "initpos": [
        7.264434,
        7.152557373046875e-7,
        -9.5367431640625e-7
      ],
      "initquaternion": [
        0,
        0,
        -0.380386,
        0.924827
      ],
      "initscale": [
        0.999999,
        0.999999,
        1
      ],
      "offmtx": [
        [
          -2.1331322841433575e-7,
          -0.708213,
          -0.705997,
          8.922867
        ],
        [
          -4.1335857758895145e-7,
          -0.705997,
          0.708213,
          4.43348
        ],
        [
          -1,
          4.429019213603169e-7,
          -1.421474991047944e-7,
          8.062537
        ]
      ],
      "boundingbox": [
        [
          -0.507282,
          -2.613945,
          -2.398323
        ],
        [
          6.243409,
          1.545035,
          1.997504
        ]
      ]
    },
    {
      "name": "Bone27",
      "parent": "Bone26",
      "initpos": [
        5.902206,
        0,
        -9.5367431640625e-7
      ],
      "initquaternion": [
        1.2147177130827913e-7,
        2.116868955681639e-7,
        -0.671651,
        0.740867
      ],
      "initscale": [
        0.999999,
        0.999999,
        1
      ],
      "offmtx": [
        [
          8.673596880726109e-7,
          0.633373,
          -0.773845,
          -4.116917
        ],
        [
          -1.4833481998266507e-7,
          -0.773845,
          -0.633373,
          3.439646
        ],
        [
          -1,
          6.641516847594175e-7,
          -5.772511713075801e-7,
          8.062536
        ]
      ],
      "boundingbox": [
        [
          -0.654184,
          -2.073805,
          -5.49919
        ],
        [
          6.705655,
          5.104107,
          5.884645
        ]
      ]
    },
    {
      "name": "Bone28",
      "parent": "Bone08",
      "initpos": [
        2.720528,
        3.116832,
        7.780916
      ],
      "initquaternion": [
        -0.350414,
        0.936594,
        5.789457873106585e-7,
        -7.092062332958449e-7
      ],
      "initscale": [
        0.999999,
        0.999999,
        0.999999
      ],
      "offmtx": [
        [
          -1.6282776016396383e-7,
          -0.931314,
          -0.364215,
          15.892951
        ],
        [
          3.268154387114919e-7,
          0.364215,
          -0.931314,
          -3.775228
        ],
        [
          1,
          -2.7067525820712035e-7,
          2.4506366003151925e-7,
          7.780946
        ]
      ],
      "boundingbox": [
        [
          -11.071747,
          -13.770184,
          -6.137685
        ],
        [
          9.690979,
          3.210772,
          2.516948
        ]
      ]
    },
    {
      "name": "Bone29",
      "parent": "Bone28",
      "initpos": [
        6.825836,
        -9.5367431640625e-7,
        -9.5367431640625e-7
      ],
      "initquaternion": [
        0,
        0,
        0.448036,
        0.894015
      ],
      "initscale": [
        1,
        1,
        1
      ],
      "offmtx": [
        [
          1.643564075948234e-7,
          -0.265641,
          -0.964071,
          2.402558
        ],
        [
          3.260495020640519e-7,
          0.964071,
          -0.265641,
          -9.523265
        ],
        [
          1,
          -2.706752297854109e-7,
          2.4506383056177583e-7,
          7.780947
        ]
      ],
      "boundingbox": [
        [
          -0.544823,
          -2.067922,
          -1.866329
        ],
        [
          6.408936,
          1.586887,
          1.715915
        ]
      ]
    },
    {
      "name": "Bone30",
      "parent": "Bone29",
      "initpos": [
        5.590115,
        0,
        -4.76837158203125e-7
      ],
      "initquaternion": [
        0,
        0,
        0.632594,
        0.774483
      ],
      "initscale": [
        1,
        1,
        1
      ],
      "offmtx": [
        [
          4.3106913949486625e-7,
          0.891626,
          -0.45277,
          -9.96793
        ],
        [
          0,
          0.45277,
          0.891626,
          1.222067
        ],
        [
          1,
          -3.409087980799086e-7,
          2.8072875579709944e-7,
          7.780948
        ]
      ],
      "boundingbox": [
        [
          -1.091197,
          -5.525144,
          -5.780781
        ],
        [
          6.251408,
          1.720207,
          5.603056
        ]
      ]
    },
    {
      "name": "Bone054",
      "parent": "Bone08",
      "initpos": [
        3.790653,
        -4.503981,
        -0.000028
      ],
      "initquaternion": [
        0.698719,
        0.715395,
        -3.1780848530615913e-7,
        -9.76936121332983e-7
      ],
      "initscale": [
        0.999999,
        0.999999,
        0.999999
      ],
      "offmtx": [
        [
          0,
          0.874901,
          -0.4843,
          -5.408178
        ],
        [
          0,
          0.4843,
          0.874901,
          -10.712577
        ],
        [
          1,
          0,
          0,
          0.000006
        ]
      ],
      "boundingbox": [
        [
          7.063004,
          -4.765884,
          -5.482284
        ],
        [
          11.105486,
          4.653353,
          5.482296
        ]
      ]
    },
    {
      "name": "Bone053",
      "parent": "Bone07",
      "initpos": [
        3.575144,
        -4.677607,
        -0.000014
      ],
      "initquaternion": [
        0.706848,
        0.707364,
        -3.063778706291487e-7,
        -3.061543907278974e-7
      ],
      "initscale": [
        0.999999,
        0.999999,
        1
      ],
      "offmtx": [
        [
          1.325692267073464e-7,
          0.700053,
          0.71409,
          -4.767345
        ],
        [
          0,
          -0.71409,
          0.700053,
          12.845605
        ],
        [
          1,
          -1.117206878120669e-7,
          0,
          0.000007
        ]
      ],
      "boundingbox": [
        [
          1.076367,
          -5.843692,
          -5.761228
        ],
        [
          9.675312,
          2.718428,
          5.457108
        ]
      ]
    },
    {
      "name": "Bone052",
      "parent": "Bone06",
      "initpos": [
        3.51263,
        -4.64302,
        -0.000011
      ],
      "initquaternion": [
        0.70785,
        0.706361,
        -3.062985456381284e-7,
        0
      ],
      "initscale": [
        0.999999,
        0.999999,
        0.999999
      ],
      "offmtx": [
        [
          2.3881460720076575e-7,
          0.240728,
          0.970592,
          4.843518
        ],
        [
          -2.755400885234849e-7,
          -0.970592,
          0.240728,
          22.621082
        ],
        [
          1,
          -3.249267024330038e-7,
          -1.6546118786209263e-7,
          0.000007
        ]
      ],
      "boundingbox": [
        [
          3.906199,
          -4.383201,
          -5.029792
        ],
        [
          8.793255,
          1.880759,
          5.029793
        ]
      ]
    },
    {
      "name": "Bone051",
      "parent": "Bone05",
      "initpos": [
        4.420385,
        -4.517951,
        -0.000005
      ],
      "initquaternion": [
        0.712987,
        0.701176,
        -3.065136127133883e-7,
        0
      ],
      "initscale": [
        0.999999,
        0.999999,
        0.999999
      ],
      "offmtx": [
        [
          0,
          -0.299265,
          0.954169,
          18.367053
        ],
        [
          -2.0000204870029847e-7,
          -0.954169,
          -0.299265,
          26.535654
        ],
        [
          1,
          -1.9543196572158195e-7,
          0,
          0.000008
        ]
      ],
      "boundingbox": [
        [
          1.18017,
          -4.613908,
          -4.893608
        ],
        [
          8.531879,
          4.801888,
          4.911614
        ]
      ]
    },
    {
      "name": "Bone050",
      "parent": "Bone04",
      "initpos": [
        4.240806,
        -4.217478,
        -0.000007
      ],
      "initquaternion": [
        0.711647,
        0.702536,
        -3.064589577661536e-7,
        0
      ],
      "initscale": [
        1,
        0.999999,
        0.999999
      ],
      "offmtx": [
        [
          3.831159460787603e-7,
          0.472152,
          0.881516,
          -8.14699
        ],
        [
          -2.0780565535005735e-7,
          -0.881516,
          0.472152,
          36.102443
        ],
        [
          1,
          -3.640734860255179e-7,
          -2.396070044596854e-7,
          0.000009
        ]
      ],
      "boundingbox": [
        [
          1.441806,
          -4.103379,
          -4.911612
        ],
        [
          8.25566,
          4.834333,
          4.905107
        ]
      ]
    },
    {
      "name": "Bone03",
      "parent": "Bone04",
      "initpos": [
        1.225105,
        1.141964,
        0.000001
      ],
      "initquaternion": [
        -0.366406,
        0.930454,
        3.794432927861635e-7,
        1.068164863227139e-7
      ],
      "initscale": [
        0.999998,
        0.999998,
        0.999999
      ],
      "offmtx": [
        [
          9.731973023008322e-7,
          0.310662,
          -0.95052,
          -19.009536
        ],
        [
          -2.1917735182341858e-7,
          0.95052,
          0.310662,
          -36.818744
        ],
        [
          1,
          0,
          9.931335398505325e-7,
          0.000017
        ]
      ],
      "boundingbox": [
        [
          -2.668523,
          -4.467391,
          -4.697066
        ],
        [
          8.451643,
          6.951205,
          4.697143
        ]
      ]
    },
    {
      "name": "Bone01",
      "parent": "Bone03",
      "initpos": [
        8.657255,
        0.173156,
        -0.000003
      ],
      "initquaternion": [
        2.2460191928530548e-7,
        0,
        -0.335475,
        0.942048
      ],
      "initscale": [
        1,
        1,
        1
      ],
      "offmtx": [
        [
          8.926767804950941e-7,
          -0.360058,
          -0.932929,
          1.942124
        ],
        [
          9.221217851518304e-7,
          0.932929,
          -0.360058,
          -46.152763
        ],
        [
          1,
          -5.38858841991896e-7,
          0.000001,
          0.000042
        ]
      ],
      "boundingbox": [
        [
          -12.442186,
          -8.435729,
          -10.114995
        ],
        [
          15.906558,
          11.057788,
          10.105745
        ]
      ]
    },
    {
      "name": "Bone44",
      "parent": "Bone01",
      "initpos": [
        14.129042,
        2.441955,
        -2.917167
      ],
      "initquaternion": [
        0.282963,
        0.680636,
        -0.508169,
        0.445454
      ],
      "initscale": [
        0.999999,
        1,
        1
      ],
      "offmtx": [
        [
          -0.893972,
          0.096495,
          0.437608,
          6.07314
        ],
        [
          -0.43966,
          0,
          -0.898163,
          -27.209396
        ],
        [
          -0.086668,
          -0.995333,
          0.042425,
          41.72821
        ]
      ],
      "boundingbox": [
        [
          0.037858,
          -0.546573,
          -0.507602
        ],
        [
          9.951553,
          0.124202,
          0.418455
        ]
