{"skeleton":[{"name":"root","parent":"root","initpos":[0.0,0.0,-0.0],"initquaternion":[0.707106,0.0,0.0,0.707106],"initscale":[1.0,0.999999,0.999999],"offmtx":[[1.0,0.0,0.0,0.0],[0.0,1.0,0.0,0.0],[0.0,0.0,1.0,0.0]],"boundingbox":[[0.0,0.0,0.0],[0.0,0.0,0.0]]},{"name":"Bone010","parent":"root","initpos":[-0.001514,2e-06,-19.59649],"initquaternion":[0.5,-0.499999,-0.5,-0.499999],"initscale":[1.0,0.999999,0.999999],"offmtx":[[2.8212994607201836e-07,0.999999,0.0,-19.596488],[-1.0,2.8212994607201836e-07,-9.983172049032873e-07,-0.001519],[-9.98317318590125e-07,0.0,0.999999,-0.0]],"boundingbox":[[-0.186492,-3.301519,-3.300005],[7.00351,3.298493,3.557768]]},{"name":"bone00","parent":"Bone010","initpos":[1.86988,-1.976471,-3.148931],"initquaternion":[3e-06,0.0,0.006711,0.999977],"initscale":[0.999999,0.999999,0.999999],"offmtx":[[-0.013422,0.999909,-2.955042077701364e-07,-21.437929],[-0.999909,-0.013422,6e-06,2.262928],[6e-06,3.781333361985162e-07,1.0,3.148909]],"boundingbox":[[-0.032098,-0.928762,-0.023076],[1.227435,0.941161,-0.023065]]},{"name":"bone01","parent":"bone00","initpos":[-0.036481,0.059485,-0.089597],"initquaternion":[-5e-06,0.0,-0.010232,0.999947],"initscale":[1.0,1.0,1.0],"offmtx":[[0.007042,0.999975,-4.2145873635490716e-07,-21.442054],[-0.999975,0.007042,-4e-06,1.765],[-4e-06,4.511591100708756e-07,0.999999,3.238525]],"boundingbox":[[0.011332,-0.762251,0.040085],[1.257513,0.687273,0.040092]]},{"name":"bone02","parent":"bone01","initpos":[0.247264,-0.269846,0.03833],"initquaternion":[5e-06,0.0,0.002642,0.999996],"initscale":[0.999999,0.999999,1.0],"offmtx":[[0.001756,0.999998,-4.4375175889399543e-07,-21.67826],[-0.999998,0.001756,5e-06,2.149486],[5e-06,4.335665835242253e-07,0.999999,3.200174]],"boundingbox":[[0.000256,-0.362431,-0.019086],[0.700885,0.338182,-0.019082]]},{"name":"bone03","parent":"bone01","initpos":[0.51342,0.208993,0.03833],"initquaternion":[2e-06,-2.5539256398587895e-07,0.10204,0.99478],"initscale":[0.999999,0.999999,1.0],"offmtx":[[-0.196115,0.98058,-3.155320200676215e-07,-21.182359],[-0.98058,-0.196115,2.4596090497652767e-07,5.980933],[1.7930381090991432e-07,3.576414826511609e-07,1.0,3.20019]],"boundingbox":[[-0.004001,-0.090998,-0.044089],[0.524857,0.095957,-0.044088]]},{"name":"bone04","parent":"bone01","initpos":[0.627838,0.592336,0.038331],"initquaternion":[1e-06,-3.1888137641544745e-07,0.093396,0.995629],"initscale":[0.999999,0.999999,1.0],"offmtx":[[-0.179051,0.983839,-2.4506212525921e-07,-21.466773],[-0.983839,-0.179051,-7.291511678886309e-07,5.256679],[-7.612467243234278e-07,1.1054613935357338e-07,0.999999,3.200196]],"boundingbox":[[-0.009424,-0.087319,-0.044089],[0.341527,0.089598,-0.044089]]},{"name":"bone05","parent":"Bone010","initpos":[1.472509,-1.989319,-3.223147],"initquaternion":[2e-06,0.0,0.014281,0.999898],"initscale":[1.0,0.999999,0.999999],"offmtx":[[1.0,0.0,0.0,0.0],[0.0,1.0,0.0,0.0],[0.0,0.0,1.0,0.0]],"boundingbox":[[0.0,0.0,0.0],[0.0,0.0,0.0]]},{"name":"bone06","parent":"bone05","initpos":[0.34453,-1.012496,-0.077435],"initquaternion":[6e-06,-0.0,-0.011722,0.999931],"initscale":[0.999999,0.999999,1.0],"offmtx":[[-0.005118,0.999986,-4.2137841660405684e-07,-21.426717],[-0.999986,-0.005118,1.7e-05,3.099832],[1.7e-05,5.090170134280925e-07,0.999999,3.300525]],"boundingbox":[[-0.000965,-0.104753,-0.040976],[0.206335,0.102551,0.059026]]},{"name":"bone07","parent":"bone05","initpos":[0.138992,-0.80625,-0.077434],"initquaternion":[6e-06,-0.0,-0.011722,0.999931],"initscale":[0.999999,0.999999,1.0],"offmtx":[[-0.005118,0.999986,-4.2137841660405684e-07,-21.216402],[-0.999986,-0.005118,1.7e-05,2.898461],[1.7e-05,5.090170134280925e-07,0.999999,3.300526]],"boundingbox":[[0.006043,-0.099886,-0.040979],[0.419593,0.108474,0.059024]]},{"name":"bone08","parent":"bone05","initpos":[0.144054,-0.590223,-0.077432],"initquaternion":[6e-06,-0.0,-0.011722,0.999931],"initscale":[0.999999,0.999999,1.0],"offmtx":[[-0.005118,0.999986,-4.2137841660405684e-07,-21.216402],[-0.999986,-0.005118,1.7e-05,2.682374],[1.7e-05,5.090170134280925e-07,0.999999,3.300527]],"boundingbox":[[0.007098,-0.109725,-0.040982],[0.420649,0.098634,0.05902]]},{"name":"bone09","parent":"bone05","initpos":[0.148664,-0.39397,-0.077428],"initquaternion":[6e-06,-0.0,-0.011722,0.999931],"initscale":[0.999999,0.999999,1.0],"offmtx":[[-0.005118,0.999986,-4.2137841660405684e-07,-21.216405],[-0.999986,-0.005118,1.7e-05,2.486067],[1.7e-05,5.090170134280925e-07,0.999999,3.300525]],"boundingbox":[[0.00815,-0.099785,-0.040988],[0.421701,0.108574,0.059015]]},{"name":"bone10","parent":"bone05","initpos":[0.158647,0.032233,-0.077424],"initquaternion":[6e-06,-0.0,-0.011722,0.999931],"initscale":[0.999999,0.999999,1.0],"offmtx":[[-0.005118,0.999986,-4.2137841660405684e-07,-21.216398],[-0.999986,-0.005118,1.7e-05,2.059746],[1.7e-05,5.090170134280925e-07,0.999999,3.300527]],"boundingbox":[[0.009214,-0.319859,-0.040997],[0.424876,0.300995,0.059013]]},{"name":"bone11","parent":"bone05","initpos":[0.378162,0.421729,-0.077419],"initquaternion":[6e-06,-0.0,-0.011722,0.999931],"initscale":[0.999999,0.999999,1.0],"offmtx":[[-0.005118,0.999986,-4.2137841660405684e-07,-21.426717],[-0.999986,-0.005118,1.7e-05,1.665211],[1.7e-05,5.090170134280925e-07,0.999999,3.300526]],"boundingbox":[[0.004876,-0.095634,-0.041001],[0.212179,0.11167,0.059001]]},{"name":"bone12","parent":"bone05","initpos":[0.383134,0.633842,-0.077417],"initquaternion":[6e-06,-0.0,-0.011722,0.999931],"initscale":[0.999999,0.999999,1.0],"offmtx":[[-0.005118,0.999986,-4.2137841660405684e-07,-21.426717],[-0.999986,-0.005118,1.7e-05,1.45304],[1.7e-05,5.090170134280925e-07,0.999999,3.300527]],"boundingbox":[[0.005932,-0.101558,-0.041003],[0.213235,0.105746,0.058999]]},{"name":"bone13","parent":"bone05","initpos":[0.388109,0.845955,-0.077415],"initquaternion":[6e-06,-0.0,-0.011722,0.999931],"initscale":[0.999999,0.999999,1.0],"offmtx":[[-0.005118,0.999986,-4.2137841660405684e-07,-21.426717],[-0.999986,-0.005118,1.7e-05,1.240868],[1.7e-05,5.090170134280925e-07,0.999999,3.300528]],"boundingbox":[[0.007119,-0.107483,-0.041007],[0.214424,0.099821,0.058996]]},{"name":"bone049","parent":"bone05","initpos":[0.58699,0.840273,-0.077414],"initquaternion":[6e-06,-0.0,-0.011722,0.999931],"initscale":[0.999999,0.999999,1.0],"offmtx":[[-0.005118,0.999986,-4.2137841660405684e-07,-21.625677],[-0.999986,-0.005118,1.7e-05,1.241887],[1.7e-05,5.090170134280925e-07,0.999999,3.300528]],"boundingbox":[[0.015162,-0.107524,-0.041007],[0.222465,0.09978,0.058996]]},{"name":"bone050","parent":"bone049","initpos":[0.208578,0.206004,-3e-06],"initquaternion":[0.0,0.0,0.0,1.0],"initscale":[1.0,1.0,0.999999],"offmtx":[[-0.005118,0.999986,-4.2137844502576627e-07,-21.834255],[-0.999987,-0.005118,1.7e-05,1.035883],[1.7e-05,5.090170702715113e-07,1.0,3.300531]],"boundingbox":[[0.013393,-0.108335,-0.041007],[0.220694,0.098969,0.058995]]},{"name":"Bone012","parent":"bone05","initpos":[0.563024,-1.017619,-0.077437],"initquaternion":[1.5e-05,-1.7606969038297393e-07,-0.011722,0.999931],"initscale":[0.999999,0.999999,0.999999],"offmtx":[[-0.005119,0.999986,-4.2137028799515974e-07,-21.645271],[-0.999986,-0.005119,3.4e-05,3.0999],[3.4e-05,5.99339728069026e-07,1.0,3.300473]],"boundingbox":[[-0.013541,-0.31206,-0.040976],[0.401437,0.10149,0.059038]]},{"name":"bone14","parent":"Bone010","initpos":[3.371122,-1.935071,-3.223147],"initquaternion":[2e-06,0.0,0.014281,0.999898],"initscale":[1.0,0.999999,0.999999],"offmtx":[[1.0,0.0,0.0,0.0],[0.0,1.0,0.0,0.0],[0.0,0.0,1.0,0.0]],"boundingbox":[[0.0,0.0,0.0],[0.0,0.0,0.0]]},{"name":"bone15","parent":"bone14","initpos":[0.462078,-0.851003,-0.028558],"initquaternion":[-2e-06,-1.1059068327767818e-07,-0.046784,0.998905],"initscale":[0.999999,0.999999,1.0],"offmtx":[[0.064993,0.997885,-2.7463440233077563e-07,-23.58432],[-0.997885,0.064993,-7.70901181113004e-07,1.24081],[-7.51421794120688e-07,3.241574404455605e-07,1.0,3.251704]],"boundingbox":[[-0.003556,-0.231273,-0.068441],[0.161227,0.253135,0.031558]]},{"name":"bone16","parent":"bone14","initpos":[0.41485,-1.228625,-0.028558],"initquaternion":[-2e-06,-2.965233250051824e-07,-0.066075,0.997814],"initscale":[1.0,1.0,1.0],"offmtx":[[0.103497,0.994629,0.0,-23.617622],[-0.994629,0.103497,-7.763438247820886e-07,0.709274],[-7.744371259832405e-07,0.0,0.999999,3.251713]],"boundingbox":[[0.002227,-0.166036,-0.068439],[0.15468,0.155107,0.03156]]},{"name":"bone17","parent":"bone14","initpos":[0.407663,-0.470824,-0.02856],"initquaternion":[-2e-06,0.0,0.062447,0.998048],"initscale":[0.999999,0.999999,1.0],"offmtx":[[-0.152937,0.988235,-1.9506882154018967e-07,-22.747495],[-0.988235,-0.152937,-7.166751743170607e-07,5.941396],[-7.380774604826001e-07,0.0,1.0,3.25171]],"boundingbox":[[-0.000796,-0.201842,-0.118441],[0.204175,0.206828,-0.018441]]},{"name":"bone18","parent":"bone14","initpos":[0.355047,-0.06798,-0.028562],"initquaternion":[-2e-06,2.7020541892852634e-07,0.07557,0.99714],"initscale":[0.999999,0.999999,1.0],"offmtx":[[-0.178881,0.98387,-5.474693125506747e-07,-22.592029],[-0.98387,-0.178881,-7.075364578668086e-07,6.131572],[-7.940565751596296e-07,4.120736321056029e-07,0.999999,3.251702]],"boundingbox":[[-0.004121,-0.204654,-0.118442],[0.201564,0.204364,-0.018442]]},{"name":"bone19","parent":"bone14","initpos":[0.297014,0.332916,-0.028565],"initquaternion":[-2e-06,0.0,0.062447,0.998048],"initscale":[0.999999,0.999999,1.0],"offmtx":[[-0.152937,0.988235,-1.9506882154018967e-07,-22.737903],[-0.988235,-0.152937,-7.166751743170607e-07,5.130132],[-7.380774604826001e-07,0.0,1.0,3.251711]],"boundingbox":[[-0.001167,-0.200668,-0.11844],[0.203798,0.208004,-0.01844]]},{"name":"bone20","parent":"bone14","initpos":[0.245737,0.741124,-0.028568],"initquaternion":[-2e-06,0.0,0.062447,0.998048],"initscale":[0.999999,0.999999,1.0],"offmtx":[[-0.152937,0.988235,-1.9506882154018967e-07,-22.737907],[-0.988235,-0.152937,-7.166751743170607e-07,4.718716],[-7.380774604826001e-07,0.0,1.0,3.251711]],"boundingbox":[[-0.006155,-0.205865,-0.11844],[0.198812,0.202808,-0.01844]]},{"name":"bone21","parent":"bone14","initpos":[0.395166,1.102478,-0.096124],"initquaternion":[1.0143278217356055e-07,1e-06,0.998809,-0.048781],"initscale":[0.999999,0.999999,1.0],"offmtx":[[0.12583,-0.992051,2.373299992086686e-07,23.04248],[0.992051,0.12583,-1e-06,-3.7495],[9.747446938490612e-07,3.6286687077335955e-07,1.0,3.319258]],"boundingbox":[[0.004884,-0.193347,-0.030733],[0.508626,0.744639,-0.030732]]},{"name":"bone22","parent":"Bone010","initpos":[3.36835,1.932488,-3.223167],"initquaternion":[-2e-06,0.0,-0.014281,0.999898],"initscale":[0.999999,0.999999,0.999999],"offmtx":[[1.0,0.0,0.0,0.0],[0.0,1.0,0.0,0.0],[0.0,0.0,1.0,0.0]],"boundingbox":[[0.0,0.0,0.0],[0.0,0.0,0.0]]},{"name":"bone23","parent":"bone22","initpos":[0.414852,1.228624,-0.02856],"initquaternion":[2e-06,-2.867506907477946e-07,0.066075,0.997814],"initscale":[0.999999,0.999999,1.0],"offmtx":[[-0.103497,0.994629,-0.0,-23.614917],[-0.994629,-0.103497,3.8569044136238517e-07,-0.709994],[3.8238479760366317e-07,0.0,0.999999,3.251737]],"boundingbox":[[0.004934,-0.155829,-0.068414],[0.157387,0.165314,0.031586]]},{"name":"bone24","parent":"bone22","initpos":[0.407661,0.470824,-0.028562],"initquaternion":[2e-06,0.0,-0.062447,0.998048],"initscale":[1.0,1.0,1.0],"offmtx":[[0.152938,0.988235,-0.0,-22.744691],[-0.988235,0.152938,3.1561069135932485e-07,-5.941412],[3.200213996024104e-07,0.0,1.0,3.251735]],"boundingbox":[[0.002008,-0.206838,-0.118417],[0.206979,0.201832,-0.018417]]},{"name":"bone25","parent":"bone22","initpos":[0.355047,0.06798,-0.028562],"initquaternion":[2e-06,0.0,-0.07557,0.99714],"initscale":[1.0,1.0,1.0],"offmtx":[[0.178882,0.98387,0.0,-22.589216],[-0.98387,0.178882,3.2862891430340824e-07,-6.131514],[3.0741492196284526e-07,-1.4631159217515233e-07,0.999999,3.251737]],"boundingbox":[[-0.001314,-0.204299,-0.118419],[0.204371,0.20472,-0.018419]]},{"name":"bone26","parent":"bone22","initpos":[0.297018,-0.332917,-0.028566],"initquaternion":[2e-06,0.0,-0.062447,0.998048],"initscale":[1.0,1.0,1.0],"offmtx":[[0.152938,0.988235,-0.0,-22.735097],[-0.988235,0.152938,3.1561069135932485e-07,-5.130147],[3.200213996024104e-07,0.0,1.0,3.251735]],"boundingbox":[[0.001637,-0.208014,-0.118418],[0.206605,0.200658,-0.018418]]},{"name":"bone27","parent":"bone22","initpos":[0.245738,-0.741124,-0.028568],"initquaternion":[2e-06,0.0,-0.062447,0.998048],"initscale":[1.0,1.0,1.0],"offmtx":[[0.152939,0.988235,-0.0,-22.735095],[-0.988235,0.152938,3.1561179980599263e-07,-4.718754],[3.200217122412141e-07,0.0,1.0,3.251734]],"boundingbox":[[-0.003349,-0.202818,-0.118418],[0.201618,0.205855,-0.018418]]},{"name":"bone28","parent":"bone22","initpos":[0.39517,-1.102478,-0.096126],"initquaternion":[-0.0,-2e-06,0.998809,0.048781],"initscale":[1.0,1.0,1.0],"offmtx":[[-0.12583,-0.992051,-1.2458184528441052e-07,23.039667],[0.992051,-0.12583,7.986308219187777e-07,3.749593],[-8.079594522314437e-07,-0.0,1.0,3.31929]],"boundingbox":[[0.00201,-0.724558,-0.030709],[0.50574,0.213433,-0.030707]]},{"name":"bone29","parent":"bone22","initpos":[0.46208,0.851003,-0.02856],"initquaternion":[3e-06,-0.0,0.046784,0.998905],"initscale":[1.0,1.0,1.0],"offmtx":[[-0.064993,0.997885,-2.818765665324463e-07,-23.581577],[-0.997885,-0.064993,8.292054758385348e-07,-1.241424],[8.09132188805961e-07,3.351738087076228e-07,0.999999,3.251729]],"boundingbox":[[-0.000818,-0.253753,-0.068416],[0.163966,0.230654,0.031583]]},{"name":"bone30","parent":"Bone010","initpos":[1.869878,1.973487,-3.148929],"initquaternion":[-5.9568799315457e-07,0.0,-0.006711,0.999977],"initscale":[0.999999,0.999999,0.999999],"offmtx":[[0.013422,0.999909,-2.6870458214034443e-07,-21.437923],[-0.999909,0.013422,-2e-06,-2.262962],[-2e-06,2.9812159141329175e-07,1.0,3.148921]],"boundingbox":[[-0.032093,-0.941197,-0.023069],[1.22744,0.928727,-0.023063]]},{"name":"bone31","parent":"bone30","initpos":[-0.036485,-0.059486,-0.089591],"initquaternion":[-1e-06,-0.0,0.010232,0.999947],"initscale":[1.0,1.0,1.0],"offmtx":[[-0.007042,0.999974,-3.135345423288527e-07,-21.442047],[-0.999975,-0.007042,-4e-06,-1.765059],[-4e-06,2.83001782008796e-07,0.999999,3.238509]],"boundingbox":[[0.011336,-0.687307,0.040084],[1.257518,0.762217,0.040091]]},{"name":"bone32","parent":"bone31","initpos":[0.531372,0.151463,0.038325],"initquaternion":[1e-06,3.79460033173018e-07,0.074291,0.997236],"initscale":[0.999999,0.999999,1.0],"offmtx":[[-0.155133,0.987893,-1e-06,-22.014848],[-0.987893,-0.155133,-4.253908514328941e-07,1.360507],[-6.41950236968114e-07,1e-06,0.999999,3.200168]],"boundingbox":[[-0.007682,-0.0818,-0.044086],[0.520507,0.103021,-0.044085]]},{"name":"bone33","parent":"bone31","initpos":[0.635305,0.535754,0.038329],"initquaternion":[2e-06,3.990881225490739e-07,0.075191,0.997169],"initscale":[0.999999,0.999999,1.0],"offmtx":[[-0.156917,0.987611,-1e-06,-22.172737],[-0.987611,-0.156917,0.0,1.035894],[-1.7294333076733892e-07,1e-06,0.999999,3.200164]],"boundingbox":[[0.001139,-0.093236,-0.044088],[0.354053,0.087673,-0.044087]]},{"name":"bone34","parent":"bone31","initpos":[0.243179,-0.310145,0.038327],"initquaternion":[1.9e-05,1.8801367218657106e-07,-0.002642,0.999996],"initscale":[0.999999,0.999999,1.0],"offmtx":[[-0.001757,0.999998,-7.6745891419705e-07,-21.67724],[-0.999998,-0.001757,3.3e-05,-1.569383],[3.3e-05,8.268738156402833e-07,0.999999,3.200231]],"boundingbox":[[0.000223,-0.358797,-0.019093],[0.700852,0.341816,-0.01907]]},{"name":"bone35","parent":"Bone010","initpos":[1.472507,1.986488,-3.223146],"initquaternion":[-3e-06,0.0,-0.014281,0.999898],"initscale":[0.999999,0.999999,0.999999],"offmtx":[[1.0,0.0,0.0,0.0],[0.0,1.0,0.0,0.0],[0.0,0.0,1.0,0.0]],"boundingbox":[[0.0,0.0,0.0],[0.0,0.0,0.0]]},{"name":"bone36","parent":"bone35","initpos":[0.344533,1.012497,-0.077434],"initquaternion":[-8e-06,1.4336174558593484e-07,0.011722,0.999931],"initscale":[0.999999,1.0,1.0],"offmtx":[[0.005119,0.999986,-9.019579465530114e-07,-21.426717],[-0.999986,0.005119,-2.3e-05,-3.100051],[-2.3e-05,1e-06,0.999999,3.300498]],"boundingbox":[[-0.000964,-0.102743,-0.040974],[0.206336,0.104562,0.05903]]},{"name":"bone37","parent":"bone35","initpos":[0.138992,0.806251,-0.077432],"initquaternion":[-8e-06,1.4336174558593484e-07,0.011722,0.999931],"initscale":[0.999999,1.0,1.0],"offmtx":[[0.005119,0.999986,-9.019579465530114e-07,-21.216402],[-0.999986,0.005119,-2.3e-05,-2.89868],[-2.3e-05,1e-06,0.999999,3.3005]],"boundingbox":[[0.006043,-0.108665,-0.040977],[0.419594,0.099695,0.059027]]},{"name":"bone38","parent":"bone35","initpos":[0.144054,0.590224,-0.07743],"initquaternion":[-8e-06,1.4336174558593484e-07,0.011722,0.999931],"initscale":[0.999999,1.0,1.0],"offmtx":[[0.005119,0.999986,-9.019579465530114e-07,-21.216402],[-0.999986,0.005119,-2.3e-05,-2.682594],[-2.3e-05,1e-06,0.999999,3.300501]],"boundingbox":[[0.007099,-0.098826,-0.040981],[0.42065,0.109534,0.059023]]},{"name":"bone39","parent":"bone35","initpos":[0.14867,0.39397,-0.077426],"initquaternion":[-8e-06,1.4336174558593484e-07,0.011722,0.999931],"initscale":[0.999999,1.0,1.0],"offmtx":[[0.005119,0.999986,-9.019579465530114e-07,-21.216409],[-0.999986,0.005119,-2.3e-05,-2.486286],[-2.3e-05,1e-06,0.999999,3.3005]],"boundingbox":[[0.008147,-0.108766,-0.040987],[0.421698,0.099595,0.059018]]},{"name":"bone40","parent":"bone35","initpos":[0.158653,-0.032232,-0.077425],"initquaternion":[-8e-06,1.4336174558593484e-07,0.011722,0.999931],"initscale":[0.999999,1.0,1.0],"offmtx":[[0.005119,0.999986,-9.019579465530114e-07,-21.2164],[-0.999986,0.005119,-2.3e-05,-2.059966],[-2.3e-05,1e-06,0.999999,3.300505]],"boundingbox":[[0.009213,-0.301188,-0.040997],[0.424875,0.319668,0.059017]]},{"name":"bone41","parent":"bone35","initpos":[0.378164,-0.421728,-0.077419],"initquaternion":[-8e-06,-3.3273559552071674e-07,0.011722,0.999931],"initscale":[0.999999,1.0,1.0],"offmtx":[[0.005119,0.999986,0.0,-21.426717],[-0.999986,0.005119,-2.3e-05,-1.665427],[-2.3e-05,0.0,1.0,3.300527]],"boundingbox":[[0.004876,-0.111862,-0.041001],[0.212179,0.095442,0.059003]]},{"name":"bone42","parent":"bone35","initpos":[0.38314,-0.633841,-0.077417],"initquaternion":[-8e-06,-3.3273559552071674e-07,0.011722,0.999931],"initscale":[0.999999,1.0,1.0],"offmtx":[[0.005119,0.999986,0.0,-21.426715],[-0.999986,0.005119,-2.3e-05,-1.453255],[-2.3e-05,0.0,1.0,3.300529]],"boundingbox":[[0.005934,-0.105938,-0.041003],[0.213237,0.101367,0.059]]},{"name":"bone43","parent":"bone35","initpos":[0.388114,-0.845954,-0.077417],"initquaternion":[-1e-05,-3.668735928386013e-07,0.011723,0.999931],"initscale":[0.999999,0.999999,1.0],"offmtx":[[0.005117,0.999987,0.0,-21.426723],[-0.999987,0.005117,-2.9e-05,-1.241073],[-2.9e-05,0.0,1.0,3.300525]],"boundingbox":[[0.007117,-0.100014,-0.041007],[0.214422,0.107291,0.058999]]},{"name":"bone047","parent":"bone35","initpos":[0.581674,-0.840423,-0.077417],"initquaternion":[-1e-05,-3.668735928386013e-07,0.011723,0.999931],"initscale":[0.999999,0.999999,1.0],"offmtx":[[0.005117,0.999987,0.0,-21.620357],[-0.999987,0.005117,-2.9e-05,-1.242064],[-2.9e-05,0.0,1.0,3.300525]],"boundingbox":[[0.020488,-0.099946,-0.041007],[0.227789,0.10736,0.058999]]},{"name":"bone048","parent":"bone047","initpos":[0.219314,-0.203273,-5e-06],"initquaternion":[0.0,0.0,0.0,1.0],"initscale":[1.0,1.0,1.0],"offmtx":[[0.005117,0.999986,0.0,-21.839666],[-0.999986,0.005117,-2.9e-05,-1.03879],[-2.9e-05,0.0,0.999999,3.30053]],"boundingbox":[[0.007978,-0.101866,-0.041007],[0.215281,0.105439,0.058998]]},{"name":"Bone011","parent":"bone35","initpos":[0.547264,1.017251,-0.077436],"initquaternion":[-1.6e-05,0.0,0.011722,0.999931],"initscale":[0.999999,1.0,0.999999],"offmtx":[[0.005119,0.999986,-9.019580602398491e-07,-21.629508],[-0.999986,0.005119,-4e-05,-3.100108],[-4e-05,1e-06,1.0,3.300447]],"boundingbox":[[0.002224,-0.101682,-0.040973],[0.417201,0.311869,0.059043]]},{"name":"bone44","parent":"Bone010","initpos":[0.57888,-0.024157,-3.378177],"initquaternion":[1e-06,0.0,0.000566,0.999999],"initscale":[1.0,0.999999,0.999999],"offmtx":[[-0.001133,0.999999,-2.8326104484222014e-07,-20.175331],[-0.999999,-0.001133,1e-06,0.045516],[1e-06,2.8537209573187283e-07,0.999999,3.378172]],"boundingbox":[[-0.000961,-0.527463,0.028177],[0.100228,0.522649,0.028179]]},{"name":"bone45","parent":"bone44","initpos":[0.050014,-0.538865,-0.0],"initquaternion":[-9.970160590455635e-07,-0.0,0.007771,0.999969],"initscale":[0.999999,0.999999,1.0],"offmtx":[[-0.016676,0.99986,-1.6684714410075685e-07,-20.213819],[-0.999861,-0.016676,-1.2756987644024775e-07,0.898666],[-1.303344987491073e-07,1.6469660124585062e-07,0.999999,3.378175]],"boundingbox":[[-0.004204,-0.164154,0.029186],[0.101108,0.186956,0.029186]]},{"name":"bone46","parent":"bone44","initpos":[0.045476,0.52389,-1e-06],"initquaternion":[-9.97417259895883e-07,-0.0,-0.000732,0.999999],"initscale":[1.0,1.0,1.0],"offmtx":[[0.000332,0.999999,-1.9856811661611573e-07,-20.220081],[-1.0,0.000332,-1.320588438602499e-07,-0.508012],[-1.3199290549437137e-07,1.9861199973547627e-07,0.999999,3.378174]],"boundingbox":[[0.004192,-0.176791,0.029187],[0.103809,0.172741,0.029187]]}],"boundingbox":[[-3.329842,19.409997,-3.370156],[3.329841,26.599996,3.557761]]}