{"skeleton":[{"name":"root","parent":"root","initpos":[0.0,0.0,1.002684],"initquaternion":[0.707125,0.0,0.0,0.707088],"initscale":[1.0,0.999999,0.999999],"offmtx":[[1.0,0.0,0.0,0.0],[0.0,1.0,0.0,0.0],[0.0,0.0,1.0,0.0]],"boundingbox":[[0.0,0.0,0.0],[0.0,0.0,0.0]]},{"name":"bone01","parent":"root","initpos":[0.187422,-2.289778,6.462487],"initquaternion":[-0.49667,0.503333,0.503294,0.496657],"initscale":[0.999999,1.0,1.0],"offmtx":[[-0.013298,0.999911,1.1920337783521973e-07,6.980804],[-0.999911,-0.013298,1.2e-05,0.094597],[1.2e-05,0.0,1.0,-2e-06]],"boundingbox":[[-0.86497,-8.830038,-2.442399],[15.664435,8.312105,5.329917]]},{"name":"bone04","parent":"bone01","initpos":[3.553678,-0.178856,-0.964144],"initquaternion":[-2e-06,1e-06,0.563756,0.82594],"initscale":[0.999998,0.999998,1.0],"offmtx":[[-0.936022,0.351941,5e-06,2.347022],[-0.351941,-0.936022,1e-06,-2.193949],[5e-06,-3.0444741128121677e-07,1.0,0.964138]],"boundingbox":[[-0.032606,-0.843148,-1.008099],[3.225952,0.824016,0.80481]]},{"name":"bone05","parent":"bone04","initpos":[2.823529,-4.76837158203125e-07,-0.0],"initquaternion":[0.0,0.0,-0.26766,0.963513],"initscale":[0.999999,0.999999,1.0],"offmtx":[[-0.818468,0.574552,4e-06,0.086511],[-0.574552,-0.818468,2e-06,-2.243431],[5e-06,-4.1296783592770225e-07,1.0,0.964137]],"boundingbox":[[-0.132359,-0.806648,-0.269725],[3.883789,0.981481,0.051566]]},{"name":"bone06","parent":"bone04","initpos":[0.232536,0.087436,0.01947],"initquaternion":[-0.0,-0.0,0.988184,-0.153265],"initscale":[0.999999,0.999999,1.0],"offmtx":[[0.998653,-0.051876,-5e-06,-1.324091],[0.051876,0.998653,0.0,2.814701],[5e-06,-3.044475249680545e-07,1.0,0.944667]],"boundingbox":[[-0.041028,-0.874052,-1.031898],[1.668042,0.829291,0.782816]]},{"name":"bone07","parent":"bone06","initpos":[0.991929,-0.798469,0.600246],"initquaternion":[-3e-06,5e-06,-0.841042,0.540969],"initscale":[0.999999,0.999999,1.0],"offmtx":[[-0.411732,-0.911304,2e-06,-2.52264],[0.911304,-0.411732,-6e-06,-3.472069],[6e-06,-3.4802360460162163e-07,1.0,0.344416]],"boundingbox":[[0.01382,-0.01335,-0.709614],[0.979888,0.003,0.265778]]},{"name":"bone08","parent":"bone06","initpos":[1.002115,-0.092999,1.241298],"initquaternion":[-0.121366,-0.06691,-0.817478,0.559037],"initscale":[1.0,1.0,0.999999],"offmtx":[[-0.352152,-0.893932,0.277258,-2.020946],[0.930408,-0.366523,-6e-06,-3.129594],[0.101627,0.257961,0.960795,0.274443]],"boundingbox":[[-0.105664,-0.399264,-0.517948],[1.512598,0.345624,-0.281489]]},{"name":"bone09","parent":"bone06","initpos":[1.296338,0.38744,1.273037],"initquaternion":[0.190022,0.005542,0.98151,-0.022328],"initscale":[1.0,0.999999,1.0],"offmtx":[[-0.9277,0.006408,0.37327,2.204731],[-0.005945,-0.999979,0.002392,-2.545855],[0.373277,0.0,0.927719,-1.234452]],"boundingbox":[[-0.223561,-0.462229,-0.488884],[1.131635,0.225478,-0.289737]]},{"name":"bone10","parent":"bone06","initpos":[1.29634,0.387439,-1.350991],"initquaternion":[-0.022328,0.98151,0.005541,0.190021],"initscale":[0.999999,0.999999,0.999999],"offmtx":[[-0.927705,0.006409,-0.373259,1.470416],[0.005945,0.999979,0.002392,2.550562],[0.373266,4.3143529637745814e-07,-0.927724,-3.059543]],"boundingbox":[[-0.15786,-0.2259,-0.325564],[1.197333,0.461808,-0.126403]]},{"name":"bone11","parent":"bone06","initpos":[0.991925,-0.798469,-0.678197],"initquaternion":[-0.540969,0.841042,-2.5e-05,1.5e-05],"initscale":[1.0,0.999999,0.999999],"offmtx":[[-0.411732,-0.911304,1e-06,-2.522641],[-0.911304,0.411732,4e-06,3.472067],[-5e-06,1.8778681010189757e-07,-1.0,-1.622864]],"boundingbox":[[0.013855,-0.005624,-0.533568],[0.979924,0.008742,0.441826]]},{"name":"bone12","parent":"bone06","initpos":[1.002106,-0.092991,-1.319247],"initquaternion":[-0.559037,0.817477,0.066909,0.121367],"initscale":[0.999999,1.0,0.999998],"offmtx":[[-0.352155,-0.893932,-0.277254,-2.566388],[-0.930408,0.366523,3e-06,3.129591],[0.101616,0.257961,-0.960796,-1.615715]],"boundingbox":[[-0.056858,-0.345636,-0.348804],[1.561405,0.399251,-0.112339]]},{"name":"bone13","parent":"bone04","initpos":[0.341594,-0.325263,1.21707],"initquaternion":[-0.066781,-0.178377,-0.344196,0.919374],"initscale":[1.0,1.0,1.0],"offmtx":[[-0.197761,0.906113,0.373963,2.371018],[-0.977001,-0.213235,5e-06,0.667932],[0.079746,-0.365362,0.927443,-1.228757]],"boundingbox":[[-0.073555,-0.468088,-0.523374],[1.547185,0.481992,-0.295622]]},{"name":"bone14","parent":"bone04","initpos":[2.327069,-0.346725,1.194854],"initquaternion":[-0.123978,-0.208899,-0.49508,0.834197],"initscale":[0.999999,0.999999,0.999999],"offmtx":[[-0.123008,0.87336,0.471286,1.329803],[-0.990226,-0.13947,4e-06,-0.867398],[0.065735,-0.466679,0.88198,-0.972167]],"boundingbox":[[-0.131494,-0.447531,-0.538484],[1.498294,0.477235,-0.18961]]},{"name":"bone15","parent":"bone04","initpos":[2.327071,-0.346724,-1.233857],"initquaternion":[0.834197,-0.49508,-0.208899,-0.123978],"initscale":[0.999999,0.999999,0.999999],"offmtx":[[-0.123013,0.87336,-0.471284,0.402653],[0.990226,0.13947,-6e-06,0.867395],[0.065724,-0.466678,-0.881981,-2.707272]],"boundingbox":[[-0.048511,-0.47722,-0.383179],[1.581276,0.447547,-0.034314]]},{"name":"bone16","parent":"bone04","initpos":[0.341595,-0.325262,-1.256075],"initquaternion":[0.919375,-0.344196,-0.178376,-0.066781],"initscale":[0.999999,0.999999,1.0],"offmtx":[[-0.197766,0.906113,-0.373961,1.635328],[0.977001,0.213235,-6e-06,-0.667935],[0.079735,-0.365361,-0.927444,-3.0533]],"boundingbox":[[-0.007718,-0.481978,-0.360083],[1.613021,0.468101,-0.13234]]},{"name":"bone17","parent":"bone01","initpos":[10.156816,0.902197,-0.973625],"initquaternion":[-2e-06,-1e-06,-0.762232,0.647303],"initscale":[1.0,1.0,1.0],"offmtx":[[0.988858,-0.148859,-5e-06,1.643191],[0.148859,0.988857,-1e-06,-2.95329],[5e-06,1.7518826211926353e-07,1.0,0.973624]],"boundingbox":[[0.003532,-0.935363,-0.998591],[3.263856,0.731424,0.814282]]},{"name":"bone18","parent":"bone17","initpos":[2.812104,2.384185791015625e-07,-0.0],"initquaternion":[0.0,0.0,-0.318634,0.947877],"initscale":[0.999999,0.999999,1.0],"offmtx":[[0.917371,-0.398032,-5e-06,-0.370531],[0.398032,0.917371,-2e-06,-3.154518],[5e-06,1.751881484324258e-07,1.0,0.973624]],"boundingbox":[[-0.072119,-0.884818,-0.264643],[3.952497,0.915424,0.056619]]},{"name":"bone19","parent":"bone17","initpos":[0.251325,0.037832,-0.038937],"initquaternion":[0.0,-3.2027926977207244e-07,0.98293,-0.183977],"initscale":[1.0,1.0,1.0],"offmtx":[[-0.975755,-0.218861,5e-06,-0.215831],[0.218861,-0.975755,-1e-06,3.29204],[6e-06,-4.118332412872405e-07,1.0,1.012567]],"boundingbox":[[-0.011673,-0.842756,-0.964032],[1.626703,0.789644,0.850702]]},{"name":"bone20","parent":"bone19","initpos":[1.300966,0.349497,1.26134],"initquaternion":[0.30449,-0.015051,0.952396,-0.000353],"initscale":[0.999999,0.999999,0.999999],"offmtx":[[0.879147,0.152385,0.451529,1.368055],[-0.170787,0.985307,8.866191478773544e-07,-2.864687],[-0.444895,-0.077116,0.892256,-0.971141]],"boundingbox":[[-0.240905,-0.447218,-0.385694],[1.264166,0.252706,-0.038166]]},{"name":"bone21","parent":"bone19","initpos":[0.97239,-0.159036,1.27672],"initquaternion":[-0.135457,-0.072871,-0.843156,0.515196],"initscale":[0.999999,0.999999,0.999999],"offmtx":[[0.201501,0.929955,0.307537,-2.585121],[-0.97868,0.203901,0.024666,-2.514016],[-0.039768,-0.305951,0.951216,0.623268]],"boundingbox":[[-0.157327,-0.384882,-0.501937],[1.551477,0.387091,0.045273]]},{"name":"bone22","parent":"bone19","initpos":[0.947394,-0.783444,0.798083],"initquaternion":[2.3e-05,-3.8e-05,-0.85004,0.526716],"initscale":[1.0,1.0,1.0],"offmtx":[[0.19201,0.981392,-9.126027293859806e-07,-3.263624],[-0.981392,0.19201,5e-06,-2.70396],[5e-06,-1.0952417284215699e-07,1.0,0.214476]],"boundingbox":[[0.044523,-0.03274,-0.83958],[1.010265,0.004488,0.135816]]},{"name":"bone23","parent":"bone19","initpos":[1.300967,0.349499,-1.203503],"initquaternion":[0.023315,0.951067,-0.007551,0.308008],"initscale":[0.999999,0.999999,0.999999],"offmtx":[[0.879141,0.152385,-0.451539,0.479759],[0.170787,-0.985307,-1e-06,2.864686],[-0.444905,-0.077116,-0.892251,-2.726459]],"boundingbox":[[-0.161386,-0.252704,-0.233498],[1.204565,0.44722,-0.151062]]},{"name":"bone24","parent":"bone19","initpos":[0.97239,-0.159036,-1.218879],"initquaternion":[-0.515196,0.843156,0.072871,0.135456],"initscale":[1.0,0.999999,0.999999],"offmtx":[[0.201498,0.929956,-0.307539,-3.190136],[0.97868,-0.203901,0.024655,2.562532],[-0.039779,-0.30595,-0.951216,-1.248046]],"boundingbox":[[-0.10339,-0.385258,-0.339143],[1.511101,0.381987,-0.075604]]},{"name":"bone25","parent":"bone19","initpos":[0.947396,-0.783433,-0.740241],"initquaternion":[-0.526717,0.85004,-3.8e-05,2.3e-05],"initscale":[1.0,1.0,0.999999],"offmtx":[[0.19201,0.981392,-6.741827291989466e-07,-3.263624],[0.981392,-0.19201,-6e-06,2.703958],[-6e-06,5.891869250262971e-07,-1.0,-1.752811]],"boundingbox":[[0.044627,-0.007104,-0.663491],[1.010391,0.028181,0.311902]]},{"name":"bone26","parent":"bone17","initpos":[0.397587,-0.48265,1.239982],"initquaternion":[-0.068604,-0.153878,-0.401379,0.900282],"initscale":[1.0,1.0,1.0],"offmtx":[[0.383843,-0.861595,0.332138,2.507884],[0.913453,0.406943,-5e-06,-0.280488],[-0.135157,0.303395,0.94323,-1.165494]],"boundingbox":[[-0.119968,-0.443088,-0.470607],[1.4983,0.508946,-0.235409]]},{"name":"bone27","parent":"bone17","initpos":[2.391725,-0.496104,1.293448],"initquaternion":[-0.10596,-0.185706,-0.48412,0.848476],"initscale":[0.999999,1.0,0.999999],"offmtx":[[0.340698,-0.842274,0.417729,1.442314],[0.927032,0.374979,-5e-06,-1.894616],[-0.156635,0.38725,0.908571,-1.015139]],"boundingbox":[[-0.199584,-0.471686,-0.549709],[1.421149,0.438185,-0.167444]]},{"name":"bone28","parent":"bone17","initpos":[0.397586,-0.482649,-1.260018],"initquaternion":[0.900282,-0.40138,-0.153878,-0.068605],"initscale":[0.999999,0.999999,0.999999],"offmtx":[[0.383839,-0.861595,-0.332143,1.854469],[-0.913453,-0.406943,4e-06,0.280486],[-0.135167,0.303395,-0.943228,-3.021096]],"boundingbox":[[-0.061482,-0.508959,-0.304535],[1.556788,0.443074,-0.069331]]},{"name":"bone29","parent":"bone17","initpos":[2.391724,-0.496102,-1.313484],"initquaternion":[0.848476,-0.48412,-0.185707,-0.10596],"initscale":[0.999999,0.999999,0.999999],"offmtx":[[0.340693,-0.842274,-0.417733,0.620517],[-0.927032,-0.374979,4e-06,1.894614],[-0.156645,0.387251,-0.908569,-2.802558]],"boundingbox":[[-0.126035,-0.438199,-0.38976],[1.494697,0.471671,-0.00749]]}],"boundingbox":[[-8.169761,-7.792061,-2.812294],[8.887893,8.636757,5.329909]]}