{"skeleton":[{"name":"root","parent":"root","initpos":[0.0,0.0,-0.0],"initquaternion":[0.707106,0.0,0.0,0.707106],"initscale":[1.0,0.999999,0.999999],"offmtx":[[1.0,0.0,0.0,0.0],[0.0,1.0,0.0,0.0],[0.0,0.0,1.0,0.0]],"boundingbox":[[0.0,0.0,0.0],[0.0,0.0,0.0]]},{"name":"Bone001","parent":"root","initpos":[-0.0,5.935185,-19.70358],"initquaternion":[-0.496139,0.503831,-0.496139,0.50383],"initscale":[0.999999,0.999999,0.999999],"offmtx":[[0.0,0.015382,-0.999881,5.63139],[-0.0,0.999881,0.015382,-19.792549],[1.0,0.0,0.0,-9.304085892836156e-07]],"boundingbox":[[-1.659148,-4.138234,-5.003855],[12.975847,4.320873,4.971775]]},{"name":"Bone002","parent":"Bone001","initpos":[10.744211,-1.67572,-0.0],"initquaternion":[-0.0,-0.0,0.385688,0.922628],"initscale":[1.0,1.0,1.0],"offmtx":[[-0.0,0.722417,-0.691457,-16.485363],[-1.7086260584164847e-07,0.691457,0.722417,-9.088083],[1.0,1.351264842242017e-07,1.0717962339867881e-07,-2e-06]],"boundingbox":[[-0.219645,-2.170289,-2.688756],[8.221009,2.887588,2.752497]]},{"name":"Bone003","parent":"Bone002","initpos":[6.362524,0.0,-0.0],"initquaternion":[0.0,-0.0,0.554662,0.832075],"initscale":[0.999999,0.999999,1.0],"offmtx":[[-0.0,0.916157,0.400818,-17.178249],[-0.0,-0.400818,0.916157,17.593385],[1.0,-0.0,0.0,5.85857833357295e-07]],"boundingbox":[[-0.831664,-2.162719,-1.809279],[4.694798,1.593896,1.818222]]},{"name":"Bone004","parent":"Bone003","initpos":[4.587017,1e-06,0.0],"initquaternion":[0.0,0.0,-0.204746,0.978814],"initscale":[1.0,1.0,1.0],"offmtx":[[1.491770973416351e-07,0.999999,0.0,-26.992158],[-0.0,0.0,0.999999,7.394381],[1.0,-1.4917712576334452e-07,0.0,4e-06]],"boundingbox":[[-0.723823,-1.353648,-1.377991],[3.810551,1.366977,1.342636]]},{"name":"Bone005","parent":"Bone004","initpos":[3.874107,9.5367431640625e-07,-1.1428141988290008e-07],"initquaternion":[0.0,0.0,-0.265422,0.964132],"initscale":[0.999999,0.999999,1.0],"offmtx":[[0.0,0.859101,-0.511804,-30.30175],[-0.0,0.511804,0.859101,-9.444981],[1.0,-0.0,0.0,7.001394806138705e-07]],"boundingbox":[[-0.800006,-0.961136,-0.903841],[3.758766,0.914493,0.909909]]},{"name":"Bone006","parent":"Bone005","initpos":[3.787946,1.339464,-0.0],"initquaternion":[-0.0,0.0,-0.703441,0.710753],"initscale":[0.999999,0.999999,1.0],"offmtx":[[0.0,-0.502893,-0.864348,10.431336],[-2.4532081965844554e-07,0.864348,-0.502893,-34.199401],[1.0,2.298213956919426e-07,-0.0,-8e-06]],"boundingbox":[[-3.583406,-2.655846,-1.775876],[4.186242,2.255778,1.696252]]},{"name":"Bone007","parent":"Bone006","initpos":[4.178246,0.0,5.88381226407364e-07],"initquaternion":[0.0,-0.0,0.088968,0.996034],"initscale":[0.999999,0.999999,1.0],"offmtx":[[1.7330118851077714e-07,-0.341743,-0.939793,0.092912],[-2.4770287154751713e-07,0.939793,-0.341743,-34.76625],[1.0,2.920139365869545e-07,0.0,-9e-06]],"boundingbox":[[-0.223237,-1.611944,-0.461388],[2.620119,0.957215,0.399674]]},{"name":"Bone010","parent":"Bone006","initpos":[2.523761,2.27787,0.0],"initquaternion":[1.5244941664604994e-07,-0.0,0.98381,0.179212],"initscale":[1.0,1.0,1.0],"offmtx":[[2.06253645274046e-07,0.775379,0.631495,-20.26235],[1.296738787459617e-07,-0.631495,0.775379,31.345779],[1.0,-0.0,-2.3079475397480564e-07,6.715608833474107e-07]],"boundingbox":[[0.548063,-0.012005,-1.122721],[2.720617,0.04692,1.049188]]},{"name":"Bone011","parent":"Bone010","initpos":[2.808687,-3e-06,-2.889669588057586e-07],"initquaternion":[-1.0966498820152992e-07,0.0,-0.125395,0.992106],"initscale":[0.999999,0.999999,1.0],"offmtx":[[1.6750318820868415e-07,0.908118,0.418713,-30.14468],[-0.0,-0.418713,0.908118,24.619699],[1.0,-1.7060335721907904e-07,-0.0,6e-06]],"boundingbox":[[0.095931,-0.035643,-2.550791],[4.152132,0.064688,2.55931]]},{"name":"Bone012","parent":"Bone006","initpos":[2.522679,2.048381,1.025749],"initquaternion":[-0.001326,0.991995,-0.000169,-0.126265],"initscale":[0.999999,1.0,1.0],"offmtx":[[0.25051,0.484618,0.838086,-7.819565],[-4.172324565843155e-07,0.86569,-0.500579,-36.268802],[-0.968113,0.125399,0.216864,-0.96385]],"boundingbox":[[0.123125,-0.313279,-0.631025],[5.25468,0.353674,0.841035]]},{"name":"Bone013","parent":"Bone012","initpos":[5.068107,0.0,-0.0],"initquaternion":[-0.0,-0.0,0.094341,0.995539],"initscale":[0.999999,0.999999,0.999999],"offmtx":[[0.24605,0.638604,0.729139,-19.471044],[-0.047056,0.759249,-0.649096,-33.202369],[-0.968114,0.125399,0.216864,-0.963849]],"boundingbox":[[-0.026148,-0.108961,-0.618037],[3.987152,0.4629,1.069115]]},{"name":"Bone014","parent":"Bone006","initpos":[2.522679,2.048385,-0.965579],"initquaternion":[-0.126265,-0.000169,0.991995,-0.001326],"initscale":[0.999999,1.0,0.999999],"offmtx":[[-0.25051,0.484618,0.838086,-7.804497],[-3.874302478834579e-07,-0.86569,0.500579,36.268802],[0.968113,0.1254,0.216864,-1.022102]],"boundingbox":[[0.136064,-0.353671,-0.681026],[5.267621,0.31328,0.791034]]},{"name":"Bone015","parent":"Bone014","initpos":[5.068106,-3e-06,4.76837158203125e-07],"initquaternion":[-0.0,-1.1496891971773948e-07,-0.094341,0.995539],"initscale":[1.0,1.0,1.0],"offmtx":[[-0.24605,0.638604,0.729139,-19.456233],[-0.047056,-0.759249,0.649096,33.2052],[0.968114,0.125399,0.216864,-1.022097]],"boundingbox":[[-0.013442,-0.46046,-0.668037],[3.999856,0.111401,1.019112]]},{"name":"Bone016","parent":"Bone006","initpos":[2.198177,0.808082,-1.567722],"initquaternion":[-0.686712,-0.042412,0.725237,0.025647],"initscale":[1.0,1.0,1.0],"offmtx":[[-0.993883,0.110431,0.0,-5.356875],[-0.096743,-0.870687,0.482228,34.857116],[0.053253,0.479279,0.876045,-7.214682]],"boundingbox":[[0.0414,-0.560099,-1.288905],[1.324573,0.240582,2.033826]]},{"name":"Bone017","parent":"Bone006","initpos":[2.198179,0.808078,1.346081],"initquaternion":[-0.025647,-0.725237,0.042412,0.686712],"initscale":[0.999999,0.999999,1.0],"offmtx":[[0.993883,0.110432,-0.0,-5.136624],[-0.096743,0.870687,-0.482228,-34.878551],[-0.053253,0.479279,0.876045,-7.226492]],"boundingbox":[[0.18778,-0.254316,-1.296751],[1.470953,0.545853,2.025637]]},{"name":"Bone018","parent":"Bone003","initpos":[0.101802,-0.918779,-0.0],"initquaternion":[0.0,-1.5472078018774482e-07,0.98266,-0.185415],"initscale":[1.0,1.0,1.0],"offmtx":[[0.0,-0.707106,-0.707107,9.346082],[-2.7812291136797285e-07,0.707107,-0.707106,-23.536167],[1.0,2.1564451913036464e-07,-1.7768064708434395e-07,-6e-06]],"boundingbox":[[-0.010543,-0.439693,-2.688756],[2.379678,0.847097,2.752497]]},{"name":"Bone019","parent":"Bone018","initpos":[2.365352,-0.000122,2.7247463663115923e-07],"initquaternion":[2.1961193397146417e-07,-0.0,-0.38928,0.921119],"initscale":[0.999999,0.999999,1.0],"offmtx":[[2.1816373418914736e-07,-0.999897,0.014301,21.743846],[3.0225629643609864e-07,-0.014301,-0.999897,-11.39655],[1.0,2.2246420883220708e-07,2.991051530898403e-07,-1e-06]],"boundingbox":[[0.013137,-0.272167,-4.203271],[5.146589,0.19012,4.248281]]},{"name":"Bone020","parent":"Bone001","initpos":[-1.690234,0.892904,-0.0],"initquaternion":[0.0,-0.0,0.999774,-0.021259],"initscale":[0.999999,0.999999,1.0],"offmtx":[[0.0,-0.057873,0.998323,-6.435675],[-1.3053747238700453e-07,-0.998323,-0.057873,20.977996],[1.0,-1.2590285791702627e-07,-0.0,3e-06]],"boundingbox":[[-0.245911,-2.689397,-4.106223],[4.59577,3.005157,4.055656]]},{"name":"Bone021","parent":"Bone020","initpos":[3.223612,-1.447898,-0.246004],"initquaternion":[-0.706807,0.02058,-0.020359,0.706813],"initscale":[0.999999,0.999999,0.999999],"offmtx":[[-0.000311,-0.0,1.0,-10.941036],[-0.999999,1.6964619931059133e-07,-0.000311,-0.242595],[-1.6962069082637754e-07,-1.0,-0.0,21.829294]],"boundingbox":[[0.204051,-1.007585,-0.038086],[12.810552,0.810095,-0.027387]]},{"name":"Bone022","parent":"Bone021","initpos":[12.634726,1e-06,-0.0],"initquaternion":[0.0,0.0,-0.0022,0.999997],"initscale":[1.0,0.999999,1.0],"offmtx":[[0.004089,-0.0,0.999991,-23.57446],[-0.999991,1.692838367262084e-07,0.004089,-0.346357],[-1.6963284110715904e-07,-0.999999,-0.0,21.82929]],"boundingbox":[[5.703807,-0.984185,-0.038087],[5.711223,0.82955,-0.027389]]},{"name":"Bone023","parent":"Bone022","initpos":[5.982849,-0.0,-1.1e-05],"initquaternion":[0.0,0.0,-0.000767,0.999999],"initscale":[1.0,0.999999,1.0],"offmtx":[[0.005625,-0.0,0.999983,-29.556735],[-0.999984,1.691563369377036e-07,0.005625,-0.391749],[-1.6963713278528303e-07,-0.999999,-0.0,21.829301]],"boundingbox":[[-0.286867,-2.133151,-0.038076],[14.239665,2.071063,-0.027377]]},{"name":"Bone024","parent":"Bone020","initpos":[3.130907,-1.442527,1.704084],"initquaternion":[-0.704116,-0.064959,-0.1056,0.699177],"initscale":[0.999999,0.999999,0.999999],"offmtx":[[0.239546,-1.1211594141968817e-07,0.970884,-10.94046],[-0.970884,1.4552023230862687e-07,0.239546,-0.944152],[-1.6814037451240438e-07,-0.999999,-0.0,21.829292]],"boundingbox":[[0.187102,-0.576733,-0.037222],[12.905997,0.763052,-0.026508]]},{"name":"Bone025","parent":"Bone024","initpos":[12.634352,2.384185791015625e-07,-0.0],"initquaternion":[0.0,0.0,-0.008032,0.999967],"initscale":[0.999999,0.999999,1.0],"offmtx":[[0.255112,-1.1443923852993976e-07,0.966911,-23.556606],[-0.966911,1.4370036183208867e-07,0.255112,-1.322758],[-1.6814041714496852e-07,-1.0,-0.0,21.829294]],"boundingbox":[[0.256992,-1.193857,-0.037207],[11.700431,1.039571,-0.026486]]},{"name":"Bone026","parent":"Bone025","initpos":[11.808916,-3e-06,-1e-06],"initquaternion":[1.738084733915457e-07,0.0,0.004375,0.99999],"initscale":[0.999999,0.999999,1.0],"offmtx":[[0.246641,-1.1317735726379397e-07,0.969106,-35.37574],[-0.969106,-2.0285548885112803e-07,0.246641,-1.013215],[1.6867443264345638e-07,-1.0,-1.5971350819654617e-07,21.829296]],"boundingbox":[[-0.138084,-2.108829,-0.037145],[5.12989,1.801717,-0.026444]]},{"name":"Bone027","parent":"Bone020","initpos":[3.391187,-1.457614,-1.589193],"initquaternion":[-0.698112,0.112424,0.071833,0.703448],"initscale":[0.999999,0.999999,0.999999],"offmtx":[[-0.258465,-0.0,0.96602,-11.142094],[-0.96602,1.8742856866538204e-07,-0.258465,1.336052],[-1.6613556397260254e-07,-1.0,-1.0422385088304509e-07,21.829294]],"boundingbox":[[-0.028785,-0.588844,-0.037221],[12.671401,0.503312,-0.026507]]},{"name":"Bone028","parent":"Bone027","initpos":[12.70736,1.1920928955078125e-07,-1e-06],"initquaternion":[0.0,0.0,-0.004097,0.999991],"initscale":[0.999999,0.999999,1.0],"offmtx":[[-0.250541,-0.0,0.968105,-23.859601],[-0.968105,1.8694913705985527e-07,-0.250541,1.140578],[-1.6613559239431197e-07,-1.0,-1.0422385798847245e-07,21.829298]],"boundingbox":[[-0.045454,-1.109167,-0.037204],[11.407991,1.178222,-0.026482]]},{"name":"Bone029","parent":"Bone028","initpos":[12.294601,-9.5367431640625e-07,3e-06],"initquaternion":[0.0,0.0,0.0,1.0],"initscale":[0.999999,1.0,1.0],"offmtx":[[-0.250541,-0.0,0.968105,-36.154197],[-0.968105,-1e-06,-0.250541,1.140614],[1e-06,-0.999999,2.986670892823895e-07,21.829292]],"boundingbox":[[-0.912643,-1.816405,-0.037146],[4.342639,2.076932,-0.02644]]},{"name":"Bone030","parent":"Bone020","initpos":[3.224009,-1.448932,2.419269],"initquaternion":[0.001225,-0.129165,-0.254623,0.958374],"initscale":[0.999999,1.0,1.0],"offmtx":[[0.246952,0.439109,0.863826,-19.634836],[0.068126,-0.897098,0.436546,14.64267],[0.966629,-0.048956,-0.251456,1.481489]],"boundingbox":[[1.307822,-0.47871,-1.559111],[12.23906,0.416816,1.263441]]},{"name":"Bone031","parent":"Bone020","initpos":[4.396941,-2.075031,-1e-06],"initquaternion":[-0.0,0.0,-0.334875,0.942262],"initscale":[1.0,1.0,1.0],"offmtx":[[1.4156780991925189e-07,0.58513,0.810938,-22.951379],[-2.2795335041791986e-07,-0.810938,0.58513,11.046341],[1.0,-2.6769191663333913e-07,0.0,7e-06]],"boundingbox":[[-1.394165,-0.569597,-2.83686],[14.029733,0.252689,2.604392]]},{"name":"Bone032","parent":"Bone020","initpos":[3.22401,-1.448932,-2.744335],"initquaternion":[0.958374,-0.254623,-0.129165,0.001226],"initscale":[0.999999,0.999999,0.999999],"offmtx":[[-0.246952,0.439109,0.863826,-19.715112],[0.068127,0.897098,-0.436546,-14.620531],[-0.966629,-0.048956,-0.251456,1.167262]],"boundingbox":[[1.227546,-0.394671,-1.873328],[12.158785,0.500853,0.949224]]},{"name":"Bone033","parent":"Bone001","initpos":[4.879216,-0.057178,2.377],"initquaternion":[-0.700493,0.713658,1.3e-05,-1.2e-05],"initscale":[1.0,0.999999,0.999999],"offmtx":[[-0.0,-0.999994,0.003235,19.717941],[3.6e-05,0.003235,0.999994,-1.119556],[-1.0,1.6328027641066e-07,3.6e-05,2.376958]],"boundingbox":[[-0.167607,-3.150384,-2.244703],[8.281678,2.330218,2.289864]]},{"name":"Bone034","parent":"Bone033","initpos":[6.733522,-3e-06,-2.384185791015625e-07],"initquaternion":[1.8e-05,-7.179881436059077e-07,-0.074039,0.997255],"initscale":[0.999999,0.999999,1.0],"offmtx":[[-4e-06,-0.989508,-0.144471,13.007386],[-0.0,-0.144471,0.989508,0.810241],[-1.0,4e-06,5.131321358931018e-07,2.376945]],"boundingbox":[[-1.160094,-1.81444,-1.510853],[3.902787,1.802961,1.683937]]},{"name":"Bone035","parent":"Bone034","initpos":[3.465551,-1e-06,-9.5367431640625e-07],"initquaternion":[-0.0,0.0,-0.043035,0.999073],"initscale":[0.999999,1.0,1.0],"offmtx":[[-4e-06,-0.97342,-0.229025,9.436816],[-3.724782686731487e-07,-0.229025,0.97342,1.62776],[-1.0,4e-06,5.782077323601698e-07,2.376947]],"boundingbox":[[-0.186879,-0.62744,-0.511586],[7.999012,0.529726,0.395322]]},{"name":"Bone036","parent":"Bone035","initpos":[8.350337,1e-06,-9.5367431640625e-07],"initquaternion":[0.0,2.420504756628361e-07,-0.612088,0.790789],"initscale":[0.999999,0.999999,1.0],"offmtx":[[-1.9236901493968617e-07,-0.022319,-0.99975,-1.303405],[-3e-06,-0.99975,0.022319,1.459853],[-1.0,3e-06,1.0538212080746234e-07,2.376948]],"boundingbox":[[-3.330339,-2.783255,-1.969278],[5.264819,1.402646,1.146184]]},{"name":"Bone038","parent":"Bone001","initpos":[4.879215,-0.057182,-2.376667],"initquaternion":[1.2e-05,-1.3e-05,-0.713658,0.700493],"initscale":[1.0,1.0,1.0],"offmtx":[[0.0,-0.999994,0.003235,19.717941],[3.6e-05,-0.003235,-0.999994,1.119557],[1.0,1.625021326390197e-07,3.6e-05,2.376625]],"boundingbox":[[-0.16761,-2.330227,-2.245048],[8.281678,3.150397,2.289542]]},{"name":"Bone039","parent":"Bone038","initpos":[6.733525,3e-06,-0.0],"initquaternion":[-1.8e-05,-6.41597409867245e-07,0.074038,0.997255],"initscale":[0.999999,0.999999,1.0],"offmtx":[[4e-06,-0.989509,-0.14447,13.007383],[-2.801911023198045e-07,0.14447,-0.989509,-0.810235],[1.0,4e-06,3.058900119867758e-07,2.376614]],"boundingbox":[[-1.160098,-1.802958,-1.511186],[3.902784,1.814442,1.683603]]},{"name":"Bone040","parent":"Bone039","initpos":[3.465548,2e-06,-0.0],"initquaternion":[0.0,0.0,0.043035,0.999073],"initscale":[0.999999,0.999999,1.0],"offmtx":[[3e-06,-0.97342,-0.229025,9.436816],[-6.262546321522677e-07,0.229025,-0.97342,-1.627756],[1.0,4e-06,3.0588557820010465e-07,2.376614]],"boundingbox":[[-0.18688,-0.529724,-0.511919],[7.999012,0.627445,0.394989]]},{"name":"Bone041","parent":"Bone040","initpos":[8.350338,7.152557373046875e-07,-4.76837158203125e-07],"initquaternion":[0.0,0.0,0.612088,0.790789],"initscale":[1.0,1.0,1.0],"offmtx":[[3.9585449940204853e-07,-0.02232,-0.99975,-1.303401],[-4e-06,0.99975,-0.02232,-1.459851],[1.0,4e-06,3.058790127852262e-07,2.376614]],"boundingbox":[[-3.330337,-1.402645,-1.969612],[5.264821,2.783256,1.145849]]},{"name":"Bone043","parent":"Bone001","initpos":[5.706356,1.110591,-4.482126],"initquaternion":[0.562828,0.607013,-0.436859,0.352011],"initscale":[0.999999,1.0,0.999999],"offmtx":[[-0.919105,0.37386,0.12439,-11.964584],[-0.134115,-1.0430811414607888e-07,-0.990965,-0.356762],[-0.370482,-0.927484,0.05014,17.713212]],"boundingbox":[[0.025579,-3.960182,-1.013138],[11.121024,1.727739,0.651182]]},{"name":"Bone044","parent":"Bone043","initpos":[8.522832,8.046627044677734e-07,-1e-06],"initquaternion":[0.023774,-0.166807,0.123165,0.977977],"initscale":[0.999999,0.999999,0.999999],"offmtx":[[-0.994364,0.033672,-0.100522,-12.925851],[0.096808,-0.098049,-0.990461,4.848362],[-0.043207,-0.994611,0.094237,23.303115]],"boundingbox":[[0.082024,-5.925447,-1.233581],[13.064559,1.981018,1.253503]]},{"name":"Bone045","parent":"Bone044","initpos":[10.162171,7e-06,1e-06],"initquaternion":[0.084437,-0.218554,-0.18486,0.954426],"initscale":[0.999999,0.999999,0.999999],"offmtx":[[-0.88582,-0.317518,0.338386,-12.199874],[-0.235827,-0.31999,-0.9176,2.791856],[0.399635,-0.892629,0.208574,30.707759]],"boundingbox":[[-0.94399,-7.243557,-0.603772],[17.40357,4.740883,2.060884]]},{"name":"Bone046","parent":"Bone044","initpos":[5.725388,-2.025728,0.405261],"initquaternion":[-0.025478,-0.045221,-0.663662,0.746229],"initscale":[0.999999,0.999999,0.999999],"offmtx":[[-0.214407,0.0,0.976743,-6.618253],[-0.976744,-2.2529272314386617e-07,-0.214407,-17.203315],[2.041785904793869e-07,-1.0,1.2062281484759296e-07,24.076505]],"boundingbox":[[-0.386433,-6.177051,-0.263314],[8.869113,4.560583,0.177987]]},{"name":"Bone047","parent":"Bone043","initpos":[5.770986,-1.439721,0.135753],"initquaternion":[-0.02299,0.016249,-0.699049,0.714518],"initscale":[0.999999,0.999999,0.999999],"offmtx":[[0.110431,1.1175869474300271e-07,0.993883,-1.318356],[-0.899779,0.424738,0.099975,-18.657451],[-0.42214,-0.905316,0.046904,16.578651]],"boundingbox":[[-0.423432,0.826516,-0.476476],[6.098262,3.188179,0.263821]]},{"name":"Bone048","parent":"Bone001","initpos":[5.706355,1.110595,4.482],"initquaternion":[0.352011,-0.436859,0.607013,0.562828],"initscale":[0.999999,1.0,0.999999],"offmtx":[[0.919105,0.37386,0.12439,-11.96447],[-0.134115,0.0,0.990965,0.356745],[0.370482,-0.927484,0.05014,17.713262]],"boundingbox":[[0.025694,-1.727757,-1.013084],[11.121137,3.960164,0.651234]]},{"name":"Bone049","parent":"Bone048","initpos":[5.770984,1.43972,0.135751],"initquaternion":[0.02299,0.016249,0.699049,0.714518],"initscale":[0.999999,0.999999,0.999999],"offmtx":[[-0.110431,-0.0,0.993883,-1.318366],[-0.899778,-0.424738,-0.099975,18.657346],[0.42214,-0.905316,0.046904,16.578706]],"boundingbox":[[-0.423448,-3.188289,-0.476417],[6.098247,-0.826625,0.263882]]},{"name":"Bone050","parent":"Bone048","initpos":[8.522834,-6.854534149169922e-07,-5e-06],"initquaternion":[-0.023774,-0.166807,-0.123165,0.977977],"initscale":[0.999999,0.999999,0.999999],"offmtx":[[0.994364,0.033672,-0.100522,-12.925733],[0.096807,0.098049,0.990461,-4.84835],[0.043207,-0.994611,0.094237,23.303131]],"boundingbox":[[0.082145,-1.981013,-1.233565],[13.064684,5.925454,1.253519]]},{"name":"Bone051","parent":"Bone050","initpos":[5.725388,2.025726,0.405269],"initquaternion":[0.025478,-0.045221,0.663662,0.746229],"initscale":[0.999999,0.999999,0.999999],"offmtx":[[0.214408,0.0,0.976744,-6.618231],[-0.976744,0.0,0.214408,17.203195],[-0.0,-0.999999,0.0,24.076505]],"boundingbox":[[-0.386409,-4.560703,-0.26331],[8.869141,6.176929,0.177992]]},{"name":"Bone052","parent":"Bone050","initpos":[10.162173,-1e-05,3e-06],"initquaternion":[-0.084437,-0.218554,0.18486,0.954427],"initscale":[1.0,0.999999,1.0],"offmtx":[[0.885819,-0.317517,0.338386,-12.19977],[-0.235827,0.31999,0.9176,-2.791885],[-0.399635,-0.892629,0.208574,30.707721]],"boundingbox":[[-0.943883,-4.740914,-0.60381],[17.403671,7.243522,2.06085]]},{"name":"Bind","parent":"Bone001","initpos":[3.943874,4.247468,-0.0],"initquaternion":[-0.50383,-0.496139,0.496139,0.503831],"initscale":[0.999999,0.999999,0.999999],"offmtx":[[1.678433250162925e-07,0.999999,0.0,-24.011215],[-1.0,1.678433108054378e-07,-0.0,-4e-06],[-0.0,0.0,0.999999,-2.057114]],"boundingbox":[[-0.010843,-4.971775,5.4768],[-0.010843,-4.971775,5.4768]]}],"boundingbox":[[-38.214389,0.084393,-14.429741],[38.214385,41.461788,43.792842]]}