{"skeleton":[{"name":"root","parent":"root","initpos":[0.0,0.0,-0.0],"initquaternion":[0.707106,0.0,0.0,0.707106],"initscale":[1.0,0.999999,0.999999],"offmtx":[[1.0,0.0,0.0,0.0],[0.0,1.0,0.0,0.0],[0.0,0.0,1.0,0.0]],"boundingbox":[[0.0,0.0,0.0],[0.0,0.0,0.0]]},{"name":"Bone004","parent":"root","initpos":[0.0,-9.4942100758999e-07,-28.469202],"initquaternion":[-0.499999,0.5,0.499999,0.5],"initscale":[1.0,1.0,1.0],"offmtx":[[3.1391647326017846e-07,0.999999,0.0,-28.469202],[-1.0,3.1391644483846903e-07,3e-06,-8e-06],[3e-06,-0.0,0.999999,9.494536357124161e-07]],"boundingbox":[[-3.375451,-7.768315,-7.778579],[5.986296,7.753012,6.511427]]},{"name":"Bone007","parent":"Bone004","initpos":[3.545148,1.7e-05,4.496406],"initquaternion":[0.706453,-0.030354,0.030354,0.706456],"initscale":[0.999999,0.999999,1.0],"offmtx":[[0.0,0.996314,0.085776,-32.282043],[-5.507919240699266e-07,-0.085776,0.996314,-1.733754],[1.0,-0.0,5.487210046339897e-07,-1e-06]],"boundingbox":[[0.040993,-1.656291,-1.113585],[3.413053,1.678599,1.118616]]},{"name":"Bone009","parent":"Bone007","initpos":[2.596748,-0.75163,-0.0],"initquaternion":[4.3052688170064357e-07,-0.0,-0.048024,0.998846],"initscale":[1.0,1.0,1.0],"offmtx":[[1.4073989973439893e-07,0.999948,-0.010204,-34.623687],[3.180496435106761e-07,0.010204,0.999948,-4.323818],[1.0,-1.4397798508980486e-07,-3.1659689625485044e-07,5e-06]],"boundingbox":[[-0.026609,-1.69963,-1.075385],[2.193732,0.754559,1.080315]]},{"name":"Bone017","parent":"Bone009","initpos":[0.969516,-0.428922,1.108356],"initquaternion":[0.999993,0.003617,-0.0,-1.9470593315418228e-07],"initscale":[0.999999,0.999999,0.999999],"offmtx":[[1.4303756756817165e-07,0.999995,-0.002968,-35.620456],[-4.6802875885987305e-07,-0.002968,-0.999995,3.637243],[-1.0,1.4442618123666762e-07,4.6760200689277553e-07,1.10835]],"boundingbox":[[0.080458,-0.410721,0.01484],[0.971795,0.414214,0.014841]]},{"name":"Bone016","parent":"Bone009","initpos":[0.975746,-0.440748,-1.061889],"initquaternion":[-0.0,-0.0,0.013722,0.999905],"initscale":[1.0,1.0,1.0],"offmtx":[[2.3683737992996612e-07,0.999851,0.017239,-35.692584],[2.2664067955702194e-07,-0.017239,0.999851,-2.904703],[1.0,-2.328949193497465e-07,-2.3068997734299046e-07,1.061897]],"boundingbox":[[0.068613,-0.419136,-0.021595],[0.971557,0.418365,-0.021595]]},{"name":"Bone013","parent":"Bone007","initpos":[2.729034,-0.567989,-1.346691],"initquaternion":[1.885313025695723e-07,-3.7762009696962195e-07,0.93028,0.366849],"initscale":[1.0,1.0,1.0],"offmtx":[[2.515442076855834e-07,-0.786696,0.61734,24.791933],[-1.6204313624257338e-07,-0.61734,-0.786696,24.74863],[1.0,0.0,-2.827670471106103e-07,1.346688]],"boundingbox":[[-0.195352,-0.883602,-0.224994],[2.428981,1.025341,0.245806]]},{"name":"Bone015","parent":"Bone007","initpos":[2.688735,-0.564285,1.36499],"initquaternion":[0.366239,0.93052,4.893191203336755e-07,-0.0],"initscale":[0.999999,0.999999,1.0],"offmtx":[[0.0,-0.787505,0.616307,24.789438],[3.9996857026380894e-07,0.616307,0.787505,-24.689048],[-1.0,1.7134206586888467e-07,3.737994234143116e-07,1.364983]],"boundingbox":[[-0.229063,-0.996348,-0.217725],[2.393065,0.910521,0.253175]]},{"name":"Bone011","parent":"Bone007","initpos":[1.27845,1.600871,3e-06],"initquaternion":[-1.7945173169664486e-07,-6.442035669351753e-07,0.843454,0.5372],"initscale":[1.0,1.0,1.0],"offmtx":[[0.0,-0.818491,0.574518,23.571027],[-8.578085726185236e-07,-0.574518,-0.818491,24.121225],[1.0,-4.640929205379507e-07,-7.22278059583914e-07,1.6e-05]],"boundingbox":[[-0.099871,-0.184838,-1.113587],[2.6744,0.145057,1.118613]]},{"name":"Bone019","parent":"Bone007","initpos":[-0.034538,-0.027073,0.741119],"initquaternion":[0.746044,-0.665896,-0.0,-3.040223077732662e-07],"initscale":[0.999999,0.999999,0.999999],"offmtx":[[0.0,0.197972,-0.980207,-1.953545],[-0.0,-0.980207,-0.197972,32.233493],[-1.0,1.0132688288422287e-07,-0.0,0.741116]],"boundingbox":[[0.012385,-0.086664,-0.383351],[0.93557,-0.081068,0.359276]]},{"name":"Bone018","parent":"Bone007","initpos":[-0.017097,-0.036935,-0.793943],"initquaternion":[1.591798621802809e-07,1.774971991608254e-07,-0.667648,0.744476],"initscale":[0.999999,0.999999,1.0],"offmtx":[[0.0,0.193361,-0.981127,-1.813665],[-0.0,0.981127,0.193361,-32.258586],[1.0,0.0,0.0,0.793941]],"boundingbox":[[0.000281,0.069195,-0.30662],[0.923481,0.070452,0.436007]]}],"boundingbox":[[-7.752999,25.09375,-7.778601],[7.7683,36.846462,7.886197]]}