{"skeleton":[{"name":"root","parent":"root","initpos":[0.0,0.0,-0.0],"initquaternion":[0.707106,0.0,0.0,0.707106],"initscale":[1.0,0.999999,0.999999],"offmtx":[[1.0,0.0,0.0,0.0],[0.0,1.0,0.0,0.0],[0.0,0.0,1.0,0.0]],"boundingbox":[[0.0,0.0,0.0],[0.0,0.0,0.0]]},{"name":"Bone001","parent":"root","initpos":[0.0,-5.209381,-8.284809],"initquaternion":[0.495489,0.50447,0.495489,0.50447],"initscale":[0.999999,0.999999,0.999999],"offmtx":[[-1.6289440907257813e-07,0.017961,0.999838,5.059733],[-0.0,-0.999838,0.017961,8.37704],[1.0,-0.0,1.6313487094521406e-07,9.486112730883178e-07]],"boundingbox":[[-0.118457,-3.168188,-4.009778],[8.023946,4.974214,3.990225]]},{"name":"Bone002","parent":"Bone001","initpos":[7.894776,1e-06,3.45036141879973e-07],"initquaternion":[0.0,-1.4923523394827498e-07,0.00558,0.999984],"initscale":[0.999999,0.999999,1.0],"offmtx":[[1.3542512533604167e-07,0.006802,0.999976,-2.741379],[-0.0,-0.999976,0.006802,8.408157],[1.0,-0.0,-1.3533330900372675e-07,1e-06]],"boundingbox":[[0.045436,-2.54013,-3.009332],[7.092893,4.507324,2.990668]]},{"name":"Bone003","parent":"Bone002","initpos":[6.948334,-1e-06,0.0],"initquaternion":[0.0,0.0,-0.022751,0.999741],"initscale":[1.0,1.0,1.0],"offmtx":[[1.35877783691285e-07,0.052284,0.998632,-10.06217],[-0.0,-0.998632,0.052284,7.958664],[1.0,-0.0,-1.353333516362909e-07,1e-06]],"boundingbox":[[-0.020501,-14.236579,-0.049581],[21.891897,8.836528,0.050428]]},{"name":"bind","parent":"Bone002","initpos":[3.26278,-4.150318,0.318631],"initquaternion":[0.504618,-0.495335,0.50124,-0.498759],"initscale":[1.0,0.999999,1.0],"offmtx":[[0.011763,0.99993,-1.6013103731893352e-07,-12.601901],[-0.99993,0.011763,4e-06,0.170367],[4e-06,1.0244541215342906e-07,0.999999,-5.918596]],"boundingbox":[[-1.600163,-2.691061,-3.158689],[-1.600163,-2.691061,-3.158689]]},{"name":"Bone008","parent":"Bone001","initpos":[3.879517,2.596851,4.449982],"initquaternion":[-0.679771,-0.194707,-0.182466,0.683158],"initscale":[1.0,0.999999,0.999999],"offmtx":[[0.514103,-0.0,0.857728,-1.186558],[-0.857728,0.0,0.514103,4.476903],[-0.0,-1.0,-0.0,5.758057]],"boundingbox":[[-0.063897,0.014336,-2.687088],[15.936252,0.141555,4.312911]]},{"name":"Bone007","parent":"Bone001","initpos":[3.77521,3.244222,-4.461241],"initquaternion":[-0.684772,0.176312,0.188583,0.681495],"initscale":[0.999999,0.999999,0.999999],"offmtx":[[-0.498585,-0.0,0.86684,-1.031098],[-0.86684,0.0,-0.498585,-4.553493],[-0.0,-1.0,-0.0,5.108917]],"boundingbox":[[0.01156,-0.198647,-3.336227],[16.010429,0.216466,3.663772]]},{"name":"Bone004","parent":"Bone001","initpos":[-0.095366,0.045559,-0.0],"initquaternion":[0.0,-0.0,0.999811,-0.019395],"initscale":[0.999999,0.999999,1.0],"offmtx":[[1.6334779218141193e-07,0.020828,-0.999783,-5.474341],[-0.0,0.999783,0.020828,-8.125282],[1.0,0.0,1.6422795567905268e-07,5.221780838837731e-07]],"boundingbox":[[-0.172851,-5.425074,-6.007279],[7.013094,3.718774,5.992723]]},{"name":"Bone005","parent":"Bone004","initpos":[6.807729,0.000166,-0.0],"initquaternion":[0.0,0.0,0.00117,0.999999],"initscale":[0.999999,0.999999,1.0],"offmtx":[[0.0,0.023168,-0.999731,-12.301057],[0.0,0.999731,0.023168,-8.09668],[1.0,-0.0,0.0,2.3578326135975658e-07]],"boundingbox":[[0.066373,-3.487294,-2.50213],[2.181682,1.557701,2.49787]]},{"name":"Bone006","parent":"Bone004","initpos":[2.72511,3.725365,0.0],"initquaternion":[2.5275173243244353e-07,0.0,0.711041,0.70315],"initscale":[1.0,1.0,1.0],"offmtx":[[2.8006149932480184e-07,0.999488,0.031984,-11.758408],[2.2656985265712137e-07,-0.031984,0.999488,8.331187],[1.0,-2.726714569689648e-07,-2.3541157645468047e-07,1e-06]],"boundingbox":[[-0.173529,-4.366619,-0.045165],[6.047292,2.725752,0.054838]]}],"boundingbox":[[-12.630474,0.574527,-14.25624],[12.630479,23.574527,31.763563]]}