{
  "skeleton": [
    {
      "name": "root",
      "parent": "root",
      "initpos": [
        0,
        0,
        0
      ],
      "initquaternion": [
        0.707106,
        0,
        0,
        0.707106
      ],
      "initscale": [
        1,
        0.999999,
        0.999999
      ],
      "offmtx": [
        [
          1,
          0,
          0,
          0
        ],
        [
          0,
          1,
          0,
          0
        ],
        [
          0,
          0,
          1,
          0
        ]
      ],
      "boundingbox": [
        [
          0,
          0,
          0
        ],
        [
          0,
          0,
          0
        ]
      ]
    },
    {
      "name": "bone_01",
      "parent": "root",
      "initpos": [
        0,
        11.56152,
        -13.429872
      ],
      "initquaternion": [
        0.50389,
        -0.496078,
        0.50389,
        -0.496078
      ],
      "initscale": [
        0.999999,
        0.999999,
        1
      ],
      "offmtx": [
        [
          -1.629008323789094e-7,
          -0.015623,
          -0.999877,
          11.769927
        ],
        [
          -2.8467530910347705e-7,
          0.999877,
          -0.015623,
          -13.247608
        ],
        [
          1,
          2.8209552738189814e-7,
          -1.6732846574996074e-7,
          -0.000001
        ]
      ],
      "boundingbox": [
        [
          -0.180103,
          -3.94955,
          -3.501708
        ],
        [
          5.944149,
          4.143214,
          3.498294
        ]
      ]
    },
    {
      "name": "bone_02",
      "parent": "bone_01",
      "initpos": [
        5.635517,
        0.000006,
        9.180435540656617e-7
      ],
      "initquaternion": [
        0,
        0,
        0.002957,
        0.999995
      ],
      "initscale": [
        1,
        1,
        1
      ],
      "offmtx": [
        [
          0,
          -0.009708,
          -0.999952,
          6.055948
        ],
        [
          -2.837068109329266e-7,
          0.999952,
          -0.009708,
          -13.283664
        ],
        [
          1,
          2.8368657467581215e-7,
          0,
          -0.000003
        ]
      ],
      "boundingbox": [
        [
          -0.057991,
          -4.154781,
          -4.501708
        ],
        [
          10.028923,
          4.941889,
          4.498293
        ]
      ]
    },
    {
      "name": "bone_03",
      "parent": "bone_02",
      "initpos": [
        9.069076,
        0.000076,
        0
      ],
      "initquaternion": [
        0,
        0,
        0.176198,
        0.984354
      ],
      "initscale": [
        0.999999,
        0.999999,
        1
      ],
      "offmtx": [
        [
          0,
          0.33776,
          -0.941232,
          -7.433942
        ],
        [
          -2.6584598344925325e-7,
          0.941232,
          0.33776,
          -11.413728
        ],
        [
          1,
          2.6255091256643937e-7,
          0,
          -0.000003
        ]
      ],
      "boundingbox": [
        [
          -0.728494,
          -7.046935,
          -6.028258
        ],
        [
          7.325772,
          4.980119,
          5.971745
        ]
      ]
    },
    {
      "name": "bone_04",
      "parent": "bone_03",
      "initpos": [
        6.159745,
        0.221587,
        0
      ],
      "initquaternion": [
        0,
        0,
        -0.197257,
        0.980351
      ],
      "initscale": [
        1,
        1,
        1
      ],
      "offmtx": [
        [
          0,
          -0.052558,
          -0.998617,
          -8.035692
        ],
        [
          -2.592742589513364e-7,
          0.998617,
          -0.052558,
          -15.987381
        ],
        [
          1,
          2.6255091256643937e-7,
          0,
          -0.000003
        ]
      ],
      "boundingbox": [
        [
          -0.693319,
          -3.586484,
          -3.501708
        ],
        [
          5.665889,
          3.719172,
          3.498293
        ]
      ]
    },
    {
      "name": "bone_05",
      "parent": "bone_04",
      "initpos": [
        5.025481,
        -0.00006,
        -3.208651833119802e-7
      ],
      "initquaternion": [
        0,
        0,
        -0.104568,
        0.994517
      ],
      "initscale": [
        0.999999,
        0.999999,
        1
      ],
      "offmtx": [
        [
          1.2157451578787004e-7,
          -0.259113,
          -0.965847,
          -9.450315
        ],
        [
          -2.3921947445160185e-7,
          0.965847,
          -0.259113,
          -18.354307
        ],
        [
          1,
          2.6255091256643937e-7,
          0,
          -0.000003
        ]
      ],
      "boundingbox": [
        [
          -0.828793,
          -3.921458,
          -5.331913
        ],
        [
          4.173653,
          4.098165,
          5.245832
        ]
      ]
    },
    {
      "name": "bone_06",
      "parent": "bone_05",
      "initpos": [
        3.501175,
        -0.839784,
        -3.407692474866053e-7
      ],
      "initquaternion": [
        0,
        0,
        -0.136417,
        0.990651
      ],
      "initscale": [
        1,
        1,
        1
      ],
      "offmtx": [
        [
          1.8170696591823798e-7,
          -0.510522,
          -0.859863,
          -7.735527
        ],
        [
          -1.9745600354781345e-7,
          0.859863,
          -0.510522,
          -20.363227
        ],
        [
          1,
          2.6255091256643937e-7,
          0,
          -0.000002
        ]
      ],
      "boundingbox": [
        [
          -0.237182,
          -3.014437,
          -2.454603
        ],
        [
          3.835684,
          3.033892,
          2.353485
        ]
      ]
    },
    {
      "name": "bone_07",
      "parent": "bone_05",
      "initpos": [
        2.10956,
        0.8463,
        5.163614
      ],
      "initquaternion": [
        -0.042146,
        0.923283,
        -0.015255,
        -0.381494
      ],
      "initscale": [
        1,
        0.999999,
        1
      ],
      "offmtx": [
        [
          0.705741,
          0.118845,
          0.69843,
          5.78063
        ],
        [
          0.003986,
          0.985147,
          -0.171662,
          -18.109834
        ],
        [
          -0.708458,
          0.123933,
          0.694785,
          12.945083
        ]
      ],
      "boundingbox": [
        [
          0.132503,
          -1.620221,
          -0.249566
        ],
        [
          3.662371,
          1.568731,
          0.501283
        ]
      ]
    },
    {
      "name": "bone_08",
      "parent": "bone_05",
      "initpos": [
        2.109556,
        0.846302,
        -5.166178
      ],
      "initquaternion": [
        -0.381494,
        -0.015255,
        0.923283,
        -0.042146
      ],
      "initscale": [
        0.999999,
        0.999999,
        0.999999
      ],
      "offmtx": [
        [
          -0.705741,
          0.118845,
          0.69843,
          5.778825
        ],
        [
          0.003986,
          -0.985148,
          0.171661,
          18.109836
        ],
        [
          0.708458,
          0.123932,
          0.694785,
          12.946907
        ]
      ],
      "boundingbox": [
        [
          0.204265,
          -1.569139,
          -0.321613
        ],
        [
          3.734136,
          1.619814,
          0.429239
        ]
      ]
    },
    {
      "name": "bone_09",
      "parent": "bone_05",
      "initpos": [
        -0.202661,
        2.884918,
        -4.160876
      ],
      "initquaternion": [
        -0.577234,
        -0.408412,
        0.663345,
        0.244894
      ],
      "initscale": [
        1,
        1,
        1
      ],
      "offmtx": [
        [
          -0.565775,
          0.824559,
          2.4028119582908403e-7,
          -17.293193
        ],
        [
          -0.824559,
          -0.565775,
          1.2631556955966516e-7,
          6.819633
        ],
        [
          2.4009986532291805e-7,
          -1.2665984172599565e-7,
          0.999999,
          14.435183
        ]
      ],
      "boundingbox": [
        [
          0.028391,
          -1.723829,
          -0.898153
        ],
        [
          3.056845,
          1.390965,
          0.466272
        ]
      ]
    },
    {
      "name": "bone_10",
      "parent": "bone_05",
      "initpos": [
        -0.20266,
        2.88492,
        4.030048
      ],
      "initquaternion": [
        -0.244894,
        -0.663345,
        0.408412,
        0.577234
      ],
      "initscale": [
        0.999999,
        1,
        0.999999
      ],
      "offmtx": [
        [
          0.565775,
          0.824559,
          0,
          -17.219182
        ],
        [
          -0.824559,
          0.565775,
          -1.6355028265024885e-7,
          -6.927504
        ],
        [
          -1.7789967898806935e-7,
          0,
          1,
          14.435181
        ]
      ],
      "boundingbox": [
        [
          0.04987,
          -1.422275,
          -0.898155
        ],
        [
          3.078326,
          1.692521,
          0.46627
        ]
      ]
    },
    {
      "name": "bone_11",
      "parent": "bone_03",
      "initpos": [
        3.38266,
        -2.170595,
        5.50874
      ],
      "initquaternion": [
        -0.587751,
        0.809041,
        0,
        1.4596452047044295e-7
      ],
      "initscale": [
        1,
        1,
        0.999999
      ],
      "offmtx": [
        [
          0,
          -0.99954,
          -0.030289,
          12.133872
        ],
        [
          0,
          -0.030289,
          0.99954,
          7.429908
        ],
        [
          -1,
          0,
          0,
          5.50874
        ]
      ],
      "boundingbox": [
        [
          -0.211425,
          -3.111688,
          -1.681929
        ],
        [
          6.710619,
          2.7192,
          2.821171
        ]
      ]
    },
    {
      "name": "bone_12",
      "parent": "bone_11",
      "initpos": [
        6.166274,
        -0.000034,
        -9.5367431640625e-7
      ],
      "initquaternion": [
        0,
        0,
        -0.187664,
        0.982233
      ],
      "initscale": [
        0.999999,
        0.999999,
        1
      ],
      "offmtx": [
        [
          0,
          -0.91797,
          -0.396647,
          2.808138
        ],
        [
          0,
          -0.396647,
          0.91797,
          9.106626
        ],
        [
          -1,
          0,
          0,
          5.508741
        ]
      ],
      "boundingbox": [
        [
          -0.906233,
          -1.955442,
          -1.177814
        ],
        [
          5.611387,
          2.225301,
          1.822185
        ]
      ]
    },
    {
      "name": "bone_13",
      "parent": "bone_12",
      "initpos": [
        5.493444,
        -0.000004,
        0
      ],
      "initquaternion": [
        -1.2196244369988563e-7,
        0,
        -0.541191,
        0.840899
      ],
      "initscale": [
        0.999999,
        0.999999,
        1
      ],
      "offmtx": [
        [
          -1.7805642471557803e-7,
          -0.019227,
          -0.999814,
          -9.400945
        ],
        [
          2.2662284493435436e-7,
          -0.999815,
          0.019227,
          1.328087
        ],
        [
          -1,
          -2.2315741432521463e-7,
          1.8238084464883286e-7,
          5.508743
        ]
      ],
      "boundingbox": [
        [
          -3.161577,
          -1.824581,
          -2.225052
        ],
        [
          3.167647,
          1.12716,
          2.215808
        ]
      ]
    },
    {
      "name": "bone_14",
      "parent": "bone_11",
      "initpos": [
        2.179896,
        0.195172,
        -1.249683
      ],
      "initquaternion": [
        -0.197161,
        0.082609,
        0.883697,
        0.416391
      ],
      "initscale": [
        0.999999,
        0.999999,
        0.999999
      ],
      "offmtx": [
        [
          0.417258,
          0.553923,
          0.720461,
          -3.459869
        ],
        [
          0.018189,
          0.787522,
          -0.616017,
          -12.399837
        ],
        [
          -0.908606,
          0.270142,
          0.318524,
          5.601133
        ]
      ],
      "boundingbox": [
        [
          0.287847,
          -2.020393,
          -0.732421
        ],
        [
          6.423361,
          2.077361,
          0.014738
        ]
      ]
    },
    {
      "name": "bone_15",
      "parent": "bone_03",
      "initpos": [
        3.382662,
        -2.170592,
        -5.480029
      ],
      "initquaternion": [
        -6.725239813931694e-7,
        9.25731228562654e-7,
        -0.809041,
        0.587751
      ],
      "initscale": [
        1,
        1,
        1
      ],
      "offmtx": [
        [
          2.64109644376731e-7,
          -0.999541,
          -0.030289,
          12.133877
        ],
        [
          -0.000002,
          0.030289,
          -0.999541,
          -7.429916
        ],
        [
          1,
          3.318203880553483e-7,
          -0.000002,
          5.480008
        ]
      ],
      "boundingbox": [
        [
          -0.211424,
          -2.719202,
          -1.710649
        ],
        [
          6.710621,
          3.111694,
          2.792465
        ]
      ]
    },
    {
      "name": "bone_16",
      "parent": "bone_15",
      "initpos": [
        6.166275,
        0.000034,
        -4.76837158203125e-7
      ],
      "initquaternion": [
        0.000001,
        -2.0139765410931432e-7,
        0.187665,
        0.982233
      ],
      "initscale": [
        1,
        1,
        1
      ],
      "offmtx": [
        [
          1.944006555731903e-7,
          -0.91797,
          -0.396647,
          2.808139
        ],
        [
          -2.717418396969151e-7,
          0.396647,
          -0.91797,
          -9.106628
        ],
        [
          1,
          2.8623989578591136e-7,
          -1.7234253846254433e-7,
          5.480024
        ]
      ],
      "boundingbox": [
        [
          -0.906233,
          -2.225301,
          -1.20653
        ],
        [
          5.611387,
          1.955443,
          1.793472
        ]
      ]
    },
    {
      "name": "bone_17",
      "parent": "bone_16",
      "initpos": [
        5.493447,
        0.000003,
        -9.5367431640625e-7
      ],
      "initquaternion": [
        0,
        0,
        0.541191,
        0.840899
      ],
      "initscale": [
        0.999999,
        0.999999,
        1
      ],
      "offmtx": [
        [
          0,
          -0.019227,
          -0.999815,
          -9.400947
        ],
        [
          -2.895007185088616e-7,
          0.999815,
          -0.019227,
          -1.328088
        ],
        [
          1,
          2.895431521210412e-7,
          0,
          5.480025
        ]
      ],
      "boundingbox": [
        [
          -3.161573,
          -1.127158,
          -2.253767
        ],
        [
          3.16765,
          1.824584,
          2.187093
        ]
      ]
    },
    {
      "name": "bone_18",
      "parent": "bone_15",
      "initpos": [
        2.179896,
        -0.195169,
        -1.280958
      ],
      "initquaternion": [
        -0.197161,
        -0.08261,
        0.883697,
        -0.41639
      ],
      "initscale": [
        0.999999,
        0.999999,
        0.999999
      ],
      "offmtx": [
        [
          -0.417258,
          0.553923,
          0.720461,
          -3.460935
        ],
        [
          0.018189,
          -0.787522,
          0.616016,
          12.399882
        ],
        [
          0.908606,
          0.270142,
          0.318524,
          5.603463
        ]
      ],
      "boundingbox": [
        [
          0.286777,
          -2.077312,
          -0.730096
        ],
        [
          6.42229,
          2.020441,
          0.017065
        ]
      ]
    },
    {
      "name": "Bind",
      "parent": "bone_02",
      "initpos": [
        4.4946,
        4.876194,
        0.000001
      ],
      "initquaternion": [
        0.497569,
        0.502424,
        -0.502418,
        -0.497564
      ],
      "initscale": [
        0.999999,
        1,
        0.999999
      ],
      "offmtx": [
        [
          0,
          0.999999,
          0,
          -18.174161
        ],
        [
          -1,
          0,
          -0.00001,
          0.000013
        ],
        [
          -0.00001,
          0,
          0.999999,
          -1.38496
        ]
      ],
      "boundingbox": [
        [
          0.012805,
          4.50166,
          4.552724
        ],
        [
          0.012805,
          4.50166,
          4.552724
        ]
      ]
    },
    {
      "name": "bone_19",
      "parent": "bone_01",
      "initpos": [
        0.149634,
        2.851063,
        0
      ],
      "initquaternion": [
        0,
        0,
        0.995304,
        -0.096793
      ],
      "initscale": [
        0.999999,
        0.999999,
        1
      ],
      "offmtx": [
        [
          2.146992983398377e-7,
          -0.177324,
          0.984152,
          -8.30068
        ],
        [
          0,
          -0.984152,
          -0.177324,
          18.035999
        ],
        [
          1,
          1.1002087063616273e-7,
          -1.9833291275972442e-7,
          0.000001
        ]
      ],
      "boundingbox": [
        [
          0.034259,
          -1.178905,
          -0.988783
        ],
        [
          5.041702,
          0.839754,
          1.011218
        ]
      ]
    },
    {
      "name": "bone_20",
      "parent": "bone_19",
      "initpos": [
        4.965171,
        0,
        0
      ],
      "initquaternion": [
        0,
        0,
        -0.142679,
        0.989768
      ],
      "initscale": [
        0.999999,
        0.999999,
        1
      ],
      "offmtx": [
        [
          1.8530930390170397e-7,
          0.107858,
          0.994166,
          -17.819805
        ],
        [
          1.3077088567570172e-7,
          -0.994166,
          0.107858,
          13.55487
        ],
        [
          1,
          1.1002087063616273e-7,
          -1.9833294118143385e-7,
          0.000001
        ]
      ],
      "boundingbox": [
        [
          -0.100929,
          -1.186892,
          -1.014418
        ],
        [
          4.939586,
          0.916678,
          0.985582
        ]
      ]
    },
    {
      "name": "bone_21",
      "parent": "bone_20",
      "initpos": [
        4.693758,
        0,
        0
      ],
      "initquaternion": [
        0,
        0,
        -0.289146,
        0.957284
      ],
      "initscale": [
        0.999999,
        0.999999,
        1
      ],
      "offmtx": [
        [
          0,
          0.640184,
          0.768221,
          -26.252895
        ],
        [
          2.114901320737772e-7,
          -0.768221,
          0.640184,
          -1.174972
        ],
        [
          1,
          1.100208919524448e-7,
          -1.9833296960314328e-7,
          0.000001
        ]
      ],
      "boundingbox": [
        [
          -0.198585,
          -1.046607,
          -0.980972
        ],
        [
          5.808166,
          0.97373,
          1.019028
        ]
      ]
    },
    {
      "name": "bone_22",
      "parent": "bone_01",
      "initpos": [
        0.992175,
        0.619997,
        5.508738
      ],
      "initquaternion": [
        0.844753,
        -0.535155,
        3.2245503689409816e-7,
        -5.906821343160118e-7
      ],
      "initscale": [
        0.999999,
        0.999999,
        0.999999
      ],
      "offmtx": [
        [
          1.0037184949851508e-7,
          -0.910712,
          -0.41304,
          17.142827
        ],
        [
          -0.000001,
          -0.41304,
          0.910712,
          -3.820188
        ],
        [
          -1,
          3.883804708948446e-7,
          -0.000001,
          5.508745
        ]
      ],
      "boundingbox": [
        [
          -0.247261,
          -3.208181,
          -1.759737
        ],
        [
          8.189098,
          3.387365,
          3.24027
        ]
      ]
    },
    {
      "name": "bone_23",
      "parent": "bone_22",
      "initpos": [
        6.492697,
        0.757121,
        -9.5367431640625e-7
      ],
      "initquaternion": [
        -6.369058382915682e-7,
        1.6662718849147495e-7,
        0.499498,
        0.866314
      ],
      "initscale": [
        1,
        1,
        1
      ],
      "offmtx": [
        [
          0,
          -0.813733,
          0.581237,
          1.37433
        ],
        [
          2.4812288756947964e-7,
          0.581237,
          0.813733,
          -11.510358
        ],
        [
          -1,
          1.453137628004697e-7,
          2.0112354093271279e-7,
          5.508737
        ]
      ],
      "boundingbox": [
        [
          -0.14266,
          -1.317928,
          -1.657047
        ],
        [
          4.885272,
          1.728847,
          1.342953
        ]
      ]
    },
    {
      "name": "bone_24",
      "parent": "bone_23",
      "initpos": [
        3.748888,
        0.000001,
        -4.76837158203125e-7
      ],
      "initquaternion": [
        2.518899009373854e-7,
        0,
        -0.54091,
        0.84108
      ],
      "initscale": [
        0.999999,
        0.999999,
        1
      ],
      "offmtx": [
        [
          0,
          -0.866429,
          -0.499298,
          9.488209
        ],
        [
          -2.8771006554961787e-7,
          -0.499298,
          0.866429,
          -6.935468
        ],
        [
          -1,
          0,
          -2.9896898467995925e-7,
          5.508743
        ]
      ],
      "boundingbox": [
        [
          0.212585,
          -1.904939,
          -1.623494
        ],
        [
          4.215011,
          1.098297,
          1.376506
        ]
      ]
    },
    {
      "name": "bone_25",
      "parent": "bone_24",
      "initpos": [
        4.239426,
        4.76837158203125e-7,
        4.76837158203125e-7
      ],
      "initquaternion": [
        -1.9660232908336184e-7,
        -1.6072851849457948e-7,
        -0.508982,
        0.860776
      ],
      "initscale": [
        0.999999,
        0.999999,
        1
      ],
      "offmtx": [
        [
          -1.76779636262836e-7,
          0.019995,
          -0.9998,
          8.606395
        ],
        [
          1.2340595390014641e-7,
          -0.9998,
          -0.019995,
          1.25717
        ],
        [
          -1,
          -1.2691609185822017e-7,
          1.7427669263270218e-7,
          5.508737
        ]
      ],
      "boundingbox": [
        [
          -2.898368,
          -1.966792,
          -2.338122
        ],
        [
          3.123378,
          1.091351,
          2.109925
        ]
      ]
    },
    {
      "name": "bone_26",
      "parent": "bone_01",
      "initpos": [
        0.992189,
        0.620005,
        -5.480029
      ],
      "initquaternion": [
        -2.911716876496939e-7,
        1.844584716081954e-7,
        -0.535155,
        0.844753
      ],
      "initscale": [
        0.999999,
        0.999999,
        1
      ],
      "offmtx": [
        [
          1.8779462607199093e-7,
          -0.910712,
          -0.41304,
          17.142826
        ],
        [
          -9.582695383869577e-7,
          0.41304,
          -0.910712,
          3.820177
        ],
        [
          1,
          5.668307494488545e-7,
          -7.95141488652007e-7,
          5.480029
        ]
      ],
      "boundingbox": [
        [
          -0.247262,
          -3.387376,
          -1.788449
        ],
        [
          8.189097,
          3.208166,
          3.211558
        ]
      ]
    },
    {
      "name": "bone_27",
      "parent": "bone_26",
      "initpos": [
        6.492699,
        -0.757122,
        -4.76837158203125e-7
      ],
      "initquaternion": [
        3.3061539284062746e-7,
        0,
        -0.499498,
        0.866314
      ],
      "initscale": [
        0.999999,
        0.999999,
        1
      ],
      "offmtx": [
        [
          4.465787526442e-7,
          -0.813733,
          0.581238,
          1.374334
        ],
        [
          1.5926751473216427e-7,
          -0.581238,
          -0.813733,
          11.510351
        ],
        [
          1,
          4.5596840436701314e-7,
          -1.299672192089929e-7,
          5.480025
        ]
      ],
      "boundingbox": [
        [
          -0.142654,
          -1.728857,
          -1.685761
        ],
        [
          4.885282,
          1.31792,
          1.314241
        ]
      ]
    },
    {
      "name": "bone_28",
      "parent": "bone_27",
      "initpos": [
        3.748888,
        9.5367431640625e-7,
        -4.76837158203125e-7
      ],
      "initquaternion": [
        2.0052908666912117e-7,
        1.2896310863652616e-7,
        0.54091,
        0.84108
      ],
      "initscale": [
        1,
        1,
        1
      ],
      "offmtx": [
        [
          3.359564857419173e-7,
          -0.866429,
          -0.499298,
          9.488204
        ],
        [
          1.3656530484240648e-7,
          0.499298,
          -0.866429,
          6.935462
        ],
        [
          1,
          2.2289596302016434e-7,
          2.8606686441889906e-7,
          5.480021
        ]
      ],
      "boundingbox": [
        [
          0.212579,
          -1.0983,
          -1.65221
        ],
        [
          4.215009,
          1.90493,
          1.347791
        ]
      ]
    },
    {
      "name": "bone_29",
      "parent": "bone_28",
      "initpos": [
        4.239424,
        9.5367431640625e-7,
        9.5367431640625e-7
      ],
      "initquaternion": [
        0,
        0,
        0.508982,
        0.860776
      ],
      "initscale": [
        0.999999,
        0.999999,
        1
      ],
      "offmtx": [
        [
          2.8155290010545286e-7,
          0.019995,
          -0.999799,
          8.606382
        ],
        [
          -3.3726144010870485e-7,
          0.999799,
          0.019995,
          -1.257174
        ],
        [
          1,
          3.315642516099615e-7,
          2.882403293824609e-7,
          5.480021
        ]
      ],
      "boundingbox": [
        [
          -2.89838,
          -1.091355,
          -2.409499
        ],
        [
          3.123371,
          1.966788,
          2.081211
        ]
      ]
    }
  ],
  "boundingbox": [
    [
      -9.840841,
      0.055354,
      -21.831529
    ],
    [
      9.84084,
      21.60156,
      25.992507
    ]
  ]
}
